0 0.422149 0.465848 0.422149 0.466616 0.423246 0.466616
0 0.394737 0.460476 0.394737 0.461243 0.395833 0.462011 0.395833 0.460476
0 0.45943 0.451266 0.45943 0.452034 0.460526 0.452034
0 0.435307 0.444359 0.435307 0.445127 0.436404 0.445127
0 0.438596 0.421335 0.439693 0.422103 0.439693 0.421335
0 0.510965 0.397544 0.510965 0.398312 0.513158 0.399847 0.513158 0.398312 0.512061 0.397544
0 0.503289 0.396777 0.503289 0.397544 0.504386 0.397544
0 0.430921 0.38987 0.429825 0.390637 0.429825 0.391404 0.430921 0.391404
0 0.51864 0.38373 0.519737 0.384497 0.520833 0.384497 0.519737 0.38373
0 0.482456 0.38373 0.482456 0.384497 0.483553 0.384497 0.483553 0.38373
0 0.405702 0.379893 0.404605 0.38066 0.405702 0.381427 0.406798 0.38066 0.406798 0.379893
0 0.507675 0.363776 0.507675 0.364543 0.508772 0.365311 0.508772 0.363776
0 0.434211 0.363776 0.433114 0.364543 0.433114 0.365311 0.435307 0.365311 0.436404 0.364543 0.435307 0.363776
0 0.497807 0.331543 0.496711 0.33231 0.497807 0.33231
0 0.531798 0.330775 0.531798 0.331543 0.532895 0.331543 0.532895 0.330775
0 0.555921 0.300077 0.555921 0.300844 0.557018 0.300844 0.557018 0.300077
0 0.516447 0.281658 0.516447 0.282425 0.517544 0.281658
