0 0.368421 0.48043 0.368421 0.481197 0.369518 0.481197
0 0.461623 0.475058 0.461623 0.475825 0.462719 0.476592 0.462719 0.475058
0 0.422149 0.466616 0.422149 0.467383 0.423246 0.467383 0.423246 0.466616
0 0.376096 0.454336 0.373904 0.455871 0.373904 0.457406 0.375 0.456639 0.375 0.455871 0.376096 0.455104
0 0.45614 0.448964 0.457237 0.449731 0.457237 0.448964
0 0.435307 0.448196 0.4375 0.449731 0.4375 0.448964 0.436404 0.448196
0 0.491228 0.431312 0.491228 0.43208 0.492325 0.432847 0.492325 0.43208
0 0.439693 0.417498 0.439693 0.4198 0.440789 0.419033 0.440789 0.417498
0 0.41886 0.405986 0.41886 0.406754 0.417763 0.407521 0.417763 0.408289 0.41886 0.408289
0 0.358553 0.396009 0.357456 0.396777 0.357456 0.397544 0.358553 0.396777
0 0.501096 0.393707 0.502193 0.394474 0.502193 0.395242 0.503289 0.395242 0.503289 0.393707
0 0.428728 0.392939 0.428728 0.394474 0.429825 0.393707
0 0.376096 0.392939 0.376096 0.393707 0.377193 0.394474 0.378289 0.393707 0.378289 0.392939
0 0.486842 0.385265 0.486842 0.386032 0.487939 0.386032 0.489035 0.385265
0 0.405702 0.379125 0.405702 0.38066 0.406798 0.38066 0.406798 0.379125
0 0.514254 0.37452 0.513158 0.375288 0.513158 0.376055 0.514254 0.376823 0.514254 0.378358
0 0.510965 0.368381 0.510965 0.369148 0.512061 0.369148 0.512061 0.368381
0 0.433114 0.366078 0.433114 0.367613 0.435307 0.367613 0.435307 0.366078
0 0.453947 0.354566 0.453947 0.355334 0.455044 0.355334 0.455044 0.354566
0 0.51864 0.343822 0.51864 0.344589 0.519737 0.343822
0 0.601974 0.301612 0.60307 0.302379 0.604167 0.302379 0.604167 0.301612
0 0.591009 0.300844 0.591009 0.301612 0.592105 0.302379 0.594298 0.302379 0.594298 0.301612 0.592105 0.301612
0 0.552632 0.300077 0.552632 0.300844 0.553728 0.300844 0.553728 0.300077
0 0.532895 0.269378 0.532895 0.271681 0.533991 0.271681 0.533991 0.270913 0.535088 0.270146 0.535088 0.269378
0 0.54386 0.258634 0.54386 0.260169 0.544956 0.260169 0.544956 0.258634
