0 0.41557 0.495012 0.416667 0.495779 0.416667 0.495012
0 0.45943 0.469685 0.45943 0.47122 0.460526 0.47122 0.460526 0.470453
0 0.425439 0.464313 0.424342 0.465081 0.425439 0.465848 0.426535 0.465848 0.426535 0.465081
0 0.390351 0.462778 0.389254 0.463546 0.391447 0.463546
0 0.444079 0.449731 0.442982 0.450499 0.444079 0.450499 0.445175 0.449731
0 0.449561 0.448964 0.449561 0.449731 0.450658 0.450499 0.450658 0.452034 0.451754 0.452801 0.451754 0.454336 0.452851 0.455104 0.452851 0.455871 0.455044 0.457406 0.455044 0.458173 0.45614 0.458941 0.45614 0.459708 0.457237 0.459708 0.457237 0.458173 0.45614 0.457406 0.45614 0.456639 0.453947 0.455104 0.453947 0.454336 0.452851 0.453569 0.452851 0.452801 0.451754 0.452034 0.451754 0.448964
0 0.489035 0.42901 0.489035 0.430545 0.490132 0.430545 0.490132 0.429777
0 0.448465 0.407521 0.447368 0.408289 0.447368 0.409056 0.449561 0.409056 0.449561 0.407521
0 0.375 0.394474 0.373904 0.395242 0.375 0.396009 0.376096 0.396009 0.376096 0.395242
0 0.495614 0.393707 0.494518 0.394474 0.495614 0.395242 0.496711 0.395242 0.496711 0.394474
0 0.427632 0.392172 0.427632 0.394474 0.428728 0.394474 0.429825 0.393707 0.429825 0.392939 0.428728 0.392172
0 0.491228 0.3868 0.490132 0.387567 0.490132 0.388335 0.491228 0.389102 0.492325 0.388335 0.492325 0.387567
0 0.357456 0.38373 0.35636 0.384497 0.357456 0.384497
0 0.406798 0.38066 0.405702 0.381427 0.405702 0.382195 0.406798 0.382962 0.407895 0.382195 0.407895 0.381427
0 0.514254 0.368381 0.514254 0.369916 0.515351 0.369916 0.516447 0.369148 0.516447 0.368381
0 0.432018 0.367613 0.432018 0.369148 0.433114 0.369916 0.434211 0.369916 0.434211 0.367613
0 0.449561 0.357636 0.449561 0.358404 0.450658 0.358404 0.450658 0.357636
0 0.422149 0.352264 0.423246 0.353031 0.423246 0.356101 0.424342 0.356869 0.424342 0.357636 0.424342 0.354566 0.423246 0.353799 0.423246 0.353031
0 0.516447 0.344589 0.516447 0.345357 0.517544 0.345357
0 0.528509 0.33538 0.528509 0.336915 0.529605 0.336147
0 0.498904 0.333845 0.498904 0.334612 0.5 0.333845
0 0.587719 0.303147 0.587719 0.303914 0.589912 0.303914 0.589912 0.303147
0 0.551535 0.299309 0.550439 0.300077 0.551535 0.300844 0.552632 0.300077
0 0.467105 0.296239 0.467105 0.297007 0.468202 0.297007 0.468202 0.296239
0 0.536184 0.278588 0.535088 0.279355 0.535088 0.280123 0.538377 0.282425 0.539474 0.281658 0.539474 0.280123 0.537281 0.278588
0 0.546053 0.251727 0.544956 0.252494 0.546053 0.252494
