0 0.322368 0.548734 0.322368 0.550269 0.323465 0.550269 0.323465 0.548734
0 0.346491 0.530315 0.345395 0.531082 0.345395 0.53185 0.346491 0.53185
0 0.373904 0.518035 0.373904 0.518803 0.375 0.518803 0.375 0.518035
0 0.405702 0.491174 0.404605 0.491942 0.405702 0.492709 0.406798 0.492709 0.406798 0.491942
0 0.337719 0.471988 0.337719 0.472755 0.338816 0.472755 0.338816 0.471988
0 0.383772 0.462778 0.383772 0.464313 0.388158 0.464313 0.387061 0.463546 0.384868 0.463546
0 0.430921 0.459708 0.430921 0.462011 0.432018 0.461243 0.432018 0.460476
0 0.445175 0.446662 0.445175 0.448196 0.446272 0.448964 0.446272 0.449731 0.447368 0.449731 0.447368 0.447429 0.446272 0.446662
0 0.445175 0.430545 0.445175 0.431312 0.446272 0.430545
0 0.487939 0.42901 0.487939 0.429777 0.489035 0.429777 0.489035 0.42901
0 0.451754 0.404451 0.450658 0.405219 0.450658 0.405986 0.451754 0.406754 0.451754 0.405986 0.452851 0.405219
0 0.45614 0.403684 0.457237 0.404451 0.45943 0.404451 0.458333 0.404451 0.457237 0.403684
0 0.373904 0.396777 0.372807 0.397544 0.373904 0.398312 0.375 0.398312 0.375 0.397544
0 0.491228 0.390637 0.490132 0.391404 0.490132 0.392939 0.492325 0.394474 0.493421 0.393707 0.492325 0.392939 0.492325 0.391404
0 0.35307 0.38987 0.351974 0.390637 0.350877 0.390637 0.350877 0.391404 0.35307 0.391404 0.354167 0.390637 0.354167 0.38987
0 0.358553 0.389102 0.358553 0.38987 0.359649 0.390637 0.360746 0.390637 0.360746 0.38987 0.359649 0.389102
0 0.434211 0.386032 0.432018 0.387567 0.432018 0.389102 0.433114 0.389102 0.433114 0.388335 0.434211 0.387567
0 0.405702 0.382195 0.404605 0.382962 0.404605 0.384497 0.405702 0.384497 0.406798 0.38373 0.406798 0.382962
0 0.554825 0.376823 0.554825 0.37759 0.555921 0.37759 0.557018 0.378358 0.557018 0.376823
0 0.432018 0.369148 0.430921 0.369916 0.430921 0.370683 0.432018 0.37145 0.433114 0.37145 0.433114 0.370683 0.434211 0.369916 0.433114 0.369148
0 0.516447 0.368381 0.516447 0.369916 0.517544 0.369916 0.517544 0.368381
0 0.448465 0.359939 0.447368 0.360706 0.448465 0.360706
0 0.541667 0.356869 0.54057 0.357636 0.539474 0.357636 0.539474 0.359171 0.54057 0.358404 0.541667 0.358404
0 0.526316 0.33845 0.526316 0.339217 0.527412 0.339217 0.527412 0.33845
0 0.501096 0.33538 0.501096 0.336147 0.503289 0.336147 0.502193 0.33538
0 0.585526 0.302379 0.585526 0.303914 0.587719 0.303914 0.587719 0.303147 0.586623 0.302379
0 0.54386 0.300844 0.542763 0.301612 0.542763 0.302379 0.544956 0.302379 0.546053 0.301612 0.547149 0.301612 0.547149 0.300844
0 0.471491 0.295472 0.470395 0.296239 0.471491 0.297007 0.472588 0.297007 0.473684 0.296239 0.472588 0.295472
0 0.618421 0.290867 0.618421 0.291635 0.619518 0.291635 0.619518 0.290867
0 0.538377 0.285495 0.538377 0.28703 0.54057 0.288565 0.541667 0.287797 0.541667 0.285495
0 0.571272 0.273983 0.570175 0.274751 0.570175 0.275518 0.571272 0.276285
