0 0.362939 0.548734 0.364035 0.549501 0.364035 0.548734
0 0.322368 0.543361 0.322368 0.544129 0.323465 0.544129 0.323465 0.543361
0 0.367325 0.52264 0.367325 0.523408 0.368421 0.523408 0.368421 0.52264
0 0.398026 0.492709 0.398026 0.493477 0.399123 0.493477 0.399123 0.492709
0 0.345395 0.481965 0.344298 0.482732 0.345395 0.4835 0.351974 0.4835 0.35307 0.482732 0.351974 0.481965
0 0.361842 0.478895 0.359649 0.48043 0.362939 0.48043 0.364035 0.479662 0.364035 0.478895
0 0.384868 0.464313 0.384868 0.465848 0.385965 0.465081 0.385965 0.464313
0 0.442982 0.445127 0.442982 0.447429 0.444079 0.448196 0.445175 0.448196 0.445175 0.445894 0.444079 0.445127
0 0.487939 0.433615 0.487939 0.436685 0.489035 0.437452 0.489035 0.438219 0.490132 0.438987 0.490132 0.437452 0.489035 0.436685 0.489035 0.434382
0 0.486842 0.427475 0.486842 0.428243 0.487939 0.428243
0 0.451754 0.400614 0.451754 0.402149 0.452851 0.402916 0.452851 0.401381
0 0.380482 0.393707 0.379386 0.394474 0.378289 0.394474 0.377193 0.395242 0.377193 0.396777 0.380482 0.396777 0.380482 0.396009 0.381579 0.395242 0.381579 0.393707
0 0.489035 0.392939 0.489035 0.395242 0.490132 0.396009 0.491228 0.395242 0.491228 0.392939
0 0.346491 0.389102 0.346491 0.38987 0.347588 0.390637 0.347588 0.38987
0 0.403509 0.386032 0.403509 0.387567 0.404605 0.387567 0.404605 0.386032
0 0.547149 0.37759 0.547149 0.378358 0.549342 0.378358 0.549342 0.37759
0 0.436404 0.376055 0.436404 0.378358 0.4375 0.379125 0.4375 0.379893 0.438596 0.379893 0.438596 0.376823 0.4375 0.376055
0 0.433114 0.370683 0.432018 0.37145 0.432018 0.372985 0.433114 0.373753 0.435307 0.373753 0.435307 0.372985 0.436404 0.372218 0.434211 0.370683
0 0.51864 0.368381 0.517544 0.369148 0.516447 0.369148 0.516447 0.370683 0.517544 0.370683 0.51864 0.369916
0 0.533991 0.364543 0.532895 0.365311 0.532895 0.366846 0.533991 0.366078 0.535088 0.366078 0.535088 0.364543
0 0.446272 0.363776 0.444079 0.365311 0.444079 0.366078 0.445175 0.366078 0.446272 0.365311
0 0.52193 0.340752 0.52193 0.34152 0.523026 0.34152 0.523026 0.340752
0 0.501096 0.337682 0.5 0.33845 0.501096 0.339217 0.502193 0.33845
0 0.607456 0.32924 0.60636 0.330008 0.607456 0.330008
0 0.487939 0.316961 0.487939 0.317728 0.489035 0.317728 0.489035 0.316961
0 0.535088 0.302379 0.533991 0.303147 0.532895 0.303147 0.531798 0.303914 0.530702 0.303914 0.529605 0.304682 0.529605 0.305449 0.528509 0.306216 0.532895 0.306216 0.536184 0.303914 0.536184 0.303147
0 0.487939 0.301612 0.487939 0.304682 0.489035 0.304682 0.489035 0.303914 0.490132 0.303147 0.489035 0.302379 0.489035 0.301612
0 0.586623 0.297774 0.585526 0.298542 0.585526 0.300077 0.586623 0.300844
0 0.611842 0.29317 0.611842 0.293937 0.612939 0.29317
0 0.566886 0.27782 0.565789 0.278588 0.566886 0.278588
0 0.604167 0.256332 0.60307 0.257099 0.60307 0.257866 0.604167 0.257866 0.605263 0.257099 0.605263 0.256332
0 0.578947 0.240215 0.578947 0.240982 0.580044 0.240982 0.58114 0.240215
0 0.575658 0.239447 0.576754 0.240215 0.576754 0.239447
