0 0.313596 0.574827 0.313596 0.575595 0.314693 0.575595
0 0.361842 0.545664 0.361842 0.546431 0.362939 0.546431
0 0.328947 0.537989 0.327851 0.538757 0.326754 0.538757 0.326754 0.540292 0.327851 0.540292 0.330044 0.538757 0.33114 0.538757 0.330044 0.537989
0 0.39364 0.531082 0.39364 0.53185 0.394737 0.53185 0.394737 0.531082
0 0.370614 0.52571 0.370614 0.526477 0.371711 0.527245 0.372807 0.527245
0 0.398026 0.499616 0.39693 0.500384 0.398026 0.501151 0.399123 0.501151 0.399123 0.499616
0 0.326754 0.496546 0.326754 0.497314 0.325658 0.498081 0.326754 0.498849 0.327851 0.498081 0.327851 0.496546
0 0.338816 0.4835 0.338816 0.485035 0.341009 0.485035 0.339912 0.484267 0.339912 0.4835
0 0.382675 0.466616 0.382675 0.46815 0.383772 0.468918 0.384868 0.468918 0.384868 0.467383 0.383772 0.466616
0 0.440789 0.445127 0.439693 0.445894 0.439693 0.448196 0.440789 0.448196 0.441886 0.448964 0.444079 0.448964 0.444079 0.446662 0.442982 0.445894 0.441886 0.445894
0 0.48136 0.425173 0.48136 0.426708 0.482456 0.427475 0.483553 0.427475 0.483553 0.42594 0.482456 0.425173
0 0.365132 0.424405 0.366228 0.425173 0.366228 0.424405
0 0.323465 0.412893 0.322368 0.413661 0.323465 0.413661
0 0.513158 0.406754 0.514254 0.407521 0.514254 0.406754
0 0.327851 0.401381 0.327851 0.402149 0.328947 0.402916 0.330044 0.402916
0 0.447368 0.395242 0.447368 0.397544 0.448465 0.398312 0.449561 0.398312 0.449561 0.396777
0 0.487939 0.392939 0.487939 0.396009 0.490132 0.396009 0.491228 0.395242 0.491228 0.394474 0.489035 0.392939
0 0.407895 0.388335 0.408991 0.389102 0.408991 0.38987 0.411184 0.38987 0.411184 0.388335
0 0.394737 0.382195 0.39364 0.382962 0.39364 0.38373 0.392544 0.384497 0.392544 0.385265 0.391447 0.386032 0.391447 0.388335 0.392544 0.387567 0.39364 0.387567 0.394737 0.3868 0.394737 0.385265 0.395833 0.384497 0.395833 0.38373 0.39693 0.382962 0.39693 0.382195
0 0.544956 0.376823 0.54386 0.37759 0.54386 0.378358 0.544956 0.379125 0.546053 0.378358 0.544956 0.37759
0 0.51864 0.369916 0.51864 0.37145 0.519737 0.37145 0.520833 0.370683 0.520833 0.369916
0 0.434211 0.369916 0.433114 0.370683 0.433114 0.372218 0.434211 0.372985 0.436404 0.372985 0.438596 0.37145 0.438596 0.370683 0.4375 0.370683 0.436404 0.369916
0 0.528509 0.366078 0.528509 0.366846 0.530702 0.366846 0.529605 0.366078
0 0.599781 0.350729 0.599781 0.352264 0.600877 0.351497
0 0.516447 0.343054 0.516447 0.343822 0.51864 0.343822 0.51864 0.343054
0 0.5 0.340752 0.5 0.34152 0.501096 0.34152 0.502193 0.340752
0 0.598684 0.33538 0.597588 0.336147 0.597588 0.336915 0.598684 0.336915 0.599781 0.336147 0.599781 0.33538
0 0.487939 0.314658 0.486842 0.315426 0.486842 0.319263 0.487939 0.319263 0.487939 0.318496 0.489035 0.317728 0.489035 0.314658
0 0.52193 0.310821 0.519737 0.312356 0.519737 0.313124 0.51864 0.313891 0.51864 0.314658 0.519737 0.315426 0.520833 0.315426 0.524123 0.313124 0.524123 0.311589 0.523026 0.310821
0 0.384868 0.306216 0.385965 0.306216 0.387061 0.306984 0.387061 0.306216
0 0.605263 0.294705 0.605263 0.295472 0.60636 0.295472 0.60636 0.294705
0 0.58114 0.28396 0.58114 0.287797 0.582237 0.288565 0.583333 0.287797 0.583333 0.28703 0.582237 0.286262 0.582237 0.284728
0 0.565789 0.28089 0.564693 0.281658 0.565789 0.281658
0 0.451754 0.262471 0.450658 0.263239 0.451754 0.263239
0 0.599781 0.260936 0.598684 0.261704 0.598684 0.262471 0.600877 0.262471 0.601974 0.261704 0.600877 0.260936
0 0.578947 0.242517 0.578947 0.244052 0.580044 0.244052 0.580044 0.243285
