0 0.327851 0.536454 0.327851 0.537222 0.328947 0.537989 0.330044 0.537989 0.330044 0.537222 0.328947 0.536454
0 0.299342 0.533384 0.299342 0.534152 0.300439 0.533384
0 0.384868 0.530315 0.385965 0.531082 0.387061 0.531082 0.387061 0.530315
0 0.376096 0.530315 0.377193 0.531082 0.377193 0.53185 0.378289 0.53185 0.378289 0.531082 0.377193 0.530315
0 0.395833 0.504221 0.395833 0.504988 0.39693 0.505756 0.398026 0.505756 0.398026 0.504988 0.39693 0.504221
0 0.469298 0.489639 0.470395 0.490407 0.470395 0.489639
0 0.33443 0.484267 0.333333 0.485035 0.332237 0.485035 0.332237 0.487337 0.333333 0.487337 0.33443 0.486569 0.335526 0.486569 0.335526 0.484267
0 0.380482 0.468918 0.378289 0.470453 0.379386 0.47122 0.381579 0.47122 0.381579 0.470453 0.380482 0.469685
0 0.502193 0.463546 0.502193 0.464313 0.504386 0.465848 0.503289 0.465081 0.503289 0.464313
0 0.421053 0.457406 0.421053 0.458173 0.422149 0.458173 0.422149 0.457406
0 0.436404 0.448964 0.435307 0.449731 0.434211 0.449731 0.434211 0.450499 0.433114 0.451266 0.433114 0.455104 0.432018 0.455871 0.426535 0.455871 0.427632 0.456639 0.432018 0.456639 0.434211 0.455104 0.434211 0.454336 0.436404 0.452801 0.438596 0.452801 0.439693 0.452034 0.439693 0.449731 0.4375 0.449731
0 0.358553 0.429777 0.357456 0.430545 0.358553 0.431312 0.360746 0.429777
0 0.48136 0.423638 0.480263 0.424405 0.48136 0.425173 0.482456 0.425173 0.482456 0.423638
0 0.330044 0.412126 0.330044 0.412893 0.33114 0.412893 0.33114 0.412126
0 0.509868 0.403684 0.510965 0.404451 0.510965 0.405219 0.510965 0.403684
0 0.485746 0.391404 0.485746 0.394474 0.486842 0.394474 0.489035 0.392939 0.489035 0.392172 0.487939 0.391404
0 0.444079 0.388335 0.442982 0.389102 0.442982 0.390637 0.444079 0.391404 0.446272 0.38987 0.446272 0.389102 0.445175 0.388335
0 0.410088 0.385265 0.408991 0.386032 0.407895 0.386032 0.405702 0.387567 0.404605 0.387567 0.403509 0.388335 0.400219 0.388335 0.399123 0.389102 0.401316 0.390637 0.405702 0.390637 0.406798 0.38987 0.411184 0.38987 0.412281 0.389102 0.412281 0.386032 0.411184 0.385265
0 0.541667 0.376823 0.541667 0.37759 0.542763 0.378358 0.547149 0.378358 0.548246 0.37759 0.550439 0.37759 0.546053 0.37759 0.544956 0.376823
0 0.425439 0.369916 0.425439 0.372985 0.426535 0.372985 0.427632 0.373753 0.429825 0.373753 0.430921 0.372985 0.430921 0.37145 0.428728 0.369916
0 0.526316 0.365311 0.525219 0.366078 0.525219 0.367613 0.526316 0.367613 0.528509 0.366078 0.527412 0.365311
0 0.583333 0.344589 0.580044 0.346892 0.580044 0.348427 0.58114 0.348427 0.583333 0.346892
0 0.509868 0.343822 0.508772 0.344589 0.508772 0.345357 0.510965 0.345357 0.512061 0.344589 0.512061 0.343822
0 0.5 0.343822 0.5 0.344589 0.501096 0.344589 0.501096 0.343822
0 0.357456 0.343054 0.358553 0.343822 0.358553 0.344589 0.359649 0.344589 0.359649 0.343822 0.358553 0.343054
0 0.376096 0.328473 0.375 0.32924 0.373904 0.32924 0.373904 0.330008 0.376096 0.330008 0.378289 0.328473
0 0.485746 0.322333 0.484649 0.323101 0.484649 0.324635 0.485746 0.325403 0.485746 0.324635 0.486842 0.323868 0.486842 0.322333
0 0.519737 0.314658 0.517544 0.316193 0.517544 0.316961 0.516447 0.317728 0.517544 0.318496 0.517544 0.319263 0.51864 0.318496 0.519737 0.318496 0.520833 0.317728 0.520833 0.316961 0.52193 0.316193 0.52193 0.315426 0.520833 0.314658
0 0.390351 0.310821 0.390351 0.311589 0.391447 0.311589 0.391447 0.310821
0 0.578947 0.286262 0.578947 0.287797 0.58114 0.287797 0.582237 0.28703 0.582237 0.286262
0 0.563596 0.284728 0.563596 0.285495 0.564693 0.285495 0.564693 0.284728
0 0.604167 0.282425 0.604167 0.28396 0.605263 0.284728 0.605263 0.285495 0.60636 0.286262 0.605263 0.28703 0.605263 0.288565 0.604167 0.289332 0.604167 0.2901 0.605263 0.2901 0.605263 0.288565 0.60636 0.287797 0.60636 0.282425
0 0.592105 0.264774 0.591009 0.265541 0.592105 0.266309 0.594298 0.266309 0.595395 0.265541 0.595395 0.264774
0 0.45943 0.264006 0.458333 0.264774 0.460526 0.264774 0.460526 0.264006
0 0.582237 0.259401 0.582237 0.260936 0.583333 0.260936 0.58443 0.260169 0.583333 0.259401
0 0.667763 0.257099 0.666667 0.257866 0.666667 0.258634 0.66886 0.260169 0.66886 0.259401 0.667763 0.258634
0 0.58114 0.247122 0.58114 0.248657 0.582237 0.248657 0.583333 0.247889 0.582237 0.247122
0 0.453947 0.242517 0.453947 0.243285 0.455044 0.243285 0.455044 0.242517
0 0.52193 0.231005 0.52193 0.231773 0.523026 0.231005
