0 0.314693 0.571757 0.313596 0.572525 0.313596 0.573292 0.314693 0.573292
0 0.358553 0.547966 0.359649 0.548734 0.359649 0.547966
0 0.33114 0.534919 0.330044 0.535687 0.330044 0.536454 0.33114 0.537222 0.332237 0.536454 0.332237 0.535687
0 0.379386 0.531082 0.379386 0.533384 0.380482 0.533384 0.380482 0.532617 0.381579 0.53185 0.380482 0.531082
0 0.310307 0.511128 0.309211 0.511896 0.309211 0.513431 0.310307 0.512663
0 0.394737 0.506523 0.39364 0.507291 0.39364 0.508058 0.394737 0.508826 0.395833 0.508826 0.395833 0.508058 0.394737 0.507291
0 0.439693 0.501919 0.439693 0.503454 0.440789 0.503454 0.439693 0.502686
0 0.33443 0.485035 0.333333 0.485802 0.333333 0.487337 0.33443 0.487337 0.335526 0.488104 0.335526 0.485035
0 0.350877 0.47122 0.350877 0.471988 0.351974 0.471988 0.351974 0.47122
0 0.377193 0.470453 0.377193 0.471988 0.378289 0.471988 0.378289 0.470453
0 0.323465 0.465848 0.324561 0.466616 0.324561 0.465848
0 0.439693 0.453569 0.439693 0.455104 0.440789 0.455871 0.440789 0.454336
0 0.490132 0.448196 0.490132 0.450499 0.490132 0.449731 0.491228 0.448964
0 0.419956 0.448196 0.417763 0.449731 0.417763 0.451266 0.41886 0.452034 0.421053 0.452034 0.422149 0.452801 0.432018 0.452801 0.432018 0.451266 0.430921 0.450499 0.429825 0.450499 0.427632 0.448964 0.426535 0.448964 0.425439 0.448196
0 0.350877 0.43515 0.349781 0.435917 0.349781 0.436685 0.351974 0.436685 0.35307 0.435917 0.351974 0.43515
0 0.483553 0.42287 0.483553 0.424405 0.484649 0.425173 0.485746 0.425173 0.485746 0.42287
0 0.548246 0.412126 0.548246 0.412893 0.549342 0.413661 0.550439 0.412893 0.549342 0.412126
0 0.528509 0.412126 0.528509 0.412893 0.529605 0.412893 0.529605 0.412126
0 0.333333 0.412126 0.333333 0.412893 0.33443 0.413661 0.335526 0.412893 0.33443 0.412126
0 0.507675 0.401381 0.507675 0.402149 0.508772 0.402149 0.508772 0.401381
0 0.487939 0.388335 0.486842 0.389102 0.486842 0.38987 0.485746 0.390637 0.485746 0.391404 0.486842 0.392172 0.487939 0.392172 0.489035 0.391404 0.489035 0.390637 0.490132 0.38987 0.490132 0.389102 0.489035 0.388335
0 0.442982 0.385265 0.442982 0.386032 0.441886 0.3868 0.441886 0.389102 0.442982 0.38987 0.442982 0.390637 0.444079 0.390637 0.445175 0.38987 0.445175 0.389102 0.446272 0.388335 0.446272 0.387567 0.445175 0.3868 0.445175 0.386032 0.444079 0.385265
0 0.422149 0.372218 0.419956 0.373753 0.419956 0.37452 0.41557 0.37759 0.41557 0.378358 0.414474 0.379125 0.414474 0.379893 0.413377 0.38066 0.413377 0.381427 0.414474 0.382195 0.41557 0.382195 0.41886 0.379893 0.419956 0.379893 0.424342 0.376823 0.425439 0.376823 0.426535 0.376055 0.426535 0.375288 0.427632 0.37452 0.427632 0.373753 0.426535 0.372985 0.426535 0.372218
0 0.527412 0.364543 0.525219 0.366078 0.525219 0.368381 0.528509 0.368381 0.529605 0.369148 0.530702 0.369148 0.532895 0.370683 0.532895 0.372218 0.533991 0.372985 0.533991 0.37452 0.537281 0.376823 0.538377 0.376823 0.538377 0.37452 0.536184 0.37452 0.535088 0.373753 0.535088 0.37145 0.533991 0.370683 0.533991 0.369916 0.529605 0.366846 0.529605 0.366078
0 0.333333 0.357636 0.333333 0.358404 0.33443 0.359171 0.33443 0.358404
0 0.379386 0.355334 0.379386 0.356101 0.380482 0.356101 0.380482 0.355334
0 0.574561 0.349962 0.573465 0.350729 0.573465 0.351497 0.574561 0.352264 0.575658 0.352264 0.575658 0.349962
0 0.501096 0.345357 0.5 0.346124 0.5 0.348427 0.501096 0.347659 0.502193 0.347659 0.503289 0.346892 0.503289 0.346124 0.502193 0.345357
0 0.405702 0.342287 0.404605 0.343054 0.405702 0.343054
0 0.524123 0.33231 0.524123 0.333078 0.526316 0.333078 0.526316 0.33231
0 0.364035 0.331543 0.364035 0.33231 0.365132 0.33231 0.365132 0.331543
0 0.387061 0.330775 0.387061 0.331543 0.388158 0.33231 0.391447 0.33231 0.392544 0.333078 0.39364 0.333078 0.39364 0.33231 0.392544 0.331543 0.390351 0.331543 0.389254 0.330775
0 0.482456 0.327705 0.48136 0.328473 0.48136 0.32924 0.482456 0.330008 0.483553 0.330008 0.484649 0.32924 0.484649 0.327705
0 0.401316 0.326938 0.400219 0.327705 0.401316 0.327705
0 0.469298 0.324635 0.469298 0.325403 0.470395 0.32617 0.473684 0.32617 0.473684 0.325403 0.472588 0.324635
0 0.421053 0.323101 0.422149 0.323868 0.422149 0.323101
0 0.462719 0.322333 0.462719 0.323101 0.464912 0.323101 0.464912 0.322333
0 0.515351 0.319263 0.514254 0.320031 0.513158 0.320031 0.513158 0.320798 0.510965 0.322333 0.510965 0.323868 0.509868 0.324635 0.509868 0.326938 0.512061 0.326938 0.514254 0.325403 0.514254 0.324635 0.515351 0.323868 0.515351 0.322333 0.516447 0.321566 0.516447 0.319263
0 0.580044 0.286262 0.578947 0.28703 0.577851 0.28703 0.576754 0.287797 0.575658 0.287797 0.575658 0.289332 0.576754 0.2901 0.580044 0.2901 0.582237 0.288565 0.582237 0.28703 0.58114 0.286262
0 0.611842 0.272448 0.610746 0.273216 0.610746 0.274751 0.611842 0.273983 0.612939 0.273983 0.614035 0.273216 0.614035 0.272448
0 0.596491 0.270146 0.596491 0.272448 0.597588 0.273216 0.597588 0.273983 0.598684 0.274751 0.598684 0.270913 0.597588 0.270146
0 0.460526 0.268611 0.461623 0.269378 0.462719 0.268611
0 0.682018 0.260169 0.682018 0.260936 0.683114 0.260169
0 0.664474 0.257866 0.664474 0.258634 0.66557 0.259401 0.667763 0.259401 0.666667 0.258634 0.66557 0.258634
0 0.455044 0.246355 0.455044 0.247122 0.45614 0.247122 0.457237 0.246355
0 0.520833 0.233308 0.519737 0.234075 0.520833 0.234075
0 0.547149 0.212586 0.546053 0.213354 0.547149 0.213354
0 0.532895 0.204912 0.532895 0.205679 0.533991 0.205679 0.533991 0.204912
0 0.593202 0.165004 0.593202 0.165771 0.595395 0.165771 0.594298 0.165004
