0 0.315789 0.57406 0.315789 0.574827 0.316886 0.575595 0.316886 0.574827
0 0.354167 0.549501 0.35307 0.550269 0.354167 0.551036 0.355263 0.551036 0.355263 0.550269
0 0.379386 0.534919 0.379386 0.537222 0.380482 0.537989 0.381579 0.537222 0.381579 0.535687 0.380482 0.534919
0 0.423246 0.532617 0.423246 0.533384 0.424342 0.534152 0.424342 0.533384
0 0.333333 0.531082 0.333333 0.533384 0.335526 0.533384 0.335526 0.531082
0 0.338816 0.52878 0.338816 0.529547 0.339912 0.529547 0.339912 0.52878
0 0.392544 0.506523 0.391447 0.507291 0.391447 0.508058 0.392544 0.508826 0.39364 0.508826 0.39364 0.507291
0 0.436404 0.499616 0.436404 0.500384 0.4375 0.501151 0.438596 0.500384 0.4375 0.499616
0 0.450658 0.495779 0.450658 0.497314 0.451754 0.497314 0.451754 0.496546
0 0.416667 0.493477 0.416667 0.495779 0.417763 0.496546 0.41886 0.496546 0.41886 0.494244 0.417763 0.493477
0 0.427632 0.491942 0.426535 0.492709 0.426535 0.493477 0.427632 0.494244 0.428728 0.494244 0.429825 0.493477 0.429825 0.491942
0 0.341009 0.479662 0.338816 0.481197 0.338816 0.484267 0.341009 0.484267 0.342105 0.4835 0.342105 0.479662
0 0.378289 0.466616 0.376096 0.46815 0.376096 0.468918 0.377193 0.469685 0.377193 0.470453 0.378289 0.470453 0.379386 0.469685 0.379386 0.46815 0.378289 0.467383
0 0.442982 0.462778 0.442982 0.463546 0.445175 0.465081 0.445175 0.463546 0.444079 0.462778
0 0.404605 0.461243 0.403509 0.462011 0.401316 0.462011 0.399123 0.463546 0.399123 0.465081 0.401316 0.466616 0.406798 0.466616 0.408991 0.465081 0.408991 0.463546 0.405702 0.461243
0 0.417763 0.451266 0.416667 0.452034 0.416667 0.452801 0.412281 0.455871 0.412281 0.456639 0.411184 0.457406 0.411184 0.458941 0.410088 0.459708 0.411184 0.460476 0.411184 0.462778 0.412281 0.463546 0.414474 0.463546 0.41557 0.462778 0.416667 0.462778 0.419956 0.460476 0.419956 0.458941 0.421053 0.458173 0.421053 0.457406 0.422149 0.456639 0.422149 0.454336
0 0.490132 0.443592 0.490132 0.444359 0.491228 0.445127 0.491228 0.443592
0 0.344298 0.437452 0.343202 0.438219 0.346491 0.438219 0.346491 0.437452
0 0.549342 0.428243 0.549342 0.42901 0.550439 0.429777 0.551535 0.429777 0.553728 0.431312 0.553728 0.430545 0.551535 0.42901 0.550439 0.42901
0 0.485746 0.423638 0.485746 0.425173 0.489035 0.425173 0.489035 0.424405 0.487939 0.423638
0 0.335526 0.415196 0.33443 0.415963 0.33443 0.417498 0.335526 0.416731 0.336623 0.416731 0.337719 0.415963 0.336623 0.415196
0 0.523026 0.411358 0.523026 0.412126 0.524123 0.412893 0.525219 0.412893 0.527412 0.414428 0.532895 0.414428 0.533991 0.415196 0.535088 0.415196 0.536184 0.414428 0.538377 0.414428 0.538377 0.413661 0.529605 0.413661 0.527412 0.412126 0.526316 0.412126 0.525219 0.411358
0 0.506579 0.399079 0.506579 0.399847 0.507675 0.400614 0.507675 0.399079
0 0.490132 0.386032 0.489035 0.3868 0.487939 0.3868 0.487939 0.38987 0.490132 0.38987 0.491228 0.389102 0.491228 0.3868
0 0.4375 0.379893 0.435307 0.381427 0.435307 0.38373 0.4375 0.385265 0.438596 0.385265 0.438596 0.384497 0.439693 0.38373 0.439693 0.382962 0.438596 0.382195 0.438596 0.38066
0 0.426535 0.369916 0.425439 0.370683 0.424342 0.370683 0.423246 0.37145 0.423246 0.372218 0.422149 0.372985 0.422149 0.375288 0.423246 0.376055 0.423246 0.376823 0.424342 0.37759 0.425439 0.37759 0.427632 0.376055 0.427632 0.375288 0.428728 0.37452 0.428728 0.369916
0 0.52193 0.363008 0.520833 0.363776 0.520833 0.366846 0.52193 0.367613 0.524123 0.367613 0.525219 0.366846 0.525219 0.363776 0.524123 0.363008
0 0.377193 0.357636 0.377193 0.358404 0.378289 0.358404 0.378289 0.357636
0 0.567982 0.353799 0.566886 0.354566 0.566886 0.356101 0.567982 0.356869 0.569079 0.356869 0.570175 0.356101 0.570175 0.353799
0 0.367325 0.353031 0.367325 0.353799 0.368421 0.353799 0.368421 0.353031
0 0.357456 0.353031 0.357456 0.353799 0.35636 0.354566 0.35636 0.358404 0.35636 0.356869 0.357456 0.356101 0.357456 0.354566 0.358553 0.353799 0.358553 0.353031
0 0.498904 0.348427 0.497807 0.349194 0.497807 0.350729 0.5 0.350729 0.501096 0.349962 0.501096 0.348427
0 0.442982 0.33538 0.442982 0.336147 0.444079 0.33538
0 0.622807 0.333845 0.622807 0.334612 0.623904 0.334612 0.623904 0.333845
0 0.507675 0.331543 0.505482 0.333078 0.505482 0.336915 0.506579 0.337682 0.508772 0.337682 0.510965 0.336147 0.513158 0.336147 0.514254 0.336915 0.515351 0.336915 0.515351 0.336147 0.512061 0.336147 0.510965 0.33538 0.510965 0.331543
0 0.48136 0.330008 0.48136 0.330775 0.480263 0.331543 0.480263 0.33231 0.48136 0.333078 0.482456 0.333078 0.483553 0.33231 0.483553 0.331543 0.484649 0.330775 0.484649 0.330008
0 0.401316 0.328473 0.400219 0.32924 0.400219 0.330008 0.401316 0.330775 0.401316 0.330008 0.402412 0.32924
0 0.457237 0.326938 0.457237 0.327705 0.45614 0.328473 0.457237 0.328473
0 0.630482 0.320031 0.630482 0.320798 0.631579 0.320031
0 0.633772 0.319263 0.634868 0.320031 0.635965 0.320031 0.637061 0.319263 0.638158 0.319263
0 0.395833 0.318496 0.395833 0.319263 0.39693 0.319263 0.39693 0.318496
0 0.652412 0.314658 0.651316 0.315426 0.652412 0.315426
0 0.604167 0.297774 0.60307 0.298542 0.601974 0.298542 0.600877 0.299309 0.599781 0.299309 0.598684 0.300077 0.597588 0.300077 0.597588 0.300844 0.598684 0.300844 0.599781 0.300077 0.600877 0.300077 0.601974 0.299309 0.604167 0.299309 0.60636 0.297774
0 0.615132 0.295472 0.614035 0.296239 0.612939 0.296239 0.617325 0.296239 0.617325 0.295472
0 0.577851 0.2901 0.576754 0.290867 0.575658 0.290867 0.574561 0.291635 0.574561 0.292402 0.576754 0.293937 0.576754 0.294705 0.578947 0.296239 0.578947 0.297007 0.58114 0.298542 0.58114 0.297774 0.582237 0.297007 0.582237 0.295472 0.583333 0.294705 0.583333 0.292402 0.58114 0.290867 0.58114 0.2901
0 0.463816 0.273983 0.463816 0.275518 0.464912 0.275518 0.464912 0.273983
0 0.645833 0.260169 0.64364 0.261704 0.631579 0.261704 0.630482 0.262471 0.629386 0.262471 0.620614 0.268611 0.620614 0.270146 0.625 0.267076 0.625 0.266309 0.627193 0.264774 0.628289 0.264774 0.631579 0.262471 0.638158 0.262471 0.639254 0.263239 0.640351 0.262471 0.644737 0.262471 0.64693 0.260936 0.648026 0.260936 0.648026 0.260169
0 0.462719 0.248657 0.461623 0.249424 0.462719 0.249424
0 0.621711 0.240982 0.621711 0.24175 0.622807 0.24175 0.622807 0.240982
0 0.51864 0.234075 0.517544 0.234843 0.517544 0.236378 0.51864 0.236378 0.519737 0.23561 0.519737 0.234075
0 0.635965 0.224098 0.634868 0.224866 0.634868 0.225633 0.635965 0.224866
0 0.548246 0.214121 0.547149 0.214889 0.548246 0.214889
0 0.576754 0.202609 0.574561 0.204144 0.576754 0.204144
0 0.597588 0.168841 0.597588 0.169609 0.598684 0.169609
