0 0.308114 0.603223 0.307018 0.603991 0.308114 0.603991
0 0.319079 0.575595 0.320175 0.576362 0.321272 0.576362 0.320175 0.575595
0 0.441886 0.564083 0.441886 0.565618 0.442982 0.566385 0.442982 0.567153 0.444079 0.56792 0.444079 0.566385 0.442982 0.565618 0.442982 0.56485
0 0.436404 0.554106 0.436404 0.556408 0.4375 0.557176 0.438596 0.557176 0.438596 0.555641 0.4375 0.554873 0.4375 0.554106
0 0.347588 0.551804 0.347588 0.552571 0.346491 0.553338 0.347588 0.553338 0.347588 0.552571 0.348684 0.551804 0.349781 0.551804
0 0.262061 0.541827 0.262061 0.542594 0.263158 0.542594
0 0.378289 0.539524 0.377193 0.540292 0.377193 0.541059 0.378289 0.541827 0.379386 0.541827 0.380482 0.541059 0.379386 0.540292 0.379386 0.539524
0 0.419956 0.530315 0.419956 0.531082 0.422149 0.532617 0.421053 0.53185 0.421053 0.530315
0 0.33443 0.527245 0.33443 0.528012 0.335526 0.52878 0.336623 0.528012 0.335526 0.527245
0 0.390351 0.510361 0.390351 0.512663 0.391447 0.512663 0.392544 0.511896 0.392544 0.511128 0.391447 0.510361
0 0.444079 0.495779 0.442982 0.496546 0.440789 0.496546 0.440789 0.497314 0.446272 0.497314 0.446272 0.496546 0.445175 0.495779
0 0.436404 0.495779 0.435307 0.496546 0.435307 0.497314 0.438596 0.497314 0.438596 0.496546 0.4375 0.495779
0 0.338816 0.491942 0.338816 0.492709 0.339912 0.493477 0.339912 0.494244 0.341009 0.495012 0.341009 0.494244 0.339912 0.493477 0.339912 0.491942
0 0.41557 0.488872 0.41557 0.491942 0.416667 0.492709 0.417763 0.492709 0.417763 0.489639 0.416667 0.488872
0 0.279605 0.486569 0.280702 0.487337 0.280702 0.486569
0 0.401316 0.482732 0.401316 0.4835 0.402412 0.4835 0.402412 0.482732
0 0.344298 0.48043 0.343202 0.481197 0.343202 0.482732 0.344298 0.4835 0.346491 0.4835 0.347588 0.482732 0.347588 0.481965 0.345395 0.48043
0 0.411184 0.478895 0.408991 0.48043 0.411184 0.481965 0.413377 0.481965 0.41557 0.4835 0.41557 0.482732 0.416667 0.481965 0.416667 0.481197 0.413377 0.478895
0 0.400219 0.478895 0.398026 0.48043 0.398026 0.481197 0.39693 0.481965 0.39693 0.482732 0.398026 0.4835 0.399123 0.4835 0.398026 0.482732 0.400219 0.481197 0.402412 0.481197 0.402412 0.48043
0 0.294956 0.472755 0.294956 0.473523 0.296053 0.473523 0.296053 0.472755
0 0.447368 0.469685 0.448465 0.470453 0.448465 0.47122 0.448465 0.469685
0 0.319079 0.469685 0.319079 0.47122 0.320175 0.47122 0.320175 0.469685
0 0.398026 0.466616 0.39693 0.467383 0.395833 0.467383 0.395833 0.46815 0.39364 0.469685 0.392544 0.469685 0.392544 0.47122 0.39364 0.471988 0.39364 0.473523 0.39364 0.471988 0.394737 0.47122 0.39693 0.47122 0.398026 0.471988 0.400219 0.471988 0.402412 0.470453 0.403509 0.470453 0.403509 0.468918 0.400219 0.466616
0 0.491228 0.436685 0.490132 0.437452 0.490132 0.441289 0.491228 0.442057
0 0.343202 0.436685 0.343202 0.438987 0.344298 0.439754 0.345395 0.439754 0.346491 0.438987 0.346491 0.438219 0.345395 0.437452 0.344298 0.437452
0 0.491228 0.429777 0.490132 0.430545 0.490132 0.432847 0.491228 0.432847
0 0.537281 0.42594 0.539474 0.427475 0.54057 0.427475 0.538377 0.42594
0 0.490132 0.421335 0.489035 0.422103 0.489035 0.425173 0.490132 0.42594 0.490132 0.426708 0.491228 0.426708 0.491228 0.42594 0.492325 0.425173 0.492325 0.424405 0.493421 0.423638 0.493421 0.42287 0.492325 0.422103 0.491228 0.422103
0 0.336623 0.415196 0.336623 0.416731 0.337719 0.417498 0.338816 0.417498 0.338816 0.415963 0.337719 0.415196
0 0.517544 0.399079 0.517544 0.401381 0.516447 0.402149 0.516447 0.408289 0.51864 0.409823 0.51864 0.408289 0.519737 0.407521 0.519737 0.399079
0 0.508772 0.397544 0.508772 0.398312 0.510965 0.398312 0.510965 0.397544
0 0.519737 0.394474 0.519737 0.395242 0.520833 0.395242 0.52193 0.394474
0 0.302632 0.387567 0.302632 0.388335 0.303728 0.388335 0.303728 0.387567
0 0.489035 0.385265 0.489035 0.388335 0.490132 0.389102 0.492325 0.389102 0.493421 0.388335 0.493421 0.387567 0.494518 0.3868 0.493421 0.386032 0.493421 0.385265
0 0.434211 0.382195 0.433114 0.382962 0.433114 0.38373 0.434211 0.384497 0.436404 0.384497 0.436404 0.382195
0 0.552632 0.366846 0.552632 0.367613 0.553728 0.367613 0.553728 0.366846
0 0.425439 0.366846 0.425439 0.367613 0.424342 0.368381 0.424342 0.370683 0.425439 0.37145 0.427632 0.37145 0.429825 0.369916 0.429825 0.366846
0 0.51864 0.362241 0.51864 0.366078 0.520833 0.366078 0.52193 0.365311 0.52193 0.364543 0.523026 0.363776 0.520833 0.362241
0 0.558114 0.359171 0.557018 0.359939 0.555921 0.359939 0.553728 0.361474 0.553728 0.362241 0.555921 0.362241 0.557018 0.361474 0.559211 0.361474 0.560307 0.360706 0.560307 0.359939 0.559211 0.359171
0 0.376096 0.356869 0.375 0.357636 0.376096 0.358404 0.377193 0.358404 0.377193 0.356869
0 0.505482 0.339985 0.504386 0.340752 0.503289 0.340752 0.501096 0.342287 0.5 0.342287 0.493421 0.346892 0.492325 0.346892 0.492325 0.347659 0.491228 0.348427 0.491228 0.349194 0.493421 0.350729 0.494518 0.349962 0.495614 0.350729 0.496711 0.350729 0.497807 0.349962 0.498904 0.349962 0.498904 0.349194 0.501096 0.347659 0.501096 0.346892 0.502193 0.346124 0.502193 0.345357 0.504386 0.343822 0.504386 0.343054 0.505482 0.342287 0.505482 0.34152 0.506579 0.340752 0.506579 0.339985
0 0.416667 0.33845 0.414474 0.339985 0.416667 0.339985 0.417763 0.339217 0.417763 0.33845
0 0.446272 0.337682 0.445175 0.33845 0.446272 0.33845 0.447368 0.337682
0 0.607456 0.336147 0.604167 0.33845 0.604167 0.339217 0.605263 0.33845 0.60636 0.33845 0.608553 0.336915
0 0.628289 0.334612 0.628289 0.33538 0.629386 0.33538 0.629386 0.334612
0 0.452851 0.334612 0.450658 0.336147 0.451754 0.336147 0.452851 0.33538
0 0.485746 0.32924 0.484649 0.330008 0.484649 0.331543 0.483553 0.33231 0.483553 0.333078 0.482456 0.333845 0.482456 0.334612 0.48136 0.33538 0.48136 0.336147 0.480263 0.336915 0.480263 0.337682 0.48136 0.337682 0.482456 0.336915 0.483553 0.336915 0.483553 0.336147 0.485746 0.334612 0.485746 0.333845 0.484649 0.333078 0.484649 0.330775 0.485746 0.330008
0 0.404605 0.328473 0.403509 0.32924 0.403509 0.330008 0.404605 0.330775 0.405702 0.330775 0.405702 0.328473
0 0.621711 0.323868 0.621711 0.324635 0.623904 0.324635 0.623904 0.323868
0 0.542763 0.309286 0.541667 0.310054 0.54057 0.310054 0.539474 0.310821 0.538377 0.310821 0.538377 0.311589 0.539474 0.311589 0.541667 0.310054 0.542763 0.310054
0 0.555921 0.300077 0.553728 0.301612 0.552632 0.301612 0.551535 0.302379 0.551535 0.304682 0.550439 0.305449 0.550439 0.306216 0.551535 0.305449 0.552632 0.305449 0.553728 0.304682 0.557018 0.304682 0.560307 0.302379 0.561404 0.302379 0.5625 0.301612 0.5625 0.300844 0.558114 0.300844 0.557018 0.300077
0 0.629386 0.292402 0.628289 0.29317 0.628289 0.293937 0.629386 0.29317 0.630482 0.29317 0.631579 0.292402
0 0.575658 0.291635 0.572368 0.293937 0.572368 0.294705 0.571272 0.295472 0.572368 0.295472 0.573465 0.294705 0.574561 0.294705 0.575658 0.293937 0.576754 0.294705 0.578947 0.294705 0.580044 0.295472 0.58114 0.295472 0.582237 0.294705 0.583333 0.294705 0.58443 0.293937 0.58443 0.29317 0.583333 0.292402 0.582237 0.292402 0.58114 0.291635
0 0.464912 0.280123 0.463816 0.28089 0.464912 0.281658 0.464912 0.282425 0.466009 0.282425 0.466009 0.28089
0 0.512061 0.260936 0.512061 0.261704 0.513158 0.261704 0.513158 0.260936
0 0.403509 0.254029 0.404605 0.254797 0.404605 0.254029
0 0.461623 0.250959 0.461623 0.252494 0.462719 0.251727
0 0.483553 0.249424 0.484649 0.250192 0.484649 0.249424
0 0.621711 0.244052 0.621711 0.245587 0.622807 0.24482
0 0.516447 0.23868 0.515351 0.239447 0.515351 0.240215 0.517544 0.240215 0.51864 0.239447 0.517544 0.23868
0 0.630482 0.227936 0.630482 0.228703 0.631579 0.228703
0 0.472588 0.218726 0.471491 0.219493 0.472588 0.219493
0 0.546053 0.217191 0.546053 0.217959 0.547149 0.217959 0.547149 0.217191
0 0.58114 0.19954 0.580044 0.200307 0.582237 0.200307 0.582237 0.19954
0 0.611842 0.1934 0.611842 0.195702 0.611842 0.194935 0.612939 0.194167
0 0.596491 0.173446 0.596491 0.174213 0.597588 0.174213 0.597588 0.173446
