0 0.311404 0.596316 0.311404 0.597084 0.3125 0.597084 0.313596 0.596316
0 0.328947 0.576362 0.328947 0.57713 0.330044 0.577897 0.332237 0.577897 0.330044 0.576362
0 0.416667 0.567153 0.41886 0.568688 0.41886 0.56792 0.417763 0.567153
0 0.346491 0.549501 0.346491 0.550269 0.347588 0.551036 0.347588 0.549501
0 0.429825 0.548734 0.429825 0.550269 0.430921 0.551036 0.433114 0.551036 0.433114 0.549501 0.432018 0.548734
0 0.379386 0.541827 0.378289 0.542594 0.378289 0.543361 0.379386 0.544129 0.380482 0.544129 0.380482 0.542594
0 0.414474 0.526477 0.414474 0.528012 0.416667 0.528012 0.416667 0.526477
0 0.335526 0.526477 0.335526 0.528012 0.337719 0.528012 0.337719 0.526477
0 0.390351 0.514198 0.390351 0.517268 0.391447 0.517268 0.391447 0.5165 0.392544 0.515733 0.392544 0.514965 0.391447 0.514198
0 0.263158 0.499616 0.262061 0.500384 0.263158 0.501151 0.264254 0.501151 0.265351 0.501919 0.265351 0.502686 0.265351 0.501919 0.264254 0.501151 0.264254 0.500384
0 0.48136 0.486569 0.48136 0.488872 0.48136 0.487337 0.482456 0.486569
0 0.339912 0.4835 0.338816 0.484267 0.338816 0.485802 0.339912 0.486569 0.339912 0.487337 0.343202 0.487337 0.343202 0.484267 0.342105 0.4835
0 0.405702 0.481965 0.405702 0.482732 0.406798 0.4835 0.407895 0.482732 0.406798 0.481965
0 0.373904 0.473523 0.371711 0.475058 0.371711 0.47736 0.373904 0.478895 0.373904 0.479662 0.377193 0.481965 0.379386 0.481965 0.380482 0.482732 0.385965 0.482732 0.387061 0.4835 0.388158 0.4835 0.389254 0.482732 0.391447 0.482732 0.392544 0.481965 0.39364 0.481965 0.395833 0.48043 0.395833 0.479662 0.39693 0.478895 0.39693 0.476592 0.394737 0.475058 0.394737 0.47429 0.380482 0.47429 0.379386 0.473523 0.378289 0.473523 0.377193 0.47429 0.376096 0.47429 0.375 0.473523
0 0.317982 0.472755 0.317982 0.47429 0.319079 0.47429 0.320175 0.473523 0.320175 0.472755
0 0.299342 0.471988 0.299342 0.472755 0.298246 0.473523 0.298246 0.47429 0.299342 0.475058 0.299342 0.475825
0 0.536184 0.456639 0.536184 0.457406 0.538377 0.458941 0.538377 0.457406 0.537281 0.457406
0 0.286184 0.449731 0.285088 0.450499 0.286184 0.450499
0 0.342105 0.442824 0.339912 0.444359 0.339912 0.445894 0.342105 0.445894 0.342105 0.445127 0.343202 0.444359 0.343202 0.442824
0 0.287281 0.432847 0.288377 0.433615 0.288377 0.432847
0 0.516447 0.422103 0.516447 0.42287 0.517544 0.423638 0.519737 0.423638 0.519737 0.42287 0.51864 0.42287 0.517544 0.422103
0 0.491228 0.416731 0.490132 0.417498 0.490132 0.418266 0.489035 0.419033 0.489035 0.420568 0.490132 0.421335 0.492325 0.421335 0.493421 0.420568 0.493421 0.418266 0.492325 0.417498 0.492325 0.416731
0 0.336623 0.412893 0.336623 0.414428 0.338816 0.415963 0.338816 0.415196 0.339912 0.414428 0.338816 0.413661 0.338816 0.412893
0 0.615132 0.411358 0.616228 0.412126 0.616228 0.411358
0 0.514254 0.409823 0.513158 0.410591 0.513158 0.412126 0.514254 0.412126 0.515351 0.411358 0.515351 0.409823
0 0.508772 0.396777 0.507675 0.397544 0.506579 0.397544 0.506579 0.399079 0.508772 0.400614 0.510965 0.400614 0.512061 0.399847 0.513158 0.399847 0.513158 0.398312 0.512061 0.397544 0.510965 0.397544 0.509868 0.396777
0 0.348684 0.396777 0.348684 0.397544 0.349781 0.397544 0.349781 0.396777
0 0.310307 0.391404 0.310307 0.392172 0.311404 0.392172 0.311404 0.391404
0 0.494518 0.385265 0.494518 0.386032 0.493421 0.3868 0.493421 0.387567 0.494518 0.388335 0.498904 0.388335 0.498904 0.387567 0.5 0.3868 0.5 0.386032 0.498904 0.385265
0 0.429825 0.370683 0.426535 0.372985 0.426535 0.37759 0.428728 0.379125 0.428728 0.38066 0.429825 0.38066 0.430921 0.381427 0.430921 0.382195 0.433114 0.382195 0.433114 0.381427 0.434211 0.38066 0.434211 0.378358 0.435307 0.37759 0.435307 0.376823 0.436404 0.376055 0.436404 0.373753 0.434211 0.372218 0.433114 0.372218 0.432018 0.37145 0.430921 0.37145
0 0.547149 0.366078 0.547149 0.367613 0.546053 0.368381 0.547149 0.369148 0.548246 0.369148 0.549342 0.368381 0.549342 0.366078
0 0.520833 0.362241 0.520833 0.363008 0.519737 0.363776 0.519737 0.365311 0.52193 0.366846 0.523026 0.366846 0.525219 0.365311 0.525219 0.362241
0 0.376096 0.356101 0.375 0.356869 0.375 0.358404 0.376096 0.359171 0.377193 0.358404 0.377193 0.356869
0 0.399123 0.345357 0.398026 0.346124 0.39693 0.346124 0.39693 0.347659 0.400219 0.347659 0.401316 0.346892 0.401316 0.346124 0.400219 0.345357
0 0.596491 0.342287 0.595395 0.343054 0.594298 0.343054 0.594298 0.345357 0.597588 0.345357 0.597588 0.343054
0 0.482456 0.34152 0.48136 0.342287 0.480263 0.342287 0.47807 0.343822 0.476974 0.343822 0.475877 0.344589 0.475877 0.345357 0.474781 0.346124 0.474781 0.346892 0.473684 0.347659 0.473684 0.349194 0.474781 0.349962 0.474781 0.351497 0.475877 0.352264 0.475877 0.353799 0.480263 0.353799 0.48136 0.354566 0.482456 0.354566 0.483553 0.353799 0.486842 0.353799 0.487939 0.353031 0.489035 0.353031 0.490132 0.352264 0.490132 0.350729 0.489035 0.349962 0.489035 0.349194 0.487939 0.348427 0.486842 0.348427 0.485746 0.349194 0.484649 0.349194 0.48136 0.351497 0.47807 0.351497 0.476974 0.350729 0.476974 0.349962 0.47807 0.349194 0.47807 0.348427 0.479167 0.347659 0.479167 0.346892 0.480263 0.346124 0.480263 0.345357 0.48136 0.344589 0.48136 0.343822 0.482456 0.343054
0 0.639254 0.33231 0.638158 0.333078 0.637061 0.333078 0.639254 0.333078
0 0.407895 0.331543 0.406798 0.33231 0.406798 0.333078 0.407895 0.333845 0.408991 0.333845 0.408991 0.33231
0 0.471491 0.305449 0.471491 0.306216 0.472588 0.305449 0.473684 0.305449 0.474781 0.306216 0.475877 0.306216 0.476974 0.305449
0 0.5625 0.298542 0.561404 0.299309 0.557018 0.299309 0.555921 0.300077 0.553728 0.300077 0.552632 0.300844 0.551535 0.300844 0.550439 0.301612 0.549342 0.301612 0.548246 0.302379 0.547149 0.302379 0.544956 0.303914 0.54386 0.303914 0.538377 0.307751 0.537281 0.307751 0.531798 0.311589 0.530702 0.311589 0.527412 0.313891 0.526316 0.313891 0.525219 0.314658 0.524123 0.314658 0.520833 0.316961 0.519737 0.316961 0.519737 0.317728 0.516447 0.320031 0.516447 0.320798 0.515351 0.321566 0.514254 0.321566 0.513158 0.322333 0.512061 0.322333 0.510965 0.323101 0.510965 0.324635 0.509868 0.325403 0.509868 0.327705 0.510965 0.328473 0.510965 0.32924 0.51864 0.32924 0.527412 0.323101 0.527412 0.322333 0.530702 0.320031 0.531798 0.320031 0.532895 0.319263 0.533991 0.319263 0.537281 0.316961 0.538377 0.316961 0.549342 0.309286 0.551535 0.309286 0.552632 0.308519 0.555921 0.308519 0.557018 0.307751 0.559211 0.307751 0.560307 0.306984 0.561404 0.306984 0.567982 0.302379 0.567982 0.298542
0 0.497807 0.29317 0.496711 0.293937 0.496711 0.294705 0.497807 0.294705 0.498904 0.293937
0 0.637061 0.290867 0.635965 0.291635 0.637061 0.291635
0 0.580044 0.289332 0.577851 0.290867 0.578947 0.291635 0.578947 0.292402 0.582237 0.292402 0.582237 0.291635 0.583333 0.290867 0.583333 0.2901 0.582237 0.289332
0 0.462719 0.285495 0.462719 0.28703 0.463816 0.28703 0.464912 0.286262 0.463816 0.285495
0 0.510965 0.263239 0.510965 0.264006 0.512061 0.264006 0.512061 0.263239
0 0.41557 0.259401 0.416667 0.260169 0.416667 0.259401
0 0.45943 0.256332 0.458333 0.257099 0.45943 0.257866
0 0.405702 0.256332 0.404605 0.257099 0.405702 0.257099
0 0.483553 0.252494 0.483553 0.254029 0.484649 0.253262
0 0.622807 0.248657 0.621711 0.249424 0.622807 0.250192 0.623904 0.250192 0.623904 0.248657
0 0.515351 0.24175 0.514254 0.242517 0.514254 0.244052 0.515351 0.243285 0.516447 0.243285 0.516447 0.242517
0 0.625 0.233308 0.622807 0.234843 0.622807 0.237145 0.623904 0.236378 0.623904 0.23561 0.626096 0.234075 0.626096 0.233308
0 0.546053 0.219493 0.546053 0.220261 0.547149 0.220261 0.548246 0.219493
0 0.471491 0.219493 0.470395 0.220261 0.471491 0.220261
0 0.582237 0.19954 0.582237 0.200307 0.58443 0.200307 0.58443 0.19954
0 0.60636 0.19647 0.60636 0.197237 0.607456 0.197237 0.607456 0.19647
0 0.52193 0.195702 0.52193 0.19647 0.523026 0.195702
0 0.593202 0.179586 0.594298 0.180353 0.595395 0.179586
