0 0.317982 0.593246 0.317982 0.594014 0.319079 0.594014 0.319079 0.593246
0 0.338816 0.574827 0.337719 0.575595 0.339912 0.57713 0.339912 0.574827
0 0.281798 0.567153 0.281798 0.568688 0.282895 0.56792
0 0.411184 0.560246 0.411184 0.561013 0.412281 0.561013
0 0.344298 0.549501 0.344298 0.550269 0.346491 0.550269 0.345395 0.549501
0 0.424342 0.547199 0.424342 0.548734 0.425439 0.549501 0.426535 0.549501 0.426535 0.547966 0.425439 0.547199
0 0.243421 0.544896 0.242325 0.545664 0.242325 0.547199 0.241228 0.547966 0.241228 0.548734 0.240132 0.549501 0.240132 0.550269 0.239035 0.551036 0.239035 0.551804 0.240132 0.551036 0.240132 0.550269 0.242325 0.548734 0.242325 0.547966 0.243421 0.547199
0 0.382675 0.541827 0.381579 0.542594 0.381579 0.544129 0.382675 0.544129 0.383772 0.544896 0.385965 0.543361 0.385965 0.542594 0.384868 0.541827
0 0.391447 0.529547 0.391447 0.531082 0.392544 0.53185 0.392544 0.533384 0.39364 0.534152 0.39364 0.535687 0.394737 0.536454 0.39364 0.537222 0.39364 0.539524 0.394737 0.539524 0.395833 0.538757 0.39693 0.538757 0.39693 0.536454 0.399123 0.534919 0.401316 0.534919 0.402412 0.535687 0.405702 0.535687 0.405702 0.533384 0.403509 0.53185 0.402412 0.53185 0.401316 0.531082 0.400219 0.531082 0.399123 0.530315 0.39693 0.530315 0.395833 0.529547
0 0.335526 0.526477 0.333333 0.528012 0.333333 0.52878 0.33443 0.52878 0.335526 0.529547 0.336623 0.52878 0.336623 0.527245
0 0.388158 0.524942 0.387061 0.52571 0.388158 0.526477 0.388158 0.527245 0.389254 0.528012 0.390351 0.528012 0.390351 0.52571 0.389254 0.524942
0 0.302632 0.502686 0.302632 0.503454 0.303728 0.502686
0 0.26864 0.500384 0.267544 0.501151 0.267544 0.501919 0.26864 0.501919
0 0.413377 0.486569 0.413377 0.488104 0.414474 0.488104 0.414474 0.487337
0 0.305921 0.482732 0.305921 0.4835 0.307018 0.482732
0 0.33443 0.48043 0.33443 0.485035 0.336623 0.486569 0.337719 0.486569 0.338816 0.485802 0.338816 0.4835 0.337719 0.482732 0.337719 0.481197 0.336623 0.48043
0 0.314693 0.478127 0.314693 0.479662 0.315789 0.479662 0.316886 0.478895 0.316886 0.478127
0 0.360746 0.46815 0.359649 0.468918 0.358553 0.468918 0.357456 0.469685 0.357456 0.471988 0.358553 0.471988 0.361842 0.47429 0.362939 0.47429 0.364035 0.475058 0.364035 0.475825 0.365132 0.475825 0.366228 0.476592 0.367325 0.476592 0.368421 0.475825 0.368421 0.475058 0.369518 0.47429 0.369518 0.473523 0.368421 0.472755 0.368421 0.471988 0.365132 0.469685 0.364035 0.469685 0.361842 0.46815
0 0.528509 0.452801 0.528509 0.454336 0.529605 0.454336 0.529605 0.453569
0 0.337719 0.448964 0.33443 0.451266 0.33443 0.452801 0.336623 0.452801 0.338816 0.451266 0.338816 0.450499 0.339912 0.449731 0.338816 0.448964
0 0.328947 0.443592 0.328947 0.446662 0.327851 0.447429 0.327851 0.448196 0.326754 0.448964 0.326754 0.452034 0.327851 0.452034 0.327851 0.448196 0.330044 0.446662 0.330044 0.443592
0 0.320175 0.433615 0.319079 0.434382 0.321272 0.434382
0 0.495614 0.415196 0.493421 0.416731 0.493421 0.419033 0.496711 0.419033 0.497807 0.418266 0.497807 0.417498 0.496711 0.416731 0.496711 0.415963
0 0.341009 0.406754 0.339912 0.407521 0.339912 0.410591 0.341009 0.410591 0.342105 0.409823 0.342105 0.407521
0 0.630482 0.405986 0.627193 0.408289 0.629386 0.408289 0.630482 0.407521
0 0.344298 0.399847 0.344298 0.400614 0.345395 0.400614 0.345395 0.399847
0 0.502193 0.396009 0.501096 0.396777 0.501096 0.399079 0.503289 0.400614 0.504386 0.400614 0.506579 0.399079 0.506579 0.398312 0.503289 0.396009
0 0.314693 0.395242 0.315789 0.396009 0.316886 0.395242
0 0.544956 0.394474 0.547149 0.396009 0.548246 0.396009 0.552632 0.399079 0.553728 0.399079 0.554825 0.399847 0.557018 0.399847 0.555921 0.399079 0.554825 0.399079 0.552632 0.397544 0.551535 0.397544 0.549342 0.396009 0.548246 0.396009 0.546053 0.394474
0 0.493421 0.38373 0.490132 0.386032 0.490132 0.3868 0.487939 0.388335 0.491228 0.388335 0.492325 0.387567 0.493421 0.387567 0.494518 0.388335 0.496711 0.388335 0.497807 0.389102 0.502193 0.389102 0.503289 0.388335 0.503289 0.386032 0.5 0.38373
0 0.433114 0.372218 0.432018 0.372985 0.430921 0.372985 0.428728 0.37452 0.428728 0.37759 0.429825 0.37759 0.432018 0.379125 0.433114 0.379125 0.436404 0.376823 0.436404 0.376055 0.438596 0.37452 0.438596 0.373753 0.4375 0.372985 0.434211 0.372985
0 0.517544 0.363008 0.515351 0.364543 0.515351 0.367613 0.519737 0.367613 0.52193 0.366078 0.52193 0.364543 0.519737 0.363008
0 0.41557 0.354566 0.41557 0.355334 0.416667 0.354566
0 0.640351 0.353799 0.641447 0.354566 0.642544 0.354566 0.642544 0.353799
0 0.392544 0.352264 0.391447 0.353031 0.390351 0.353031 0.390351 0.353799 0.391447 0.354566 0.391447 0.355334 0.39693 0.359171 0.398026 0.359171 0.399123 0.359939 0.403509 0.359939 0.404605 0.359171 0.404605 0.357636 0.400219 0.354566 0.399123 0.354566 0.398026 0.353799 0.39693 0.353799 0.395833 0.353031 0.39364 0.353031
0 0.587719 0.351497 0.586623 0.352264 0.585526 0.352264 0.585526 0.353799 0.586623 0.354566 0.587719 0.354566 0.589912 0.353031 0.589912 0.352264 0.588816 0.351497
0 0.385965 0.346124 0.385965 0.346892 0.387061 0.346892 0.387061 0.346124
0 0.492325 0.343822 0.492325 0.344589 0.491228 0.345357 0.491228 0.346892 0.490132 0.347659 0.490132 0.348427 0.489035 0.349194 0.489035 0.350729 0.490132 0.351497 0.493421 0.351497 0.494518 0.350729 0.495614 0.350729 0.496711 0.349962 0.496711 0.349194 0.497807 0.348427 0.497807 0.346124 0.495614 0.344589 0.494518 0.344589 0.493421 0.343822
0 0.510965 0.328473 0.509868 0.32924 0.506579 0.32924 0.505482 0.330008 0.504386 0.330008 0.501096 0.33231 0.501096 0.333078 0.5 0.333845 0.5 0.33845 0.498904 0.339217 0.498904 0.339985 0.5 0.340752 0.502193 0.340752 0.503289 0.339985 0.504386 0.339985 0.506579 0.33845 0.507675 0.33845 0.509868 0.336915 0.510965 0.336915 0.512061 0.336147 0.513158 0.336147 0.514254 0.33538 0.514254 0.334612 0.515351 0.333845 0.515351 0.33231 0.516447 0.331543 0.516447 0.330008 0.514254 0.328473
0 0.480263 0.306216 0.479167 0.306984 0.480263 0.306984
0 0.495614 0.296239 0.496711 0.297007 0.496711 0.296239
0 0.45943 0.2901 0.458333 0.290867 0.458333 0.29317 0.461623 0.290867 0.460526 0.2901
0 0.64364 0.288565 0.642544 0.289332 0.641447 0.289332 0.641447 0.2901 0.642544 0.2901 0.644737 0.288565
0 0.648026 0.287797 0.64693 0.288565 0.650219 0.288565 0.649123 0.287797
0 0.599781 0.28396 0.598684 0.284728 0.596491 0.284728 0.595395 0.285495 0.594298 0.285495 0.587719 0.2901 0.587719 0.290867 0.586623 0.291635 0.587719 0.292402 0.588816 0.292402 0.589912 0.291635 0.591009 0.291635 0.598684 0.286262 0.599781 0.286262 0.600877 0.285495 0.600877 0.28396
0 0.438596 0.268611 0.4375 0.269378 0.438596 0.269378 0.439693 0.268611
0 0.495614 0.267843 0.494518 0.268611 0.495614 0.268611 0.496711 0.267843
0 0.509868 0.265541 0.509868 0.266309 0.510965 0.266309 0.510965 0.265541
0 0.455044 0.261704 0.455044 0.262471 0.45614 0.262471 0.457237 0.261704
0 0.41557 0.260169 0.41557 0.260936 0.416667 0.261704 0.417763 0.261704 0.417763 0.260169
0 0.48136 0.256332 0.480263 0.257099 0.48136 0.257099
0 0.621711 0.253262 0.620614 0.254029 0.620614 0.254797 0.622807 0.254797 0.622807 0.254029 0.623904 0.253262
0 0.513158 0.245587 0.512061 0.246355 0.512061 0.247122 0.513158 0.247122 0.514254 0.246355 0.514254 0.245587
0 0.544956 0.222563 0.544956 0.223331 0.546053 0.223331 0.546053 0.222563
0 0.5 0.216424 0.5 0.218726 0.501096 0.219493 0.501096 0.218726 0.502193 0.217959 0.501096 0.217191 0.501096 0.216424
0 0.503289 0.206447 0.502193 0.207214 0.502193 0.207982 0.501096 0.208749 0.501096 0.211819 0.502193 0.211051 0.502193 0.209517 0.503289 0.208749
0 0.674342 0.202609 0.674342 0.203377 0.675439 0.202609
0 0.503289 0.201842 0.504386 0.202609 0.504386 0.201842
0 0.604167 0.201074 0.60307 0.201842 0.604167 0.201842 0.605263 0.201074
0 0.58443 0.200307 0.583333 0.201074 0.58443 0.201842 0.585526 0.201074 0.585526 0.200307
0 0.509868 0.19954 0.508772 0.200307 0.510965 0.200307
0 0.464912 0.19954 0.463816 0.200307 0.463816 0.201074 0.464912 0.200307
0 0.595395 0.185725 0.595395 0.186493 0.597588 0.186493 0.596491 0.185725
0 0.614035 0.178818 0.614035 0.179586 0.615132 0.179586 0.615132 0.178818
