0 0.323465 0.589409 0.323465 0.590944 0.324561 0.590177 0.324561 0.589409
0 0.406798 0.585572 0.406798 0.586339 0.407895 0.587107 0.407895 0.585572
0 0.335526 0.57406 0.335526 0.575595 0.336623 0.576362 0.337719 0.576362 0.337719 0.575595
0 0.286184 0.563315 0.286184 0.56485 0.287281 0.564083
0 0.405702 0.554106 0.405702 0.555641 0.406798 0.555641 0.406798 0.554106
0 0.341009 0.548734 0.339912 0.549501 0.342105 0.551036 0.342105 0.549501
0 0.416667 0.544896 0.416667 0.545664 0.419956 0.547966 0.419956 0.544896
0 0.406798 0.534152 0.406798 0.534919 0.405702 0.535687 0.406798 0.536454 0.406798 0.537222 0.408991 0.538757 0.410088 0.538757 0.410088 0.537989 0.411184 0.537222 0.411184 0.536454 0.410088 0.535687 0.410088 0.534919 0.408991 0.534919 0.407895 0.534152
0 0.449561 0.532617 0.449561 0.533384 0.450658 0.533384 0.450658 0.532617
0 0.257675 0.532617 0.256579 0.533384 0.255482 0.533384 0.255482 0.534919 0.256579 0.535687 0.257675 0.534919 0.258772 0.534919 0.258772 0.532617
0 0.330044 0.531082 0.328947 0.53185 0.330044 0.532617 0.330044 0.533384 0.333333 0.533384 0.333333 0.53185 0.332237 0.531082
0 0.384868 0.527245 0.383772 0.528012 0.382675 0.528012 0.382675 0.52878 0.381579 0.529547 0.381579 0.531082 0.383772 0.532617 0.388158 0.532617 0.389254 0.53185 0.390351 0.53185 0.390351 0.531082 0.391447 0.530315 0.390351 0.529547 0.390351 0.528012 0.389254 0.527245
0 0.325658 0.527245 0.324561 0.528012 0.324561 0.52878 0.325658 0.52878
0 0.314693 0.514965 0.314693 0.517268 0.315789 0.518035 0.315789 0.515733
0 0.309211 0.503454 0.309211 0.504221 0.310307 0.504988 0.311404 0.504221 0.311404 0.503454
0 0.27193 0.500384 0.27193 0.501151 0.273026 0.501151 0.273026 0.500384
0 0.289474 0.482732 0.288377 0.4835 0.287281 0.4835 0.288377 0.484267 0.289474 0.484267
0 0.476974 0.481197 0.476974 0.481965 0.47807 0.481965
0 0.310307 0.48043 0.310307 0.481965 0.3125 0.481965 0.3125 0.48043
0 0.324561 0.475825 0.322368 0.47736 0.322368 0.478895 0.324561 0.48043 0.326754 0.48043 0.327851 0.479662 0.327851 0.478895 0.328947 0.478127 0.328947 0.476592 0.327851 0.476592 0.326754 0.475825
0 0.35307 0.469685 0.351974 0.470453 0.351974 0.47122 0.35307 0.471988 0.35307 0.475058 0.354167 0.475825 0.354167 0.476592 0.357456 0.478895 0.359649 0.478895 0.360746 0.478127 0.361842 0.478127 0.362939 0.47736 0.362939 0.476592 0.361842 0.475825 0.361842 0.47429 0.360746 0.473523 0.360746 0.471988 0.359649 0.47122 0.359649 0.470453 0.358553 0.469685
0 0.326754 0.456639 0.325658 0.457406 0.325658 0.458941 0.326754 0.459708 0.328947 0.459708 0.330044 0.458941 0.330044 0.456639
0 0.52193 0.448196 0.52193 0.448964 0.523026 0.448964
0 0.292763 0.434382 0.291667 0.43515 0.291667 0.435917 0.292763 0.435917
0 0.583333 0.433615 0.583333 0.434382 0.58443 0.43515 0.58443 0.434382
0 0.283991 0.430545 0.285088 0.431312 0.285088 0.430545
0 0.494518 0.417498 0.493421 0.418266 0.493421 0.419033 0.492325 0.4198 0.493421 0.420568 0.493421 0.421335 0.494518 0.421335 0.495614 0.422103 0.497807 0.420568 0.497807 0.417498
0 0.339912 0.403684 0.339912 0.404451 0.341009 0.405219 0.343202 0.405219 0.343202 0.403684
0 0.620614 0.399079 0.622807 0.400614 0.622807 0.399079
0 0.321272 0.397544 0.321272 0.398312 0.322368 0.398312
0 0.487939 0.387567 0.486842 0.388335 0.486842 0.389102 0.485746 0.38987 0.485746 0.390637 0.484649 0.391404 0.485746 0.392172 0.485746 0.393707 0.487939 0.395242 0.490132 0.395242 0.490132 0.394474 0.492325 0.392939 0.492325 0.391404 0.493421 0.390637 0.493421 0.38987 0.492325 0.389102 0.492325 0.388335 0.491228 0.388335 0.490132 0.387567
0 0.338816 0.3868 0.338816 0.387567 0.339912 0.3868
0 0.323465 0.37145 0.323465 0.372218 0.324561 0.37145
0 0.510965 0.368381 0.508772 0.369916 0.506579 0.369916 0.505482 0.370683 0.504386 0.370683 0.502193 0.372218 0.502193 0.372985 0.5 0.37452 0.5 0.376823 0.502193 0.378358 0.504386 0.378358 0.505482 0.37759 0.506579 0.37759 0.509868 0.375288 0.509868 0.37452 0.510965 0.373753 0.510965 0.372985 0.512061 0.372218 0.512061 0.37145 0.513158 0.370683 0.513158 0.369916 0.514254 0.369148 0.513158 0.368381
0 0.445175 0.368381 0.442982 0.369916 0.441886 0.369916 0.4375 0.372985 0.4375 0.375288 0.436404 0.376055 0.436404 0.376823 0.4375 0.376823 0.438596 0.37759 0.438596 0.378358 0.439693 0.378358 0.440789 0.379125 0.441886 0.379125 0.446272 0.376055 0.446272 0.375288 0.447368 0.37452 0.448465 0.37452 0.448465 0.372985 0.449561 0.372218 0.449561 0.369148 0.448465 0.368381
0 0.638158 0.362241 0.637061 0.363008 0.637061 0.363776 0.635965 0.364543 0.635965 0.365311 0.638158 0.365311 0.639254 0.364543 0.639254 0.363776 0.640351 0.363008 0.640351 0.362241
0 0.582237 0.356101 0.582237 0.359171 0.583333 0.359939 0.585526 0.359939 0.585526 0.359171 0.586623 0.358404 0.585526 0.357636 0.585526 0.356101
0 0.413377 0.355334 0.411184 0.356869 0.411184 0.359939 0.412281 0.360706 0.413377 0.360706 0.414474 0.361474 0.41557 0.361474 0.41557 0.360706 0.416667 0.359939 0.416667 0.358404 0.417763 0.357636 0.417763 0.355334
0 0.502193 0.33845 0.501096 0.339217 0.5 0.339217 0.498904 0.339985 0.496711 0.339985 0.495614 0.340752 0.494518 0.340752 0.493421 0.34152 0.493421 0.342287 0.492325 0.343054 0.491228 0.343054 0.490132 0.343822 0.490132 0.344589 0.491228 0.345357 0.491228 0.347659 0.492325 0.348427 0.492325 0.349194 0.493421 0.349962 0.496711 0.349962 0.5 0.347659 0.5 0.346892 0.503289 0.344589 0.503289 0.343822 0.504386 0.343054 0.504386 0.342287 0.505482 0.34152 0.505482 0.339985 0.503289 0.33845
0 0.385965 0.333845 0.385965 0.33538 0.387061 0.33538 0.387061 0.333845
0 0.483553 0.306216 0.483553 0.307751 0.484649 0.307751 0.485746 0.306984 0.484649 0.306216
0 0.377193 0.304682 0.377193 0.305449 0.378289 0.304682
0 0.495614 0.298542 0.495614 0.299309 0.497807 0.299309 0.497807 0.298542
0 0.457237 0.292402 0.457237 0.294705 0.45943 0.294705 0.45943 0.29317 0.458333 0.292402
0 0.595395 0.290867 0.595395 0.291635 0.597588 0.291635 0.597588 0.290867
0 0.598684 0.275518 0.598684 0.280123 0.599781 0.280123 0.599781 0.279355 0.600877 0.278588 0.600877 0.276285 0.599781 0.275518
0 0.441886 0.270146 0.441886 0.270913 0.442982 0.270913 0.442982 0.270146
0 0.496711 0.268611 0.496711 0.269378 0.497807 0.268611
0 0.508772 0.267076 0.508772 0.267843 0.509868 0.267843
0 0.452851 0.265541 0.451754 0.266309 0.453947 0.266309 0.453947 0.265541
0 0.47807 0.263239 0.47807 0.264006 0.479167 0.263239
0 0.41886 0.261704 0.41886 0.262471 0.419956 0.263239 0.421053 0.262471 0.421053 0.261704
0 0.615132 0.260936 0.614035 0.261704 0.614035 0.262471 0.612939 0.263239 0.614035 0.264006 0.614035 0.264774 0.615132 0.264774 0.616228 0.264006 0.616228 0.263239 0.617325 0.262471 0.617325 0.261704 0.616228 0.260936
0 0.427632 0.257866 0.427632 0.258634 0.428728 0.257866 0.429825 0.257866
0 0.625 0.252494 0.623904 0.253262 0.626096 0.253262
0 0.508772 0.247889 0.506579 0.249424 0.507675 0.250192 0.508772 0.249424 0.510965 0.249424 0.510965 0.248657 0.509868 0.247889
0 0.641447 0.246355 0.640351 0.247122 0.638158 0.247122 0.638158 0.247889 0.639254 0.247122 0.641447 0.247122 0.642544 0.246355
0 0.677632 0.240982 0.677632 0.24175 0.678728 0.24175 0.678728 0.240982
0 0.542763 0.227168 0.542763 0.228703 0.54386 0.227936 0.54386 0.227168
0 0.502193 0.224866 0.501096 0.225633 0.501096 0.226401 0.502193 0.226401
0 0.617325 0.217959 0.616228 0.218726 0.617325 0.218726
0 0.45943 0.206447 0.45943 0.207214 0.458333 0.207982 0.460526 0.207982 0.460526 0.206447
0 0.667763 0.205679 0.667763 0.206447 0.669956 0.206447 0.669956 0.205679
0 0.600877 0.204912 0.599781 0.205679 0.601974 0.205679 0.601974 0.204912
0 0.583333 0.202609 0.583333 0.203377 0.58443 0.203377 0.585526 0.202609
0 0.598684 0.191097 0.598684 0.192632 0.599781 0.192632 0.599781 0.191865
0 0.60636 0.18726 0.605263 0.188028 0.605263 0.188795 0.60636 0.188795 0.60636 0.188028 0.607456 0.18726
0 0.531798 0.168074 0.531798 0.168841 0.532895 0.168841 0.532895 0.168074
