0 0.310307 0.679202 0.310307 0.679969 0.309211 0.680737 0.309211 0.683039 0.310307 0.683807 0.310307 0.683039 0.309211 0.682272 0.309211 0.681504 0.310307 0.680737 0.310307 0.679969 0.311404 0.679202
0 0.333333 0.653108 0.33443 0.653876 0.33443 0.653108
0 0.35307 0.623945 0.35307 0.624712 0.354167 0.624712 0.354167 0.623945
0 0.292763 0.615503 0.292763 0.617038 0.29386 0.617038 0.29386 0.61627
0 0.33114 0.614735 0.33114 0.615503 0.332237 0.615503
0 0.241228 0.610898 0.241228 0.611665 0.242325 0.611665 0.242325 0.610898
0 0.380482 0.607061 0.380482 0.607828 0.381579 0.607828 0.381579 0.607061
0 0.403509 0.583269 0.403509 0.584804 0.404605 0.584804 0.404605 0.584037
0 0.285088 0.577897 0.283991 0.578665 0.283991 0.579432 0.282895 0.5802 0.283991 0.5802 0.283991 0.579432 0.285088 0.578665
0 0.33443 0.575595 0.333333 0.576362 0.333333 0.57713 0.33443 0.577897 0.335526 0.577897 0.337719 0.579432 0.337719 0.5802 0.338816 0.5802 0.342105 0.582502 0.344298 0.582502 0.344298 0.580967 0.341009 0.578665 0.339912 0.578665 0.338816 0.577897 0.337719 0.577897
0 0.253289 0.57099 0.253289 0.571757 0.254386 0.571757 0.254386 0.57099
0 0.29057 0.559478 0.29057 0.560246 0.291667 0.560246 0.291667 0.559478
0 0.335526 0.551036 0.335526 0.551804 0.336623 0.552571 0.337719 0.552571 0.337719 0.551036
0 0.453947 0.539524 0.453947 0.540292 0.455044 0.540292 0.45614 0.541059 0.458333 0.541059 0.460526 0.542594 0.461623 0.542594 0.462719 0.543361 0.463816 0.543361 0.460526 0.541059 0.45943 0.541059 0.458333 0.540292 0.45614 0.540292 0.455044 0.539524
0 0.411184 0.537222 0.411184 0.539524 0.410088 0.540292 0.411184 0.541059 0.411184 0.541827 0.412281 0.542594 0.412281 0.546431 0.41557 0.544129 0.41557 0.541059 0.414474 0.540292 0.414474 0.539524 0.41557 0.538757 0.414474 0.537989 0.413377 0.537989 0.412281 0.537222
0 0.326754 0.533384 0.326754 0.535687 0.328947 0.537222 0.330044 0.536454 0.330044 0.535687 0.33114 0.534919 0.328947 0.533384
0 0.265351 0.529547 0.264254 0.530315 0.264254 0.53185 0.266447 0.53185 0.267544 0.531082 0.267544 0.530315 0.266447 0.529547
0 0.379386 0.52878 0.378289 0.529547 0.376096 0.529547 0.372807 0.53185 0.372807 0.532617 0.371711 0.533384 0.371711 0.534919 0.370614 0.535687 0.370614 0.537222 0.371711 0.537989 0.371711 0.538757 0.372807 0.539524 0.373904 0.539524 0.375 0.540292 0.376096 0.539524 0.377193 0.539524 0.378289 0.538757 0.379386 0.538757 0.381579 0.537222 0.381579 0.536454 0.382675 0.535687 0.382675 0.534152 0.383772 0.533384 0.383772 0.531082 0.384868 0.530315 0.383772 0.529547 0.383772 0.52878
0 0.425439 0.527245 0.424342 0.528012 0.424342 0.529547 0.425439 0.52878 0.426535 0.52878 0.427632 0.528012 0.427632 0.527245
0 0.423246 0.501151 0.422149 0.501919 0.422149 0.502686 0.423246 0.503454
0 0.274123 0.494244 0.274123 0.495779 0.275219 0.495779 0.275219 0.494244
0 0.474781 0.481197 0.474781 0.481965 0.475877 0.481965 0.475877 0.481197
0 0.29386 0.481197 0.292763 0.481965 0.29386 0.481965
0 0.309211 0.48043 0.309211 0.481965 0.310307 0.482732 0.311404 0.481965 0.311404 0.481197 0.310307 0.48043
0 0.319079 0.476592 0.317982 0.47736 0.317982 0.478895 0.319079 0.479662 0.319079 0.48043 0.320175 0.481197 0.322368 0.481197 0.323465 0.48043 0.323465 0.478127 0.322368 0.47736 0.322368 0.476592
0 0.347588 0.472755 0.346491 0.473523 0.345395 0.473523 0.345395 0.47429 0.346491 0.475058 0.346491 0.475825 0.347588 0.476592 0.347588 0.47736 0.350877 0.479662 0.354167 0.479662 0.355263 0.478895 0.35636 0.478895 0.35636 0.47429 0.355263 0.473523 0.354167 0.473523 0.35307 0.472755
0 0.519737 0.47122 0.520833 0.471988 0.52193 0.471988 0.520833 0.47122
0 0.322368 0.460476 0.320175 0.462011 0.320175 0.463546 0.322368 0.465081 0.323465 0.465081 0.325658 0.463546 0.325658 0.461243 0.324561 0.460476
0 0.286184 0.456639 0.285088 0.457406 0.286184 0.457406 0.287281 0.456639
0 0.513158 0.445127 0.514254 0.445894 0.516447 0.445894 0.515351 0.445127
0 0.294956 0.438987 0.294956 0.440522 0.297149 0.440522 0.297149 0.439754 0.296053 0.438987
0 0.539474 0.434382 0.538377 0.43515 0.539474 0.435917 0.542763 0.435917 0.54386 0.43515 0.54386 0.434382
0 0.497807 0.419033 0.495614 0.420568 0.495614 0.422103 0.497807 0.423638 0.498904 0.423638 0.5 0.42287 0.5 0.420568
0 0.335526 0.405219 0.335526 0.407521 0.337719 0.409056 0.338816 0.408289 0.338816 0.405986 0.337719 0.405219
0 0.611842 0.402149 0.611842 0.403684 0.612939 0.404451 0.614035 0.403684 0.614035 0.402916 0.612939 0.402149
0 0.325658 0.400614 0.324561 0.401381 0.324561 0.402149 0.326754 0.402149 0.326754 0.401381
0 0.604167 0.38987 0.604167 0.391404 0.60636 0.392939 0.607456 0.392939 0.608553 0.393707 0.609649 0.393707 0.609649 0.392939 0.60636 0.390637 0.60636 0.38987
0 0.491228 0.385265 0.489035 0.3868 0.489035 0.389102 0.486842 0.390637 0.486842 0.392939 0.489035 0.394474 0.493421 0.394474 0.493421 0.393707 0.494518 0.392939 0.494518 0.392172 0.495614 0.391404 0.495614 0.390637 0.494518 0.38987 0.494518 0.387567 0.493421 0.3868 0.493421 0.386032 0.492325 0.385265
0 0.501096 0.376055 0.5 0.376823 0.5 0.378358 0.498904 0.379125 0.498904 0.382962 0.501096 0.384497 0.502193 0.384497 0.504386 0.382962 0.506579 0.382962 0.507675 0.382195 0.508772 0.382195 0.509868 0.381427 0.509868 0.37759 0.507675 0.376055
0 0.325658 0.37452 0.326754 0.375288 0.326754 0.37452
0 0.626096 0.367613 0.627193 0.368381 0.627193 0.369148 0.628289 0.369148 0.629386 0.369916 0.629386 0.368381 0.628289 0.367613
0 0.446272 0.365311 0.445175 0.366078 0.445175 0.366846 0.444079 0.367613 0.444079 0.369916 0.442982 0.370683 0.444079 0.37145 0.442982 0.372218 0.444079 0.372985 0.444079 0.373753 0.445175 0.37452 0.446272 0.37452 0.447368 0.373753 0.449561 0.373753 0.451754 0.372218 0.451754 0.370683 0.452851 0.369916 0.452851 0.366846 0.450658 0.365311
0 0.582237 0.363776 0.582237 0.365311 0.58114 0.366078 0.58114 0.368381 0.582237 0.369148 0.582237 0.369916 0.583333 0.370683 0.583333 0.369916 0.585526 0.368381 0.585526 0.366846 0.586623 0.366078 0.586623 0.364543 0.585526 0.363776
0 0.414474 0.354566 0.412281 0.356101 0.412281 0.357636 0.413377 0.358404 0.413377 0.359171 0.41557 0.360706 0.416667 0.360706 0.41886 0.359171 0.41886 0.357636 0.417763 0.356869 0.417763 0.356101 0.416667 0.355334 0.416667 0.354566
0 0.389254 0.346892 0.389254 0.347659 0.390351 0.347659 0.390351 0.346892
0 0.492325 0.343822 0.491228 0.344589 0.490132 0.344589 0.489035 0.345357 0.489035 0.347659 0.490132 0.348427 0.490132 0.349194 0.492325 0.350729 0.493421 0.350729 0.494518 0.351497 0.496711 0.351497 0.497807 0.350729 0.498904 0.350729 0.498904 0.349962 0.5 0.349194 0.5 0.348427 0.498904 0.347659 0.498904 0.346124 0.496711 0.344589 0.494518 0.344589 0.493421 0.343822
0 0.333333 0.339985 0.332237 0.340752 0.332237 0.34152 0.333333 0.34152
0 0.491228 0.304682 0.489035 0.306216 0.490132 0.306984 0.491228 0.306216 0.492325 0.306216 0.492325 0.304682
0 0.332237 0.304682 0.33114 0.305449 0.33114 0.306216 0.332237 0.305449
0 0.337719 0.302379 0.337719 0.303147 0.338816 0.303147 0.338816 0.302379
0 0.494518 0.300844 0.494518 0.301612 0.493421 0.302379 0.495614 0.302379 0.495614 0.300844
0 0.458333 0.294705 0.458333 0.296239 0.460526 0.296239 0.460526 0.295472 0.45943 0.294705
0 0.60307 0.289332 0.60307 0.290867 0.604167 0.290867 0.604167 0.289332
0 0.498904 0.269378 0.498904 0.270146 0.5 0.270146 0.5 0.269378
0 0.447368 0.269378 0.446272 0.270146 0.448465 0.270146 0.448465 0.269378
0 0.506579 0.268611 0.505482 0.269378 0.505482 0.270146 0.506579 0.270146
0 0.609649 0.267843 0.608553 0.268611 0.607456 0.268611 0.60307 0.271681 0.601974 0.271681 0.600877 0.272448 0.600877 0.273983 0.601974 0.273983 0.605263 0.271681 0.60636 0.271681 0.607456 0.270913 0.608553 0.270913 0.610746 0.269378 0.610746 0.268611
0 0.675439 0.266309 0.675439 0.267076 0.676535 0.267076
0 0.559211 0.266309 0.558114 0.267076 0.558114 0.267843 0.559211 0.267843
0 0.480263 0.264774 0.480263 0.265541 0.479167 0.266309 0.479167 0.267076 0.480263 0.267076 0.480263 0.265541 0.48136 0.264774
0 0.421053 0.263239 0.41886 0.264774 0.419956 0.265541 0.421053 0.265541 0.422149 0.264774 0.422149 0.264006
0 0.703947 0.262471 0.705044 0.263239 0.70614 0.262471
0 0.498904 0.251727 0.497807 0.252494 0.496711 0.252494 0.495614 0.253262 0.494518 0.253262 0.492325 0.254797 0.491228 0.254797 0.490132 0.255564 0.489035 0.255564 0.489035 0.256332 0.492325 0.256332 0.493421 0.255564 0.494518 0.255564 0.495614 0.254797 0.497807 0.254797 0.501096 0.252494 0.501096 0.251727
0 0.673246 0.244052 0.672149 0.24482 0.673246 0.24482
0 0.5625 0.237913 0.5625 0.23868 0.563596 0.23868 0.563596 0.237913
0 0.54057 0.231773 0.54057 0.23254 0.541667 0.23254 0.541667 0.231773
0 0.498904 0.22947 0.497807 0.230238 0.496711 0.230238 0.496711 0.231005 0.497807 0.231005 0.5 0.22947
0 0.45943 0.227168 0.458333 0.227936 0.45614 0.227936 0.45614 0.228703 0.45943 0.228703 0.460526 0.227936 0.460526 0.227168
0 0.611842 0.221796 0.611842 0.222563 0.612939 0.221796
0 0.455044 0.214121 0.452851 0.215656 0.452851 0.216424 0.453947 0.216424 0.455044 0.215656 0.455044 0.214889 0.45614 0.214121
0 0.661184 0.208749 0.660088 0.209517 0.661184 0.210284 0.662281 0.209517 0.662281 0.208749
0 0.597588 0.207982 0.597588 0.208749 0.598684 0.208749 0.599781 0.207982
0 0.58443 0.203377 0.58443 0.204144 0.586623 0.204144 0.586623 0.203377
0 0.600877 0.194167 0.599781 0.194935 0.599781 0.195702 0.600877 0.195702 0.601974 0.194935
0 0.632675 0.175748 0.632675 0.176516 0.633772 0.176516
0 0.532895 0.175748 0.532895 0.178051 0.533991 0.178051 0.533991 0.175748
0 0.571272 0.149655 0.571272 0.150422 0.572368 0.150422 0.572368 0.149655
0 0.620614 0.142748 0.620614 0.14505 0.621711 0.145817 0.621711 0.14505 0.620614 0.144282
0 0.642544 0.14198 0.642544 0.143515 0.64364 0.143515 0.644737 0.142748 0.64364 0.14198
