0 0.243421 0.663085 0.243421 0.666155 0.243421 0.663853 0.244518 0.663085
0 0.313596 0.660783 0.313596 0.662318 0.314693 0.663085 0.314693 0.66155
0 0.29057 0.638526 0.29057 0.639294 0.291667 0.639294 0.291667 0.638526
0 0.351974 0.61934 0.351974 0.620107 0.35307 0.620107
0 0.239035 0.61934 0.239035 0.620107 0.240132 0.620107 0.240132 0.61934
0 0.247807 0.609363 0.247807 0.61013 0.248904 0.61013
0 0.298246 0.604758 0.297149 0.605526 0.297149 0.606293 0.298246 0.607061 0.299342 0.606293 0.299342 0.605526
0 0.369518 0.593246 0.372807 0.595549 0.372807 0.596316 0.373904 0.596316 0.375 0.597084 0.373904 0.596316 0.373904 0.595549 0.370614 0.593246
0 0.389254 0.584804 0.389254 0.585572 0.391447 0.585572 0.390351 0.585572
0 0.369518 0.584804 0.370614 0.585572 0.370614 0.584804
0 0.335526 0.57406 0.33443 0.574827 0.33443 0.575595 0.333333 0.576362 0.333333 0.57713 0.33443 0.577897 0.33443 0.578665 0.336623 0.578665 0.337719 0.577897 0.337719 0.574827 0.336623 0.57406
0 0.285088 0.572525 0.285088 0.573292 0.286184 0.57406 0.286184 0.572525
0 0.258772 0.56792 0.257675 0.568688 0.258772 0.568688
0 0.29386 0.555641 0.29386 0.557176 0.294956 0.557176 0.294956 0.556408
0 0.33114 0.540292 0.33114 0.544129 0.330044 0.544896 0.330044 0.545664 0.328947 0.546431 0.328947 0.549501 0.330044 0.549501 0.33114 0.548734 0.33114 0.547966 0.336623 0.544129 0.336623 0.542594 0.333333 0.540292
0 0.369518 0.537222 0.368421 0.537989 0.367325 0.537989 0.367325 0.538757 0.366228 0.539524 0.366228 0.542594 0.368421 0.544129 0.369518 0.543361 0.370614 0.543361 0.371711 0.544129 0.372807 0.543361 0.373904 0.543361 0.376096 0.541827 0.377193 0.541827 0.377193 0.538757 0.375 0.537222
0 0.485746 0.52878 0.484649 0.529547 0.484649 0.530315 0.485746 0.529547
0 0.27193 0.52878 0.27193 0.530315 0.273026 0.531082 0.274123 0.530315 0.275219 0.530315 0.275219 0.529547 0.274123 0.52878
0 0.506579 0.5165 0.506579 0.517268 0.508772 0.518803 0.508772 0.518035
0 0.279605 0.491942 0.279605 0.492709 0.280702 0.492709 0.281798 0.493477 0.281798 0.491942
0 0.472588 0.479662 0.472588 0.48043 0.473684 0.481197 0.474781 0.48043 0.474781 0.479662
0 0.29386 0.478895 0.29386 0.48043 0.294956 0.48043 0.294956 0.479662
0 0.339912 0.47429 0.337719 0.475825 0.338816 0.476592 0.338816 0.478127 0.339912 0.478895 0.341009 0.478895 0.342105 0.479662 0.344298 0.479662 0.345395 0.48043 0.347588 0.48043 0.349781 0.478895 0.349781 0.47736 0.348684 0.47736 0.346491 0.475825 0.346491 0.475058 0.345395 0.47429
0 0.322368 0.467383 0.321272 0.46815 0.321272 0.471988 0.320175 0.472755 0.321272 0.473523 0.321272 0.475825 0.323465 0.47736 0.324561 0.476592 0.325658 0.476592 0.326754 0.475825 0.326754 0.475058 0.327851 0.47429 0.325658 0.472755 0.325658 0.469685 0.323465 0.46815 0.323465 0.467383
0 0.512061 0.463546 0.513158 0.464313 0.513158 0.465081 0.514254 0.465848 0.514254 0.465081 0.513158 0.464313 0.513158 0.463546
0 0.282895 0.459708 0.282895 0.460476 0.283991 0.461243 0.285088 0.460476 0.285088 0.459708
0 0.548246 0.450499 0.548246 0.452034 0.549342 0.452034 0.550439 0.452801 0.550439 0.452034
0 0.301535 0.446662 0.301535 0.451266 0.302632 0.452034 0.303728 0.451266 0.303728 0.447429 0.302632 0.446662
0 0.510965 0.443592 0.510965 0.444359 0.513158 0.444359 0.512061 0.443592
0 0.257675 0.43515 0.258772 0.435917 0.258772 0.43515
0 0.528509 0.434382 0.528509 0.43515 0.529605 0.435917 0.530702 0.435917 0.531798 0.436685 0.532895 0.436685 0.532895 0.435917 0.530702 0.434382
0 0.507675 0.425173 0.505482 0.426708 0.505482 0.428243 0.506579 0.42901 0.508772 0.42901 0.508772 0.42594
0 0.502193 0.413661 0.501096 0.414428 0.5 0.414428 0.498904 0.415196 0.498904 0.415963 0.497807 0.416731 0.497807 0.421335 0.498904 0.422103 0.498904 0.423638 0.5 0.423638 0.502193 0.425173 0.502193 0.424405 0.503289 0.423638 0.503289 0.42287 0.502193 0.422103 0.502193 0.4198 0.503289 0.419033 0.503289 0.417498 0.504386 0.416731 0.504386 0.413661
0 0.337719 0.412126 0.335526 0.413661 0.335526 0.4198 0.338816 0.4198 0.339912 0.419033 0.341009 0.419033 0.343202 0.417498 0.343202 0.415963 0.339912 0.413661 0.339912 0.412893 0.338816 0.412126
0 0.620614 0.410591 0.618421 0.412126 0.616228 0.412126 0.615132 0.411358 0.614035 0.411358 0.614035 0.412126 0.615132 0.412126 0.616228 0.412893 0.617325 0.412893 0.619518 0.414428 0.620614 0.414428 0.620614 0.413661 0.619518 0.412893 0.619518 0.412126 0.621711 0.410591
0 0.564693 0.399847 0.563596 0.400614 0.5625 0.400614 0.561404 0.401381 0.560307 0.401381 0.559211 0.402149 0.558114 0.402149 0.557018 0.402916 0.557018 0.404451 0.553728 0.406754 0.553728 0.409823 0.557018 0.407521 0.557018 0.405986 0.558114 0.405219 0.558114 0.404451 0.559211 0.403684 0.560307 0.403684 0.561404 0.402916 0.5625 0.402916 0.564693 0.401381 0.567982 0.401381 0.567982 0.400614 0.566886 0.400614 0.565789 0.399847
0 0.33443 0.398312 0.33443 0.399847 0.335526 0.400614 0.335526 0.402149 0.336623 0.402916 0.337719 0.402916 0.337719 0.399847 0.335526 0.398312
0 0.328947 0.394474 0.327851 0.395242 0.327851 0.396009 0.328947 0.396009 0.330044 0.395242 0.330044 0.394474
0 0.491228 0.393707 0.491228 0.396009 0.493421 0.397544 0.493421 0.399079 0.492325 0.399847 0.493421 0.400614 0.493421 0.401381 0.494518 0.401381 0.496711 0.402916 0.498904 0.402916 0.5 0.402149 0.5 0.401381 0.501096 0.400614 0.501096 0.399847 0.5 0.399079 0.5 0.398312 0.498904 0.397544 0.497807 0.397544 0.496711 0.396777 0.495614 0.396777 0.493421 0.395242 0.493421 0.394474 0.492325 0.393707
0 0.60307 0.392939 0.601974 0.393707 0.600877 0.393707 0.599781 0.394474 0.599781 0.395242 0.600877 0.396009 0.605263 0.396009 0.60636 0.395242 0.60636 0.393707 0.605263 0.392939
0 0.600877 0.379125 0.599781 0.379893 0.599781 0.381427 0.600877 0.382195 0.600877 0.38373 0.60307 0.385265 0.604167 0.384497 0.604167 0.381427 0.60307 0.38066 0.60307 0.379125
0 0.655702 0.378358 0.656798 0.379125 0.656798 0.378358
0 0.585526 0.373753 0.58443 0.37452 0.58443 0.375288 0.583333 0.376055 0.58443 0.376823 0.58443 0.37759 0.585526 0.378358 0.587719 0.378358 0.588816 0.37759 0.588816 0.375288 0.586623 0.373753
0 0.619518 0.366078 0.619518 0.367613 0.620614 0.368381 0.621711 0.367613 0.621711 0.366078
0 0.547149 0.364543 0.546053 0.365311 0.542763 0.365311 0.541667 0.366078 0.539474 0.366078 0.538377 0.366846 0.537281 0.366846 0.536184 0.367613 0.536184 0.368381 0.535088 0.369148 0.533991 0.369148 0.532895 0.369916 0.529605 0.369916 0.528509 0.370683 0.526316 0.370683 0.525219 0.37145 0.52193 0.37145 0.520833 0.372218 0.519737 0.372218 0.515351 0.375288 0.514254 0.375288 0.513158 0.37452 0.512061 0.37452 0.510965 0.373753 0.507675 0.373753 0.502193 0.37759 0.501096 0.37759 0.501096 0.379125 0.5 0.379893 0.5 0.386032 0.501096 0.3868 0.503289 0.3868 0.508772 0.382962 0.510965 0.382962 0.512061 0.382195 0.514254 0.382195 0.515351 0.382962 0.515351 0.382195 0.517544 0.38066 0.51864 0.38066 0.520833 0.379125 0.52193 0.379125 0.523026 0.378358 0.524123 0.378358 0.527412 0.376055 0.528509 0.376055 0.530702 0.37759 0.532895 0.37759 0.533991 0.376823 0.536184 0.376823 0.537281 0.376055 0.538377 0.376055 0.541667 0.373753 0.54386 0.373753 0.548246 0.370683 0.549342 0.370683 0.553728 0.373753 0.561404 0.373753 0.5625 0.372985 0.563596 0.372985 0.564693 0.372218 0.565789 0.372985 0.566886 0.372985 0.567982 0.373753 0.569079 0.372985 0.569079 0.372218 0.570175 0.37145 0.570175 0.369916 0.569079 0.369148 0.569079 0.368381 0.567982 0.367613 0.567982 0.366846 0.566886 0.367613 0.561404 0.367613 0.560307 0.366846 0.558114 0.366846 0.557018 0.366078 0.555921 0.366078 0.554825 0.366846 0.553728 0.366846 0.550439 0.364543
0 0.439693 0.363776 0.4375 0.365311 0.438596 0.366078 0.438596 0.368381 0.440789 0.369916 0.441886 0.369916 0.442982 0.370683 0.444079 0.370683 0.445175 0.37145 0.447368 0.37145 0.448465 0.370683 0.449561 0.370683 0.449561 0.368381 0.448465 0.367613 0.448465 0.366846 0.445175 0.364543 0.441886 0.364543 0.440789 0.363776
0 0.41557 0.354566 0.414474 0.355334 0.414474 0.356869 0.413377 0.357636 0.413377 0.358404 0.414474 0.359171 0.414474 0.359939 0.41557 0.360706 0.417763 0.360706 0.41886 0.359939 0.419956 0.359939 0.421053 0.359171 0.421053 0.356101 0.41886 0.354566
0 0.493421 0.349194 0.491228 0.350729 0.491228 0.353799 0.492325 0.354566 0.492325 0.356101 0.491228 0.356869 0.491228 0.359171 0.490132 0.359939 0.490132 0.367613 0.491228 0.368381 0.491228 0.369148 0.492325 0.369916 0.498904 0.369916 0.5 0.369148 0.501096 0.369148 0.504386 0.366846 0.504386 0.362241 0.505482 0.361474 0.505482 0.360706 0.504386 0.359939 0.504386 0.358404 0.503289 0.357636 0.503289 0.356869 0.498904 0.353799 0.498904 0.353031 0.497807 0.352264 0.497807 0.349962 0.496711 0.349194
0 0.333333 0.344589 0.333333 0.345357 0.33443 0.345357 0.33443 0.344589
0 0.385965 0.312356 0.385965 0.313124 0.387061 0.313124
0 0.495614 0.300844 0.494518 0.301612 0.494518 0.302379 0.495614 0.303147 0.496711 0.303147 0.496711 0.301612
0 0.342105 0.300844 0.342105 0.301612 0.343202 0.301612 0.343202 0.300844
0 0.45943 0.294705 0.45943 0.296239 0.460526 0.297007 0.461623 0.297007 0.462719 0.296239 0.462719 0.294705
0 0.523026 0.292402 0.52193 0.29317 0.520833 0.29317 0.52193 0.293937 0.524123 0.293937 0.524123 0.292402
0 0.609649 0.288565 0.609649 0.289332 0.610746 0.289332 0.610746 0.288565
0 0.530702 0.28703 0.530702 0.289332 0.531798 0.288565 0.531798 0.287797
0 0.555921 0.271681 0.557018 0.272448 0.557018 0.271681
0 0.446272 0.270913 0.446272 0.271681 0.448465 0.271681 0.447368 0.270913
0 0.501096 0.270146 0.5 0.270913 0.5 0.272448 0.502193 0.272448 0.502193 0.270913
0 0.41557 0.270146 0.412281 0.272448 0.412281 0.273216 0.411184 0.273983 0.411184 0.274751 0.410088 0.275518 0.412281 0.273983 0.412281 0.273216 0.414474 0.271681 0.414474 0.270913
0 0.673246 0.266309 0.672149 0.267076 0.673246 0.267076
0 0.421053 0.264774 0.41886 0.266309 0.41886 0.267843 0.417763 0.268611 0.41886 0.268611 0.421053 0.267076 0.422149 0.267076 0.422149 0.265541
0 0.680921 0.264006 0.679825 0.264774 0.680921 0.265541 0.682018 0.264774 0.684211 0.264774 0.685307 0.264006
0 0.47807 0.255564 0.47807 0.257866 0.479167 0.258634 0.480263 0.258634 0.48136 0.257866 0.48136 0.256332 0.480263 0.255564
0 0.399123 0.250959 0.400219 0.251727 0.400219 0.250959
0 0.667763 0.247889 0.66886 0.248657 0.66886 0.247889
0 0.560307 0.240215 0.560307 0.240982 0.561404 0.240982 0.561404 0.240215
0 0.537281 0.23561 0.537281 0.236378 0.538377 0.236378 0.538377 0.23561
0 0.495614 0.231773 0.494518 0.23254 0.495614 0.233308 0.496711 0.233308 0.497807 0.23254 0.497807 0.231773
0 0.457237 0.22947 0.45614 0.230238 0.457237 0.231005 0.458333 0.230238
0 0.451754 0.219493 0.450658 0.220261 0.449561 0.220261 0.449561 0.221796 0.450658 0.221796 0.452851 0.220261
0 0.650219 0.214121 0.649123 0.214889 0.649123 0.215656 0.650219 0.215656 0.652412 0.214121
0 0.586623 0.203377 0.585526 0.204144 0.586623 0.204912 0.587719 0.204144 0.588816 0.204144 0.587719 0.204144
0 0.642544 0.201074 0.641447 0.201842 0.64364 0.201842 0.64364 0.201074
0 0.595395 0.198005 0.595395 0.198772 0.596491 0.198772 0.597588 0.198005
0 0.663377 0.195702 0.661184 0.197237 0.660088 0.197237 0.663377 0.197237 0.66557 0.195702
0 0.623904 0.182655 0.623904 0.183423 0.625 0.183423 0.625 0.182655
0 0.542763 0.181888 0.542763 0.182655 0.546053 0.182655 0.546053 0.181888
0 0.619518 0.14812 0.618421 0.148887 0.618421 0.149655 0.619518 0.150422 0.620614 0.149655 0.621711 0.149655 0.621711 0.148887 0.620614 0.14812
