0 0.309211 0.677667 0.309211 0.678434 0.313596 0.681504 0.313596 0.682272 0.316886 0.684574 0.315789 0.683807 0.315789 0.683039 0.313596 0.681504 0.313596 0.680737 0.310307 0.678434 0.310307 0.677667
0 0.264254 0.669225 0.263158 0.669992 0.262061 0.669992 0.262061 0.67076 0.263158 0.67076 0.264254 0.669992 0.265351 0.669992 0.266447 0.669225
0 0.276316 0.665388 0.276316 0.666922 0.277412 0.666922 0.276316 0.666155
0 0.317982 0.660783 0.315789 0.662318 0.315789 0.663085 0.3125 0.665388 0.3125 0.666155 0.313596 0.665388 0.314693 0.665388 0.315789 0.66462 0.315789 0.663853 0.316886 0.663085 0.316886 0.662318 0.317982 0.66155
0 0.316886 0.656946 0.316886 0.657713 0.317982 0.657713 0.319079 0.656946
0 0.33114 0.648503 0.33114 0.649271 0.332237 0.649271 0.332237 0.648503
0 0.379386 0.646201 0.380482 0.646969 0.380482 0.646201
0 0.301535 0.634689 0.300439 0.635457 0.300439 0.636224 0.301535 0.636224 0.302632 0.635457 0.302632 0.634689
0 0.350877 0.615503 0.351974 0.61627 0.351974 0.615503
0 0.333333 0.603991 0.333333 0.604758 0.33443 0.605526 0.33443 0.604758
0 0.307018 0.600153 0.307018 0.600921 0.308114 0.601688 0.309211 0.601688 0.309211 0.600153
0 0.379386 0.586339 0.381579 0.587874 0.382675 0.587107 0.381579 0.586339
0 0.368421 0.585572 0.368421 0.587107 0.369518 0.587107 0.369518 0.585572
0 0.41886 0.573292 0.41886 0.57406 0.419956 0.57406
0 0.337719 0.573292 0.335526 0.574827 0.335526 0.576362 0.337719 0.577897 0.339912 0.577897 0.339912 0.574827 0.338816 0.57406 0.338816 0.573292
0 0.286184 0.56792 0.286184 0.569455 0.288377 0.569455 0.288377 0.568688 0.287281 0.56792
0 0.266447 0.564083 0.265351 0.56485 0.266447 0.565618
0 0.298246 0.550269 0.297149 0.551036 0.297149 0.552571 0.298246 0.552571 0.299342 0.551804 0.299342 0.551036
0 0.369518 0.543361 0.368421 0.544129 0.367325 0.544129 0.365132 0.545664 0.365132 0.547199 0.370614 0.551036 0.371711 0.551036 0.372807 0.551804 0.373904 0.551036 0.375 0.551036 0.376096 0.550269 0.376096 0.546431 0.375 0.545664 0.375 0.544896 0.373904 0.544129 0.371711 0.544129 0.370614 0.543361
0 0.335526 0.543361 0.33443 0.544129 0.33443 0.544896 0.333333 0.545664 0.333333 0.546431 0.33443 0.547199 0.33443 0.547966 0.336623 0.549501 0.338816 0.549501 0.339912 0.550269 0.342105 0.550269 0.342105 0.547966 0.341009 0.547199 0.341009 0.546431 0.339912 0.545664 0.338816 0.545664 0.337719 0.544896 0.337719 0.544129 0.336623 0.543361
0 0.277412 0.52878 0.277412 0.531082 0.279605 0.531082 0.279605 0.529547 0.278509 0.52878
0 0.497807 0.509593 0.497807 0.510361 0.5 0.511896 0.5 0.510361 0.498904 0.509593
0 0.252193 0.508058 0.251096 0.508826 0.25 0.508826 0.25 0.509593 0.252193 0.509593 0.253289 0.508826 0.253289 0.508058
0 0.258772 0.507291 0.259868 0.508058 0.260965 0.507291
0 0.289474 0.487337 0.287281 0.488872 0.287281 0.490407 0.288377 0.491174 0.289474 0.490407 0.289474 0.489639 0.29057 0.488872 0.29057 0.487337
0 0.292763 0.481965 0.291667 0.482732 0.291667 0.4835 0.29386 0.4835 0.29386 0.482732
0 0.471491 0.48043 0.471491 0.481197 0.472588 0.481965 0.473684 0.481965 0.473684 0.48043
0 0.337719 0.475825 0.336623 0.476592 0.335526 0.476592 0.335526 0.47736 0.33443 0.478127 0.33443 0.478895 0.333333 0.479662 0.333333 0.481197 0.33443 0.481965 0.335526 0.481965 0.336623 0.482732 0.339912 0.482732 0.341009 0.481965 0.342105 0.481965 0.343202 0.481197 0.343202 0.478895 0.338816 0.475825
0 0.324561 0.469685 0.323465 0.470453 0.322368 0.470453 0.321272 0.47122 0.321272 0.473523 0.323465 0.475058 0.330044 0.475058 0.330044 0.47122 0.328947 0.470453 0.327851 0.470453 0.326754 0.469685
0 0.29057 0.462011 0.292763 0.463546 0.29386 0.463546 0.29386 0.462011
0 0.300439 0.457406 0.299342 0.458173 0.299342 0.458941 0.300439 0.459708 0.301535 0.458941 0.301535 0.458173
0 0.501096 0.450499 0.501096 0.453569 0.502193 0.454336 0.502193 0.455104 0.503289 0.455871 0.503289 0.456639 0.506579 0.458941 0.506579 0.458173 0.503289 0.455871 0.503289 0.452801 0.502193 0.452034 0.502193 0.451266
0 0.542763 0.449731 0.542763 0.450499 0.54386 0.451266 0.544956 0.451266 0.544956 0.449731
0 0.262061 0.437452 0.263158 0.438219 0.264254 0.438219 0.264254 0.437452
0 0.502193 0.436685 0.501096 0.437452 0.501096 0.440522 0.503289 0.442057 0.504386 0.441289 0.504386 0.438219 0.503289 0.437452 0.503289 0.436685
0 0.523026 0.434382 0.523026 0.435917 0.524123 0.435917 0.525219 0.43515 0.524123 0.434382
0 0.510965 0.42594 0.509868 0.426708 0.509868 0.42901 0.510965 0.429777 0.512061 0.429777 0.515351 0.427475 0.516447 0.428243 0.517544 0.427475 0.51864 0.427475 0.51864 0.426708 0.517544 0.42594 0.516447 0.42594 0.514254 0.427475 0.513158 0.426708 0.512061 0.426708
0 0.337719 0.418266 0.336623 0.419033 0.335526 0.419033 0.33443 0.4198 0.333333 0.4198 0.332237 0.420568 0.332237 0.421335 0.33114 0.422103 0.33114 0.42287 0.330044 0.423638 0.330044 0.42594 0.33114 0.426708 0.333333 0.426708 0.336623 0.424405 0.337719 0.424405 0.341009 0.422103 0.341009 0.419033 0.339912 0.419033 0.338816 0.418266
0 0.549342 0.415963 0.549342 0.416731 0.552632 0.416731 0.551535 0.415963
0 0.501096 0.400614 0.5 0.401381 0.498904 0.401381 0.497807 0.402149 0.497807 0.404451 0.498904 0.405219 0.498904 0.406754 0.5 0.407521 0.5 0.409056 0.501096 0.409056 0.503289 0.410591 0.503289 0.411358 0.504386 0.412126 0.504386 0.414428 0.507675 0.414428 0.507675 0.413661 0.509868 0.412126 0.509868 0.411358 0.508772 0.410591 0.507675 0.410591 0.504386 0.408289 0.504386 0.401381 0.503289 0.400614
0 0.576754 0.390637 0.574561 0.392172 0.574561 0.393707 0.573465 0.394474 0.574561 0.395242 0.575658 0.395242 0.575658 0.394474 0.577851 0.392939 0.577851 0.391404
0 0.599781 0.388335 0.598684 0.389102 0.599781 0.38987 0.599781 0.390637 0.601974 0.392172 0.604167 0.392172 0.604167 0.388335
0 0.639254 0.386032 0.640351 0.3868 0.641447 0.3868 0.640351 0.386032
0 0.641447 0.38066 0.640351 0.381427 0.639254 0.381427 0.638158 0.382195 0.639254 0.382962 0.640351 0.382195 0.641447 0.382195 0.642544 0.381427
0 0.330044 0.379893 0.328947 0.38066 0.328947 0.38373 0.330044 0.384497 0.330044 0.3868 0.33114 0.386032 0.33114 0.38066
0 0.591009 0.379125 0.588816 0.38066 0.588816 0.382195 0.589912 0.382962 0.593202 0.382962 0.593202 0.379893 0.592105 0.379893
0 0.651316 0.378358 0.652412 0.379125 0.652412 0.378358
0 0.618421 0.373753 0.620614 0.375288 0.620614 0.376055 0.621711 0.376823 0.621711 0.37759 0.622807 0.376823 0.622807 0.376055 0.619518 0.373753
0 0.610746 0.372218 0.610746 0.372985 0.611842 0.372218
0 0.578947 0.369148 0.575658 0.37145 0.573465 0.37145 0.572368 0.370683 0.566886 0.370683 0.566886 0.376055 0.567982 0.376823 0.567982 0.37759 0.570175 0.379125 0.573465 0.379125 0.574561 0.378358 0.576754 0.378358 0.577851 0.37759 0.578947 0.378358 0.58114 0.378358 0.582237 0.37759 0.582237 0.370683 0.58114 0.369916 0.580044 0.369916
0 0.438596 0.363776 0.4375 0.364543 0.4375 0.366846 0.439693 0.368381 0.444079 0.368381 0.445175 0.367613 0.445175 0.364543 0.444079 0.364543 0.442982 0.363776
0 0.487939 0.362241 0.486842 0.363008 0.486842 0.363776 0.485746 0.364543 0.485746 0.365311 0.484649 0.366078 0.484649 0.370683 0.486842 0.370683 0.487939 0.37145 0.489035 0.37145 0.490132 0.372218 0.490132 0.372985 0.491228 0.373753 0.491228 0.375288 0.492325 0.376055 0.492325 0.376823 0.494518 0.376823 0.495614 0.376055 0.496711 0.376055 0.497807 0.376823 0.498904 0.376823 0.504386 0.38066 0.504386 0.381427 0.505482 0.382195 0.505482 0.38373 0.507675 0.38373 0.508772 0.382962 0.510965 0.382962 0.512061 0.382195 0.513158 0.382195 0.513158 0.38066 0.514254 0.379893 0.510965 0.37759 0.509868 0.37759 0.506579 0.375288 0.506579 0.373753 0.505482 0.372985 0.501096 0.372985 0.5 0.372218 0.498904 0.372218 0.496711 0.370683 0.496711 0.369916 0.5 0.367613 0.501096 0.367613 0.504386 0.365311 0.504386 0.364543 0.502193 0.363008 0.502193 0.362241
0 0.422149 0.354566 0.41886 0.356869 0.41886 0.359939 0.419956 0.360706 0.423246 0.360706 0.425439 0.359171 0.425439 0.358404 0.426535 0.357636 0.425439 0.356869 0.425439 0.356101 0.423246 0.354566
0 0.335526 0.349194 0.333333 0.350729 0.33443 0.350729 0.335526 0.351497 0.336623 0.351497 0.336623 0.349962
0 0.389254 0.317728 0.390351 0.318496 0.391447 0.318496 0.391447 0.317728
0 0.421053 0.316193 0.421053 0.316961 0.422149 0.316961 0.422149 0.316193
0 0.494518 0.300844 0.494518 0.302379 0.495614 0.303147 0.497807 0.303147 0.497807 0.301612 0.496711 0.300844
0 0.433114 0.300077 0.433114 0.300844 0.434211 0.300077
0 0.343202 0.300077 0.343202 0.300844 0.344298 0.300844 0.344298 0.300077
0 0.51864 0.296239 0.517544 0.297007 0.51864 0.297774 0.519737 0.297774 0.520833 0.297007 0.519737 0.296239
0 0.460526 0.296239 0.460526 0.298542 0.461623 0.299309 0.462719 0.299309 0.462719 0.296239
0 0.610746 0.2901 0.611842 0.290867 0.611842 0.2901
0 0.535088 0.28396 0.535088 0.284728 0.533991 0.285495 0.535088 0.286262 0.536184 0.285495 0.537281 0.285495 0.538377 0.284728 0.537281 0.284728 0.536184 0.28396
0 0.497807 0.271681 0.497807 0.273983 0.498904 0.273983 0.498904 0.271681
0 0.440789 0.269378 0.440789 0.270146 0.441886 0.270913 0.444079 0.270913 0.441886 0.269378
0 0.672149 0.268611 0.671053 0.269378 0.671053 0.270146 0.673246 0.270146 0.673246 0.269378 0.674342 0.268611
0 0.372807 0.267843 0.372807 0.268611 0.373904 0.268611 0.373904 0.267843
0 0.421053 0.263239 0.421053 0.264774 0.422149 0.265541 0.423246 0.265541 0.423246 0.264006 0.422149 0.263239
0 0.474781 0.257099 0.472588 0.258634 0.472588 0.260169 0.476974 0.260169 0.47807 0.259401 0.47807 0.258634 0.475877 0.257099
0 0.400219 0.255564 0.399123 0.256332 0.400219 0.256332
0 0.664474 0.249424 0.663377 0.250192 0.664474 0.250192 0.66557 0.249424
0 0.557018 0.243285 0.557018 0.244052 0.558114 0.244052 0.558114 0.243285
0 0.533991 0.239447 0.533991 0.240215 0.535088 0.240982 0.536184 0.240215 0.536184 0.239447
0 0.490132 0.233308 0.489035 0.234075 0.487939 0.234075 0.486842 0.234843 0.486842 0.23561 0.485746 0.236378 0.485746 0.237145 0.490132 0.237145 0.492325 0.23561 0.492325 0.234843 0.493421 0.234075 0.492325 0.233308
0 0.451754 0.23254 0.450658 0.233308 0.449561 0.233308 0.448465 0.234075 0.449561 0.234843 0.450658 0.234075 0.451754 0.234075 0.453947 0.23254
0 0.601974 0.227936 0.601974 0.228703 0.60307 0.227936
0 0.438596 0.224866 0.438596 0.225633 0.440789 0.225633 0.441886 0.224866
0 0.64364 0.218726 0.642544 0.219493 0.644737 0.219493 0.645833 0.218726
0 0.430921 0.214121 0.430921 0.214889 0.432018 0.214889 0.432018 0.214121
0 0.598684 0.211819 0.598684 0.212586 0.599781 0.212586 0.599781 0.211819
0 0.631579 0.205679 0.632675 0.206447 0.633772 0.206447 0.633772 0.205679
0 0.58443 0.203377 0.583333 0.204144 0.583333 0.205679 0.585526 0.205679 0.587719 0.204144 0.587719 0.203377
0 0.620614 0.188028 0.620614 0.188795 0.621711 0.188028
0 0.548246 0.181888 0.547149 0.182655 0.547149 0.18419 0.548246 0.18419 0.549342 0.183423 0.549342 0.181888
0 0.551535 0.179586 0.551535 0.18112 0.552632 0.180353
0 0.520833 0.173446 0.520833 0.174213 0.52193 0.173446
0 0.570175 0.157329 0.570175 0.158097 0.571272 0.157329
0 0.599781 0.148887 0.599781 0.149655 0.600877 0.148887
0 0.611842 0.147352 0.611842 0.148887 0.614035 0.148887 0.614035 0.14812 0.612939 0.147352
