0 0.273026 0.660783 0.273026 0.662318 0.274123 0.662318 0.274123 0.66155
0 0.324561 0.649271 0.323465 0.650038 0.323465 0.652341 0.324561 0.652341 0.324561 0.651573 0.325658 0.650806 0.325658 0.650038
0 0.328947 0.646969 0.328947 0.647736 0.330044 0.647736 0.330044 0.646969
0 0.303728 0.630852 0.302632 0.631619 0.302632 0.632387 0.304825 0.632387 0.304825 0.630852
0 0.211623 0.6132 0.210526 0.613968 0.211623 0.613968
0 0.351974 0.611665 0.351974 0.612433 0.35307 0.612433
0 0.414474 0.609363 0.414474 0.61013 0.41557 0.610898 0.416667 0.610898 0.41557 0.61013 0.41557 0.609363
0 0.246711 0.607828 0.246711 0.608596 0.248904 0.608596 0.248904 0.607828
0 0.33443 0.603223 0.33443 0.603991 0.335526 0.603991
0 0.310307 0.596316 0.310307 0.598619 0.310307 0.597851 0.311404 0.597084
0 0.364035 0.581734 0.364035 0.584037 0.365132 0.584804 0.366228 0.584037 0.366228 0.582502 0.365132 0.582502
0 0.336623 0.57406 0.335526 0.574827 0.335526 0.57713 0.337719 0.578665 0.339912 0.578665 0.341009 0.577897 0.341009 0.575595 0.338816 0.57406
0 0.41557 0.569455 0.41557 0.570223 0.416667 0.570223
0 0.410088 0.561013 0.410088 0.561781 0.412281 0.561781 0.412281 0.561013
0 0.404605 0.557943 0.404605 0.558711 0.405702 0.559478 0.405702 0.560246 0.407895 0.560246 0.407895 0.558711 0.406798 0.557943
0 0.277412 0.554873 0.276316 0.555641 0.276316 0.556408 0.277412 0.556408 0.278509 0.555641
0 0.298246 0.550269 0.298246 0.551804 0.300439 0.551804 0.300439 0.550269
0 0.335526 0.548734 0.333333 0.550269 0.333333 0.553338 0.33443 0.553338 0.335526 0.554106 0.337719 0.554106 0.338816 0.553338 0.339912 0.553338 0.341009 0.552571 0.341009 0.551804 0.339912 0.551036 0.339912 0.550269 0.337719 0.548734
0 0.365132 0.545664 0.365132 0.546431 0.364035 0.547199 0.364035 0.549501 0.362939 0.550269 0.362939 0.551036 0.367325 0.554106 0.371711 0.554106 0.372807 0.553338 0.373904 0.553338 0.376096 0.551804 0.376096 0.547199 0.373904 0.547199 0.372807 0.546431 0.371711 0.546431 0.370614 0.545664
0 0.380482 0.544129 0.379386 0.544896 0.379386 0.545664 0.378289 0.546431 0.378289 0.547199 0.379386 0.547966 0.379386 0.548734 0.381579 0.550269 0.383772 0.550269 0.387061 0.547966 0.387061 0.546431 0.385965 0.545664 0.385965 0.544896 0.384868 0.544129
0 0.279605 0.531082 0.278509 0.53185 0.278509 0.532617 0.279605 0.533384 0.280702 0.533384 0.280702 0.531082
0 0.486842 0.51957 0.486842 0.521105 0.487939 0.521105 0.487939 0.520338
0 0.539474 0.514198 0.54057 0.514965 0.54057 0.514198
0 0.491228 0.505756 0.491228 0.507291 0.492325 0.507291 0.492325 0.506523
0 0.289474 0.4835 0.289474 0.485802 0.291667 0.485802 0.292763 0.485035 0.292763 0.484267 0.291667 0.4835
0 0.471491 0.479662 0.470395 0.48043 0.471491 0.481197 0.471491 0.481965 0.472588 0.481965 0.472588 0.48043
0 0.332237 0.478127 0.33114 0.478895 0.330044 0.478895 0.327851 0.48043 0.327851 0.482732 0.330044 0.484267 0.33443 0.484267 0.336623 0.482732 0.336623 0.479662 0.335526 0.478895 0.33443 0.478895 0.333333 0.478127
0 0.322368 0.470453 0.319079 0.472755 0.319079 0.473523 0.3125 0.478127 0.314693 0.479662 0.319079 0.479662 0.321272 0.478127 0.323465 0.478127 0.325658 0.476592 0.325658 0.475825 0.326754 0.475058 0.326754 0.47122 0.325658 0.470453
0 0.297149 0.462011 0.296053 0.462778 0.296053 0.464313 0.297149 0.464313 0.298246 0.465081 0.299342 0.464313 0.299342 0.462778 0.298246 0.462011
0 0.535088 0.454336 0.533991 0.455104 0.535088 0.455871 0.537281 0.455871 0.537281 0.454336
0 0.275219 0.437452 0.276316 0.438219 0.276316 0.437452
0 0.321272 0.428243 0.320175 0.42901 0.320175 0.429777 0.319079 0.430545 0.319079 0.431312 0.317982 0.43208 0.317982 0.438219 0.320175 0.439754 0.322368 0.439754 0.323465 0.438987 0.323465 0.438219 0.324561 0.437452 0.324561 0.43515 0.323465 0.43515 0.322368 0.434382 0.324561 0.432847 0.325658 0.432847 0.326754 0.43208 0.328947 0.43208 0.330044 0.431312 0.330044 0.42901 0.328947 0.428243
0 0.583333 0.42287 0.583333 0.424405 0.58443 0.425173 0.58443 0.424405 0.583333 0.423638
0 0.548246 0.42287 0.547149 0.423638 0.548246 0.424405 0.549342 0.424405 0.549342 0.423638 0.550439 0.42287
0 0.599781 0.38987 0.598684 0.390637 0.598684 0.392939 0.600877 0.392939 0.601974 0.392172 0.601974 0.390637 0.600877 0.38987
0 0.580044 0.379125 0.580044 0.379893 0.58114 0.38066 0.58114 0.382962 0.582237 0.38373 0.582237 0.384497 0.583333 0.385265 0.583333 0.386032 0.58443 0.3868 0.589912 0.3868 0.591009 0.387567 0.593202 0.387567 0.594298 0.3868 0.594298 0.38373 0.592105 0.382195 0.589912 0.382195 0.586623 0.379893 0.583333 0.379893 0.582237 0.379125
0 0.597588 0.368381 0.596491 0.369148 0.595395 0.369148 0.593202 0.370683 0.593202 0.37145 0.592105 0.372218 0.592105 0.375288 0.593202 0.375288 0.593202 0.37452 0.598684 0.370683 0.598684 0.369148
0 0.442982 0.365311 0.441886 0.366078 0.441886 0.369916 0.442982 0.370683 0.442982 0.37145 0.444079 0.372218 0.448465 0.372218 0.450658 0.370683 0.450658 0.367613 0.448465 0.366078 0.447368 0.366078 0.446272 0.365311
0 0.587719 0.364543 0.583333 0.367613 0.583333 0.368381 0.58443 0.369148 0.58443 0.369916 0.587719 0.369916 0.589912 0.368381 0.589912 0.367613 0.591009 0.366846 0.589912 0.366078 0.589912 0.365311 0.588816 0.364543
0 0.476974 0.360706 0.474781 0.362241 0.473684 0.362241 0.473684 0.363008 0.472588 0.363776 0.472588 0.365311 0.471491 0.366078 0.472588 0.366846 0.472588 0.368381 0.474781 0.369916 0.475877 0.369916 0.47807 0.37145 0.480263 0.37145 0.48136 0.370683 0.483553 0.370683 0.486842 0.372985 0.486842 0.373753 0.487939 0.373753 0.489035 0.372985 0.490132 0.373753 0.493421 0.37145 0.493421 0.370683 0.494518 0.369916 0.494518 0.369148 0.493421 0.369148 0.492325 0.368381 0.489035 0.368381 0.487939 0.367613 0.487939 0.366846 0.484649 0.364543 0.484649 0.363776 0.483553 0.363008 0.483553 0.362241 0.482456 0.361474 0.48136 0.361474 0.480263 0.360706
0 0.339912 0.356101 0.339912 0.356869 0.341009 0.357636 0.341009 0.356101
0 0.430921 0.352264 0.427632 0.354566 0.427632 0.357636 0.430921 0.357636 0.432018 0.356869 0.433114 0.356869 0.433114 0.356101 0.434211 0.355334 0.434211 0.354566 0.433114 0.353799 0.433114 0.353031 0.432018 0.352264
0 0.648026 0.337682 0.64693 0.33845 0.645833 0.33845 0.64693 0.33845 0.648026 0.339217 0.649123 0.33845 0.649123 0.337682
0 0.632675 0.333845 0.632675 0.334612 0.634868 0.334612 0.633772 0.333845
0 0.628289 0.327705 0.627193 0.328473 0.628289 0.32924 0.629386 0.32924 0.629386 0.327705
0 0.390351 0.321566 0.390351 0.323101 0.391447 0.323101 0.391447 0.321566
0 0.425439 0.317728 0.425439 0.319263 0.426535 0.318496 0.426535 0.317728
0 0.495614 0.300077 0.495614 0.302379 0.498904 0.302379 0.498904 0.301612 0.496711 0.300077
0 0.516447 0.298542 0.516447 0.300077 0.517544 0.300844 0.51864 0.300077 0.51864 0.299309 0.517544 0.298542
0 0.461623 0.298542 0.460526 0.299309 0.460526 0.300077 0.461623 0.300844 0.461623 0.301612 0.463816 0.301612 0.463816 0.299309 0.462719 0.298542
0 0.346491 0.298542 0.346491 0.300077 0.347588 0.299309 0.347588 0.298542
0 0.495614 0.273983 0.494518 0.274751 0.494518 0.276285 0.495614 0.276285 0.496711 0.275518 0.495614 0.274751
0 0.664474 0.271681 0.663377 0.272448 0.664474 0.272448 0.66557 0.273216 0.666667 0.272448 0.667763 0.272448 0.667763 0.271681
0 0.4375 0.270146 0.4375 0.270913 0.438596 0.271681 0.439693 0.271681 0.440789 0.270913 0.439693 0.270146
0 0.419956 0.262471 0.419956 0.263239 0.421053 0.264006 0.422149 0.264006 0.423246 0.263239 0.422149 0.262471
0 0.467105 0.260936 0.464912 0.262471 0.466009 0.263239 0.466009 0.264006 0.467105 0.264006 0.468202 0.263239 0.469298 0.263239 0.470395 0.262471 0.468202 0.260936
0 0.467105 0.249424 0.463816 0.251727 0.464912 0.252494 0.469298 0.252494 0.469298 0.251727 0.470395 0.250959 0.470395 0.250192 0.469298 0.249424
0 0.529605 0.243285 0.529605 0.24482 0.530702 0.24482 0.531798 0.244052 0.531798 0.243285
0 0.4375 0.236378 0.4375 0.237145 0.441886 0.240215 0.442982 0.240215 0.444079 0.240982 0.445175 0.240982 0.446272 0.24175 0.447368 0.24175 0.448465 0.240982 0.448465 0.239447 0.447368 0.239447 0.446272 0.23868 0.445175 0.23868 0.444079 0.237913 0.441886 0.237913 0.440789 0.237145 0.439693 0.237145 0.438596 0.236378
0 0.458333 0.23254 0.457237 0.233308 0.457237 0.234843 0.45943 0.233308 0.45943 0.23254
0 0.598684 0.231005 0.597588 0.231773 0.598684 0.231773
0 0.432018 0.226401 0.432018 0.227168 0.433114 0.227936 0.434211 0.227936 0.434211 0.226401
0 0.638158 0.220261 0.637061 0.221028 0.638158 0.221796 0.640351 0.220261
0 0.436404 0.217191 0.436404 0.217959 0.4375 0.217959 0.4375 0.217191
0 0.470395 0.214889 0.469298 0.215656 0.470395 0.216424 0.472588 0.216424 0.472588 0.215656 0.471491 0.215656
0 0.595395 0.214121 0.595395 0.215656 0.596491 0.215656 0.596491 0.214889 0.597588 0.214121
0 0.578947 0.209517 0.578947 0.211051 0.580044 0.211819 0.58114 0.211819 0.582237 0.211051 0.582237 0.209517
0 0.623904 0.207214 0.623904 0.207982 0.625 0.207982 0.626096 0.207214
0 0.617325 0.194167 0.617325 0.195702 0.618421 0.194935
0 0.548246 0.18419 0.547149 0.184958 0.547149 0.186493 0.548246 0.186493 0.549342 0.185725 0.549342 0.18419
0 0.526316 0.174981 0.526316 0.175748 0.527412 0.174981
0 0.570175 0.159632 0.569079 0.160399 0.569079 0.161167 0.571272 0.161167 0.571272 0.160399
0 0.604167 0.145817 0.604167 0.147352 0.60307 0.14812 0.60307 0.149655 0.60636 0.147352 0.60636 0.146585 0.605263 0.145817
