0 0.341009 0.699156 0.341009 0.699923 0.343202 0.701458 0.343202 0.702226 0.344298 0.702993 0.344298 0.702226 0.343202 0.701458 0.343202 0.700691
0 0.333333 0.690714 0.333333 0.691481 0.33443 0.692249 0.33443 0.691481
0 0.275219 0.659248 0.275219 0.660783 0.277412 0.660783 0.277412 0.660015 0.276316 0.659248
0 0.226974 0.65848 0.225877 0.659248 0.225877 0.66155 0.226974 0.660783
0 0.235746 0.651573 0.233553 0.653108 0.232456 0.653108 0.229167 0.655411 0.229167 0.656178 0.230263 0.655411 0.232456 0.655411 0.232456 0.654643 0.233553 0.653876 0.234649 0.653876 0.235746 0.653108 0.236842 0.653108 0.237939 0.652341 0.237939 0.651573
0 0.325658 0.643899 0.325658 0.644666 0.326754 0.645434 0.326754 0.646201 0.327851 0.646969 0.328947 0.646201 0.328947 0.645434 0.326754 0.643899
0 0.371711 0.639294 0.371711 0.641596 0.372807 0.640829 0.372807 0.639294
0 0.307018 0.627782 0.307018 0.629317 0.308114 0.629317 0.308114 0.62855
0 0.248904 0.61934 0.248904 0.620107 0.25 0.620107 0.25 0.61934
0 0.217105 0.611665 0.217105 0.612433 0.218202 0.612433 0.218202 0.611665
0 0.357456 0.608596 0.358553 0.609363 0.358553 0.61013 0.359649 0.61013 0.358553 0.609363 0.358553 0.608596
0 0.248904 0.607061 0.248904 0.608596 0.251096 0.608596 0.251096 0.607828 0.25 0.607061
0 0.33443 0.605526 0.33443 0.606293 0.336623 0.606293 0.336623 0.605526
0 0.404605 0.602456 0.404605 0.603991 0.406798 0.603991
0 0.311404 0.593246 0.311404 0.595549 0.3125 0.595549 0.3125 0.594014
0 0.355263 0.582502 0.355263 0.584037 0.35636 0.584804 0.358553 0.584804 0.358553 0.583269 0.357456 0.582502
0 0.33443 0.573292 0.332237 0.574827 0.332237 0.576362 0.33443 0.577897 0.335526 0.577897 0.336623 0.57713 0.337719 0.57713 0.337719 0.574827 0.335526 0.573292
0 0.413377 0.565618 0.412281 0.566385 0.414474 0.566385
0 0.405702 0.557176 0.404605 0.557943 0.404605 0.558711 0.405702 0.558711 0.406798 0.559478 0.407895 0.558711 0.406798 0.557943 0.406798 0.557176
0 0.33443 0.554106 0.333333 0.554873 0.333333 0.557943 0.33443 0.558711 0.335526 0.558711 0.336623 0.559478 0.337719 0.559478 0.337719 0.558711 0.338816 0.557943 0.338816 0.555641 0.336623 0.554106
0 0.282895 0.550269 0.281798 0.551036 0.281798 0.553338 0.283991 0.551804 0.283991 0.550269
0 0.298246 0.549501 0.298246 0.551036 0.299342 0.551804 0.300439 0.551036 0.300439 0.550269 0.299342 0.549501
0 0.360746 0.548734 0.359649 0.549501 0.357456 0.549501 0.351974 0.553338 0.351974 0.555641 0.35307 0.556408 0.355263 0.556408 0.35636 0.557176 0.357456 0.556408 0.358553 0.556408 0.360746 0.554873 0.361842 0.554873 0.364035 0.553338 0.365132 0.553338 0.366228 0.552571 0.366228 0.551036 0.362939 0.548734
0 0.392544 0.544896 0.390351 0.546431 0.390351 0.548734 0.391447 0.549501 0.39364 0.549501 0.394737 0.550269 0.395833 0.549501 0.39693 0.549501 0.39693 0.547199 0.395833 0.546431 0.395833 0.545664 0.394737 0.544896
0 0.283991 0.532617 0.281798 0.534152 0.282895 0.534919 0.288377 0.534919 0.289474 0.535687 0.292763 0.535687 0.294956 0.537222 0.296053 0.537222 0.297149 0.537989 0.298246 0.537989 0.299342 0.538757 0.300439 0.538757 0.301535 0.537989 0.298246 0.535687 0.296053 0.535687 0.294956 0.534919 0.29386 0.534919 0.292763 0.534152 0.291667 0.534152 0.29057 0.533384 0.285088 0.533384
0 0.480263 0.5165 0.480263 0.517268 0.48136 0.517268
0 0.256579 0.5165 0.256579 0.520338 0.255482 0.521105 0.254386 0.521105 0.253289 0.521873 0.254386 0.52264 0.255482 0.52264 0.256579 0.521873 0.256579 0.521105 0.257675 0.520338 0.257675 0.51957 0.258772 0.518803 0.258772 0.518035 0.257675 0.517268 0.257675 0.5165
0 0.289474 0.515733 0.289474 0.5165 0.29057 0.5165 0.29057 0.515733
0 0.531798 0.504221 0.530702 0.504988 0.532895 0.506523 0.533991 0.506523 0.533991 0.505756 0.532895 0.504988 0.532895 0.504221
0 0.547149 0.498081 0.547149 0.498849 0.550439 0.501151 0.550439 0.500384
0 0.221491 0.489639 0.221491 0.490407 0.224781 0.490407 0.223684 0.489639
0 0.489035 0.488104 0.489035 0.494244 0.490132 0.495012 0.490132 0.491174 0.491228 0.490407 0.491228 0.489639 0.490132 0.488872 0.490132 0.488104
0 0.285088 0.487337 0.283991 0.488104 0.283991 0.490407 0.285088 0.489639
0 0.292763 0.481965 0.291667 0.482732 0.29057 0.482732 0.289474 0.4835 0.289474 0.484267 0.288377 0.485035 0.289474 0.485802 0.29057 0.485802 0.291667 0.486569 0.294956 0.484267 0.294956 0.4835
0 0.330044 0.481197 0.327851 0.482732 0.327851 0.4835 0.326754 0.484267 0.326754 0.485035 0.328947 0.486569 0.328947 0.487337 0.33114 0.488872 0.333333 0.488872 0.336623 0.486569 0.336623 0.484267 0.335526 0.4835 0.335526 0.482732 0.33443 0.481965 0.333333 0.481965 0.332237 0.481197
0 0.472588 0.478895 0.472588 0.48043 0.473684 0.481197 0.474781 0.481197 0.474781 0.479662 0.473684 0.478895
0 0.3125 0.47736 0.311404 0.478127 0.309211 0.478127 0.308114 0.478895 0.308114 0.479662 0.307018 0.48043 0.307018 0.481197 0.308114 0.481965 0.309211 0.481965 0.310307 0.482732 0.313596 0.482732 0.314693 0.481965 0.315789 0.481965 0.316886 0.481197 0.317982 0.481197 0.319079 0.48043 0.319079 0.478895 0.317982 0.478127 0.317982 0.47736
0 0.528509 0.467383 0.529605 0.46815 0.529605 0.468918 0.531798 0.468918 0.532895 0.469685 0.532895 0.468918 0.531798 0.468918 0.529605 0.467383
0 0.294956 0.465081 0.29386 0.465848 0.292763 0.465848 0.292763 0.466616 0.29386 0.467383 0.296053 0.467383 0.297149 0.466616 0.297149 0.465848 0.296053 0.465081
0 0.526316 0.455104 0.526316 0.456639 0.527412 0.457406 0.528509 0.456639 0.528509 0.455871 0.527412 0.455104
0 0.29386 0.448964 0.29386 0.451266 0.292763 0.452034 0.292763 0.452801 0.29386 0.453569 0.29386 0.454336 0.292763 0.455104 0.291667 0.455104 0.291667 0.458173 0.29057 0.458941 0.29057 0.461243 0.291667 0.462011 0.292763 0.461243 0.292763 0.460476 0.29386 0.459708 0.29386 0.457406 0.294956 0.456639 0.29386 0.455871 0.29386 0.454336 0.294956 0.453569 0.294956 0.452801 0.296053 0.452034 0.296053 0.448964
0 0.317982 0.438219 0.317982 0.438987 0.315789 0.440522 0.315789 0.441289 0.314693 0.442057 0.314693 0.442824 0.315789 0.443592 0.315789 0.444359 0.317982 0.445894 0.319079 0.445894 0.320175 0.446662 0.321272 0.446662 0.322368 0.445894 0.322368 0.445127 0.323465 0.444359 0.323465 0.440522 0.320175 0.438219
0 0.552632 0.427475 0.552632 0.42901 0.553728 0.42901 0.553728 0.427475
0 0.585526 0.419033 0.585526 0.420568 0.587719 0.420568 0.588816 0.4198 0.587719 0.419033
0 0.278509 0.392939 0.276316 0.394474 0.277412 0.394474 0.278509 0.393707
0 0.598684 0.392172 0.597588 0.392939 0.596491 0.392939 0.596491 0.395242 0.597588 0.395242 0.598684 0.396009 0.599781 0.396009 0.599781 0.395242 0.600877 0.394474 0.600877 0.392939 0.599781 0.392172
0 0.585526 0.3868 0.58443 0.387567 0.58443 0.38987 0.585526 0.390637 0.585526 0.391404 0.586623 0.392172 0.588816 0.390637 0.588816 0.389102
0 0.444079 0.366078 0.441886 0.367613 0.441886 0.368381 0.442982 0.368381 0.444079 0.369148 0.444079 0.369916 0.442982 0.370683 0.441886 0.369916 0.442982 0.370683 0.442982 0.37145 0.444079 0.372218 0.448465 0.372218 0.449561 0.37145 0.450658 0.37145 0.450658 0.369916 0.451754 0.369148 0.451754 0.368381 0.449561 0.366846 0.448465 0.366846 0.447368 0.366078
0 0.60636 0.362241 0.604167 0.363776 0.604167 0.364543 0.60307 0.365311 0.604167 0.366078 0.60636 0.364543
0 0.597588 0.362241 0.596491 0.363008 0.595395 0.363008 0.593202 0.364543 0.593202 0.366846 0.592105 0.367613 0.592105 0.368381 0.591009 0.369148 0.592105 0.369916 0.595395 0.369916 0.596491 0.369148 0.596491 0.368381 0.598684 0.366846 0.598684 0.365311 0.599781 0.364543 0.599781 0.363008 0.598684 0.362241
0 0.343202 0.362241 0.342105 0.363008 0.342105 0.363776 0.343202 0.364543 0.344298 0.364543 0.344298 0.362241
0 0.471491 0.359171 0.470395 0.359939 0.470395 0.360706 0.469298 0.361474 0.470395 0.362241 0.470395 0.364543 0.471491 0.365311 0.471491 0.367613 0.472588 0.368381 0.472588 0.369148 0.473684 0.369148 0.475877 0.370683 0.476974 0.370683 0.47807 0.37145 0.483553 0.37145 0.483553 0.369916 0.484649 0.369148 0.485746 0.369148 0.485746 0.368381 0.486842 0.367613 0.483553 0.365311 0.483553 0.364543 0.48136 0.363008 0.48136 0.362241 0.480263 0.361474 0.480263 0.360706 0.479167 0.359939 0.479167 0.359171
0 0.433114 0.354566 0.430921 0.356101 0.430921 0.359171 0.432018 0.359939 0.435307 0.359939 0.436404 0.359171 0.436404 0.358404 0.4375 0.357636 0.4375 0.356101 0.436404 0.355334 0.436404 0.354566
0 0.627193 0.333845 0.626096 0.334612 0.626096 0.33538 0.625 0.336147 0.625 0.336915 0.627193 0.33538
0 0.390351 0.32617 0.390351 0.327705 0.391447 0.326938 0.391447 0.32617
0 0.428728 0.320031 0.427632 0.320798 0.428728 0.321566
0 0.653509 0.310821 0.653509 0.311589 0.654605 0.311589 0.654605 0.310821
0 0.514254 0.300844 0.514254 0.301612 0.515351 0.301612 0.516447 0.302379 0.516447 0.300844
0 0.461623 0.300844 0.460526 0.301612 0.460526 0.303147 0.461623 0.303914 0.461623 0.304682 0.463816 0.304682 0.463816 0.302379
0 0.433114 0.300844 0.433114 0.301612 0.434211 0.301612
0 0.497807 0.300077 0.497807 0.301612 0.498904 0.301612 0.5 0.302379 0.502193 0.302379 0.503289 0.301612 0.503289 0.300844 0.502193 0.300077
0 0.489035 0.279355 0.487939 0.280123 0.487939 0.282425 0.489035 0.282425 0.491228 0.28089 0.491228 0.280123 0.490132 0.279355
0 0.657895 0.274751 0.656798 0.275518 0.656798 0.276285 0.660088 0.276285 0.660088 0.274751
0 0.435307 0.270913 0.435307 0.272448 0.436404 0.273216 0.4375 0.273216 0.4375 0.272448 0.438596 0.271681 0.4375 0.270913
0 0.419956 0.263239 0.41886 0.264006 0.41886 0.265541 0.419956 0.266309 0.421053 0.266309 0.422149 0.265541 0.423246 0.265541 0.423246 0.264006 0.421053 0.264006
0 0.404605 0.261704 0.404605 0.262471 0.405702 0.263239 0.407895 0.263239 0.408991 0.264006 0.411184 0.264006 0.410088 0.263239 0.407895 0.263239 0.406798 0.262471 0.405702 0.262471
0 0.463816 0.257099 0.463816 0.257866 0.461623 0.259401 0.461623 0.260169 0.45943 0.261704 0.45943 0.265541 0.460526 0.266309 0.462719 0.266309 0.463816 0.265541 0.464912 0.265541 0.464912 0.264774 0.467105 0.263239 0.467105 0.257099
0 0.656798 0.254029 0.656798 0.254797 0.657895 0.254797
0 0.549342 0.249424 0.549342 0.250192 0.550439 0.250192 0.551535 0.249424
0 0.526316 0.247122 0.524123 0.248657 0.527412 0.248657 0.527412 0.247122
0 0.447368 0.240982 0.445175 0.242517 0.445175 0.243285 0.447368 0.24482 0.448465 0.244052 0.449561 0.244052 0.450658 0.243285 0.450658 0.240982
0 0.383772 0.23868 0.383772 0.240215 0.384868 0.239447 0.384868 0.23868
0 0.595395 0.234075 0.595395 0.234843 0.596491 0.234075
0 0.632675 0.218726 0.632675 0.220261 0.635965 0.220261 0.635965 0.219493 0.634868 0.218726
0 0.593202 0.217191 0.592105 0.217959 0.593202 0.218726 0.594298 0.217959 0.594298 0.217191
0 0.583333 0.214889 0.58114 0.216424 0.58114 0.217959 0.582237 0.217959 0.583333 0.218726 0.585526 0.218726 0.585526 0.216424
0 0.571272 0.213354 0.571272 0.214121 0.572368 0.213354
0 0.610746 0.207982 0.608553 0.209517 0.608553 0.210284 0.610746 0.211819 0.612939 0.211819 0.614035 0.212586 0.615132 0.212586 0.616228 0.211819 0.615132 0.211819 0.614035 0.211051 0.612939 0.211051 0.611842 0.210284 0.611842 0.208749
0 0.547149 0.186493 0.546053 0.18726 0.546053 0.188028 0.548246 0.188028 0.548246 0.18726 0.549342 0.186493
0 0.54057 0.176516 0.54057 0.177283 0.541667 0.177283 0.541667 0.176516
0 0.570175 0.162701 0.570175 0.163469 0.571272 0.163469 0.571272 0.162701
0 0.601974 0.143515 0.601974 0.145817 0.604167 0.145817 0.604167 0.144282 0.60307 0.144282
0 0.690789 0.142748 0.689693 0.143515 0.690789 0.143515
0 0.634868 0.116654 0.634868 0.118189 0.635965 0.117421 0.637061 0.117421 0.635965 0.116654
