0 0.326754 0.686109 0.328947 0.687644 0.328947 0.686876 0.327851 0.686109
0 0.279605 0.65848 0.279605 0.659248 0.280702 0.660015 0.281798 0.660015 0.282895 0.659248 0.281798 0.65848
0 0.245614 0.647736 0.244518 0.648503 0.245614 0.649271 0.246711 0.649271 0.246711 0.647736
0 0.33443 0.640829 0.33443 0.641596 0.335526 0.641596
0 0.325658 0.640061 0.325658 0.642364 0.326754 0.643131 0.327851 0.643131 0.328947 0.642364 0.328947 0.641596 0.327851 0.640829 0.327851 0.640061
0 0.368421 0.633154 0.368421 0.635457 0.369518 0.634689 0.369518 0.633922
0 0.401316 0.627782 0.401316 0.62855 0.402412 0.62855
0 0.309211 0.626247 0.309211 0.627015 0.310307 0.627782 0.311404 0.627015 0.311404 0.626247
0 0.222588 0.609363 0.223684 0.61013 0.224781 0.61013 0.223684 0.609363
0 0.252193 0.604758 0.253289 0.605526 0.252193 0.606293 0.253289 0.607061 0.254386 0.607061 0.254386 0.604758
0 0.349781 0.601688 0.349781 0.603991 0.350877 0.604758 0.351974 0.603991 0.351974 0.603223 0.350877 0.602456 0.350877 0.601688
0 0.395833 0.598619 0.395833 0.599386 0.39693 0.600153 0.398026 0.600153
0 0.3125 0.590944 0.3125 0.592479 0.313596 0.593246 0.313596 0.591711
0 0.243421 0.580967 0.242325 0.581734 0.243421 0.581734
0 0.347588 0.57713 0.347588 0.579432 0.348684 0.5802 0.350877 0.5802 0.351974 0.579432 0.351974 0.577897 0.350877 0.57713
0 0.336623 0.573292 0.333333 0.575595 0.333333 0.576362 0.335526 0.577897 0.338816 0.577897 0.339912 0.57713 0.339912 0.575595 0.338816 0.574827 0.338816 0.57406 0.337719 0.57406
0 0.341009 0.555641 0.338816 0.557176 0.337719 0.557176 0.336623 0.557943 0.336623 0.558711 0.337719 0.559478 0.337719 0.560246 0.338816 0.560246 0.339912 0.561013 0.344298 0.561013 0.345395 0.560246 0.346491 0.560246 0.346491 0.558711 0.343202 0.556408 0.342105 0.556408
0 0.404605 0.554106 0.404605 0.556408 0.406798 0.556408 0.407895 0.555641 0.407895 0.554873 0.406798 0.554106
0 0.347588 0.551804 0.346491 0.552571 0.346491 0.554873 0.349781 0.557176 0.350877 0.557176 0.351974 0.557943 0.355263 0.557943 0.355263 0.554106 0.354167 0.553338 0.35307 0.553338 0.350877 0.551804
0 0.29386 0.546431 0.29386 0.547199 0.296053 0.548734 0.296053 0.549501 0.297149 0.550269 0.297149 0.551036 0.298246 0.551804 0.299342 0.551036 0.299342 0.547199 0.298246 0.547199 0.297149 0.546431
0 0.434211 0.541827 0.434211 0.542594 0.435307 0.542594
0 0.301535 0.537989 0.301535 0.540292 0.302632 0.541059 0.303728 0.541059 0.304825 0.540292 0.304825 0.539524 0.303728 0.538757 0.303728 0.537989
0 0.29057 0.514198 0.29057 0.514965 0.291667 0.514965
0 0.473684 0.511128 0.473684 0.511896 0.474781 0.512663 0.475877 0.512663 0.474781 0.511896 0.474781 0.511128
0 0.232456 0.505756 0.23136 0.506523 0.23136 0.508058 0.23136 0.507291 0.232456 0.506523
0 0.234649 0.497314 0.234649 0.498849 0.235746 0.498081 0.235746 0.497314
0 0.526316 0.488104 0.526316 0.489639 0.527412 0.490407 0.527412 0.491942 0.528509 0.492709 0.528509 0.493477 0.529605 0.494244 0.529605 0.495012 0.530702 0.495012 0.530702 0.493477 0.529605 0.492709 0.529605 0.491174 0.528509 0.490407 0.528509 0.489639
0 0.531798 0.487337 0.531798 0.488104 0.532895 0.488104
0 0.254386 0.486569 0.254386 0.488104 0.255482 0.487337 0.255482 0.486569
0 0.327851 0.484267 0.325658 0.485802 0.325658 0.488872 0.324561 0.489639 0.325658 0.490407 0.325658 0.491174 0.326754 0.491174 0.327851 0.491942 0.332237 0.491942 0.333333 0.491174 0.33443 0.491174 0.33443 0.490407 0.335526 0.489639 0.335526 0.487337 0.33443 0.486569 0.33443 0.485802 0.332237 0.484267
0 0.311404 0.478127 0.310307 0.478895 0.309211 0.478895 0.307018 0.48043 0.307018 0.482732 0.308114 0.4835 0.311404 0.4835 0.3125 0.482732 0.313596 0.482732 0.314693 0.481965 0.314693 0.479662 0.313596 0.478895 0.3125 0.478895
0 0.475877 0.475825 0.475877 0.478127 0.47807 0.479662 0.479167 0.479662 0.480263 0.478895 0.480263 0.476592 0.479167 0.475825
0 0.294956 0.475825 0.29386 0.476592 0.29386 0.47736 0.292763 0.478127 0.292763 0.48043 0.294956 0.481965 0.296053 0.481965 0.297149 0.481197 0.297149 0.47736
0 0.289474 0.463546 0.288377 0.464313 0.288377 0.466616 0.289474 0.467383 0.291667 0.467383 0.292763 0.466616 0.29386 0.466616 0.29386 0.464313 0.292763 0.463546
0 0.259868 0.458941 0.258772 0.459708 0.258772 0.460476 0.260965 0.460476 0.259868 0.459708
0 0.520833 0.457406 0.520833 0.458941 0.52193 0.459708 0.52193 0.460476 0.524123 0.462011 0.525219 0.462011 0.525219 0.460476 0.524123 0.459708 0.524123 0.458941 0.52193 0.457406
0 0.25 0.452034 0.25 0.452801 0.251096 0.452801 0.251096 0.452034
0 0.317982 0.444359 0.316886 0.445127 0.315789 0.445127 0.314693 0.445894 0.314693 0.448196 0.313596 0.448964 0.314693 0.449731 0.314693 0.450499 0.315789 0.451266 0.320175 0.451266 0.320175 0.450499 0.321272 0.449731 0.321272 0.447429 0.322368 0.446662 0.321272 0.445894 0.321272 0.445127 0.319079 0.445127
0 0.617325 0.437452 0.617325 0.438219 0.618421 0.438219 0.619518 0.438987
0 0.554825 0.43208 0.554825 0.432847 0.557018 0.432847 0.557018 0.43208
0 0.311404 0.411358 0.3125 0.412126 0.3125 0.411358
0 0.585526 0.409823 0.58443 0.410591 0.58443 0.412893 0.583333 0.413661 0.583333 0.417498 0.58443 0.417498 0.58443 0.415196 0.585526 0.414428 0.585526 0.412126 0.586623 0.411358 0.586623 0.410591
0 0.593202 0.401381 0.589912 0.403684 0.589912 0.405219 0.591009 0.405219 0.593202 0.403684
0 0.291667 0.399079 0.291667 0.399847 0.292763 0.400614 0.294956 0.400614 0.292763 0.399079
0 0.586623 0.391404 0.583333 0.393707 0.583333 0.395242 0.585526 0.396777 0.587719 0.396777 0.588816 0.396009 0.588816 0.395242 0.589912 0.394474 0.589912 0.392939 0.587719 0.391404
0 0.605263 0.390637 0.605263 0.392939 0.60636 0.392939 0.607456 0.392172 0.607456 0.391404 0.60636 0.390637
0 0.296053 0.390637 0.296053 0.392172 0.297149 0.392939 0.297149 0.393707 0.298246 0.394474 0.298246 0.392939 0.297149 0.392172 0.297149 0.391404
0 0.307018 0.369148 0.305921 0.369916 0.305921 0.370683 0.304825 0.37145 0.305921 0.37145 0.305921 0.370683 0.308114 0.369148
0 0.626096 0.368381 0.626096 0.369916 0.628289 0.369916 0.628289 0.369148 0.627193 0.368381
0 0.315789 0.368381 0.315789 0.369148 0.317982 0.369148 0.317982 0.368381
0 0.343202 0.367613 0.343202 0.369148 0.344298 0.369148 0.345395 0.368381 0.344298 0.367613
0 0.440789 0.366078 0.440789 0.366846 0.438596 0.368381 0.438596 0.369916 0.440789 0.37145 0.440789 0.372218 0.441886 0.372985 0.444079 0.372985 0.445175 0.372218 0.445175 0.37145 0.446272 0.370683 0.446272 0.369148 0.445175 0.368381 0.445175 0.366846 0.444079 0.366078
0 0.467105 0.358404 0.466009 0.359171 0.463816 0.359171 0.462719 0.359939 0.461623 0.359939 0.461623 0.360706 0.460526 0.361474 0.460526 0.363008 0.461623 0.363776 0.461623 0.366078 0.462719 0.366846 0.463816 0.366846 0.466009 0.368381 0.466009 0.369148 0.467105 0.369148 0.469298 0.370683 0.471491 0.370683 0.472588 0.37145 0.475877 0.37145 0.476974 0.370683 0.479167 0.370683 0.479167 0.369916 0.480263 0.369148 0.480263 0.367613 0.48136 0.366846 0.48136 0.366078 0.482456 0.365311 0.482456 0.363008 0.48136 0.362241 0.48136 0.361474 0.476974 0.358404
0 0.433114 0.358404 0.430921 0.359939 0.430921 0.365311 0.433114 0.366846 0.4375 0.363776 0.4375 0.360706 0.436404 0.359939 0.435307 0.359939
0 0.607456 0.353799 0.60636 0.354566 0.60636 0.355334 0.604167 0.356869 0.604167 0.357636 0.60307 0.358404 0.60307 0.359171 0.601974 0.359939 0.601974 0.360706 0.600877 0.361474 0.600877 0.364543 0.601974 0.363776 0.60307 0.363776 0.605263 0.362241 0.605263 0.359939 0.607456 0.358404 0.607456 0.357636 0.608553 0.356869 0.608553 0.356101 0.610746 0.354566 0.610746 0.353799
0 0.621711 0.340752 0.620614 0.34152 0.620614 0.342287 0.621711 0.343054 0.621711 0.342287 0.622807 0.34152
0 0.344298 0.33538 0.343202 0.336147 0.343202 0.336915 0.342105 0.337682 0.341009 0.337682 0.338816 0.339217 0.339912 0.339217 0.341009 0.33845 0.342105 0.33845 0.342105 0.337682 0.343202 0.336915 0.343202 0.336147
0 0.368421 0.33231 0.367325 0.333078 0.367325 0.333845 0.368421 0.333845 0.369518 0.333078
0 0.686404 0.331543 0.6875 0.33231 0.6875 0.331543
0 0.348684 0.330008 0.346491 0.331543 0.346491 0.33231 0.348684 0.330775
0 0.388158 0.32924 0.388158 0.330775 0.389254 0.331543 0.389254 0.33231 0.390351 0.331543 0.390351 0.330008 0.389254 0.32924
0 0.429825 0.323868 0.429825 0.325403 0.430921 0.324635
0 0.651316 0.310054 0.651316 0.310821 0.652412 0.310054
0 0.462719 0.303914 0.461623 0.304682 0.461623 0.306984 0.462719 0.307751 0.464912 0.307751 0.466009 0.306984 0.466009 0.306216
0 0.505482 0.302379 0.505482 0.303147 0.506579 0.303914 0.506579 0.304682 0.507675 0.304682 0.508772 0.305449 0.513158 0.305449 0.514254 0.304682 0.514254 0.303147 0.513158 0.302379
0 0.694079 0.300844 0.692982 0.301612 0.692982 0.302379 0.694079 0.302379 0.695175 0.301612
0 0.350877 0.295472 0.350877 0.296239 0.351974 0.297007 0.35307 0.296239 0.35307 0.295472
0 0.41886 0.292402 0.417763 0.29317 0.417763 0.293937 0.416667 0.294705 0.416667 0.296239 0.414474 0.297774 0.414474 0.298542 0.413377 0.299309 0.414474 0.299309 0.414474 0.298542 0.416667 0.297007 0.417763 0.297007 0.417763 0.296239 0.41886 0.295472 0.41886 0.294705 0.419956 0.293937 0.419956 0.29317
0 0.485746 0.285495 0.484649 0.286262 0.484649 0.287797 0.485746 0.288565 0.486842 0.288565 0.486842 0.287797 0.487939 0.28703 0.487939 0.286262 0.486842 0.285495
0 0.423246 0.284728 0.422149 0.285495 0.422149 0.286262 0.423246 0.286262
0 0.653509 0.275518 0.653509 0.277053 0.654605 0.27782 0.655702 0.27782 0.655702 0.275518
0 0.371711 0.275518 0.371711 0.276285 0.372807 0.275518
0 0.341009 0.274751 0.341009 0.275518 0.339912 0.276285 0.341009 0.276285 0.342105 0.275518 0.342105 0.274751
0 0.428728 0.269378 0.427632 0.270146 0.428728 0.270913 0.432018 0.270913 0.432018 0.270146 0.430921 0.269378
0 0.410088 0.266309 0.408991 0.267076 0.406798 0.267076 0.406798 0.268611 0.407895 0.268611 0.408991 0.269378 0.412281 0.269378 0.414474 0.267843 0.41557 0.267843 0.41557 0.267076 0.414474 0.266309
0 0.449561 0.260169 0.449561 0.260936 0.448465 0.261704 0.448465 0.264774 0.449561 0.265541 0.452851 0.265541 0.455044 0.264006 0.455044 0.260936 0.453947 0.260169
0 0.650219 0.258634 0.650219 0.259401 0.652412 0.259401 0.653509 0.258634
0 0.544956 0.253262 0.54386 0.254029 0.54386 0.255564 0.544956 0.255564 0.546053 0.254797 0.546053 0.254029
0 0.52193 0.251727 0.520833 0.252494 0.520833 0.253262 0.519737 0.254029 0.520833 0.254029 0.523026 0.252494 0.523026 0.251727
0 0.642544 0.247122 0.642544 0.247889 0.64364 0.247122
0 0.444079 0.244052 0.442982 0.24482 0.441886 0.24482 0.440789 0.245587 0.439693 0.245587 0.439693 0.246355 0.438596 0.247122 0.438596 0.248657 0.439693 0.248657 0.440789 0.249424 0.441886 0.248657 0.442982 0.248657 0.444079 0.247889 0.445175 0.247889 0.447368 0.246355 0.447368 0.245587 0.446272 0.24482 0.446272 0.244052
0 0.388158 0.237913 0.387061 0.23868 0.387061 0.239447 0.388158 0.239447
0 0.592105 0.237145 0.592105 0.23868 0.593202 0.237913 0.593202 0.237145
0 0.586623 0.218726 0.585526 0.219493 0.58443 0.219493 0.58443 0.220261 0.583333 0.221028 0.58443 0.221796 0.588816 0.221796 0.589912 0.221028 0.589912 0.219493 0.588816 0.219493 0.587719 0.218726
0 0.630482 0.217191 0.629386 0.217959 0.627193 0.217959 0.625 0.219493 0.625 0.220261 0.627193 0.220261 0.630482 0.217959
0 0.601974 0.213354 0.599781 0.214889 0.600877 0.215656 0.601974 0.215656 0.60307 0.214889 0.604167 0.214889 0.604167 0.214121 0.605263 0.213354
0 0.688596 0.198005 0.689693 0.198772 0.691886 0.198772 0.690789 0.198772 0.689693 0.198005
0 0.674342 0.195702 0.675439 0.19647 0.676535 0.19647 0.676535 0.195702
0 0.713816 0.1934 0.712719 0.194167 0.712719 0.194935 0.711623 0.195702 0.713816 0.195702 0.713816 0.194935 0.714912 0.194167 0.714912 0.1934
0 0.548246 0.18726 0.548246 0.188028 0.549342 0.188795 0.549342 0.188028 0.550439 0.18726
0 0.542763 0.180353 0.542763 0.181888 0.54386 0.18112
0 0.574561 0.164236 0.574561 0.165004 0.575658 0.165004 0.575658 0.164236
0 0.637061 0.158864 0.638158 0.159632 0.638158 0.158864
0 0.526316 0.158097 0.526316 0.158864 0.527412 0.159632 0.528509 0.158864 0.527412 0.158097
0 0.678728 0.145817 0.677632 0.146585 0.682018 0.146585 0.680921 0.146585 0.679825 0.145817
0 0.600877 0.145817 0.600877 0.14812 0.601974 0.14812 0.60307 0.147352 0.60307 0.145817
0 0.631579 0.125863 0.630482 0.126631 0.630482 0.127398 0.631579 0.128166 0.632675 0.127398 0.632675 0.125863
