0 0.292763 0.71297 0.292763 0.719877 0.292763 0.71911 0.29386 0.718342 0.29386 0.71297
0 0.247807 0.696853 0.247807 0.697621 0.248904 0.697621 0.25 0.698388 0.251096 0.698388 0.25 0.697621 0.25 0.696853
0 0.381579 0.688411 0.380482 0.689179 0.381579 0.689946 0.382675 0.689179 0.382675 0.688411
0 0.321272 0.681504 0.321272 0.683039 0.322368 0.683807 0.323465 0.683807 0.323465 0.683039
0 0.286184 0.656178 0.286184 0.657713 0.287281 0.65848 0.288377 0.65848 0.288377 0.656946 0.287281 0.656178
0 0.248904 0.646969 0.248904 0.647736 0.25 0.648503 0.25 0.646969
0 0.323465 0.636224 0.323465 0.638526 0.325658 0.640061 0.326754 0.639294 0.325658 0.638526 0.325658 0.636992 0.324561 0.636224
0 0.365132 0.62855 0.365132 0.630084 0.366228 0.630852 0.366228 0.629317
0 0.313596 0.623945 0.313596 0.624712 0.3125 0.62548 0.314693 0.62548 0.314693 0.624712
0 0.395833 0.623177 0.39693 0.623945 0.39693 0.623177
0 0.23136 0.607828 0.230263 0.608596 0.230263 0.609363 0.23136 0.61013 0.232456 0.609363 0.233553 0.609363 0.233553 0.607828
0 0.255482 0.599386 0.254386 0.600153 0.254386 0.601688 0.256579 0.601688 0.256579 0.600153
0 0.440789 0.598619 0.441886 0.599386 0.441886 0.598619
0 0.391447 0.597084 0.391447 0.597851 0.392544 0.597851 0.392544 0.597084
0 0.349781 0.595549 0.348684 0.596316 0.348684 0.597084 0.349781 0.597851 0.349781 0.598619 0.350877 0.598619 0.350877 0.596316
0 0.314693 0.589409 0.314693 0.590944 0.315789 0.590944 0.315789 0.589409
0 0.446272 0.587874 0.446272 0.590177 0.447368 0.590944 0.448465 0.590944 0.448465 0.590177 0.446272 0.588642
0 0.25 0.57713 0.248904 0.577897 0.248904 0.578665 0.25 0.578665 0.251096 0.577897
0 0.341009 0.573292 0.339912 0.57406 0.339912 0.574827 0.338816 0.575595 0.339912 0.576362 0.339912 0.577897 0.341009 0.578665 0.344298 0.578665 0.345395 0.577897 0.345395 0.574827 0.343202 0.573292
0 0.398026 0.556408 0.398026 0.557176 0.399123 0.557176 0.399123 0.556408
0 0.347588 0.549501 0.346491 0.550269 0.345395 0.550269 0.344298 0.551036 0.344298 0.551804 0.343202 0.552571 0.342105 0.552571 0.342105 0.554106 0.341009 0.554873 0.341009 0.557943 0.342105 0.558711 0.343202 0.558711 0.344298 0.559478 0.349781 0.559478 0.351974 0.557943 0.351974 0.554106 0.350877 0.553338 0.350877 0.552571 0.349781 0.551804 0.349781 0.551036
0 0.408991 0.548734 0.407895 0.549501 0.407895 0.550269 0.406798 0.551036 0.407895 0.551804 0.407895 0.552571 0.408991 0.551804 0.410088 0.551804 0.411184 0.551036 0.411184 0.549501 0.410088 0.548734
0 0.432018 0.541059 0.432018 0.541827 0.433114 0.541827
0 0.299342 0.539524 0.297149 0.541059 0.297149 0.542594 0.298246 0.543361 0.298246 0.544129 0.296053 0.545664 0.296053 0.547966 0.297149 0.547966 0.298246 0.548734 0.299342 0.548734 0.299342 0.547199 0.300439 0.546431 0.300439 0.545664 0.299342 0.544896 0.299342 0.544129 0.300439 0.543361 0.300439 0.542594 0.301535 0.541827 0.301535 0.541059 0.300439 0.540292 0.300439 0.539524
0 0.530702 0.526477 0.530702 0.528012 0.532895 0.528012 0.532895 0.527245 0.531798 0.526477
0 0.29057 0.512663 0.29057 0.513431 0.291667 0.513431
0 0.470395 0.508826 0.470395 0.509593 0.471491 0.509593 0.471491 0.508826
0 0.242325 0.492709 0.242325 0.493477 0.243421 0.493477 0.243421 0.492709
0 0.270833 0.486569 0.269737 0.487337 0.273026 0.487337 0.27193 0.486569
0 0.565789 0.485035 0.565789 0.487337 0.566886 0.488104 0.566886 0.488872 0.567982 0.488104 0.567982 0.486569 0.566886 0.485802 0.566886 0.485035
0 0.51864 0.48043 0.51864 0.481197 0.519737 0.481965 0.519737 0.482732 0.52193 0.484267 0.52193 0.481197 0.520833 0.48043
0 0.563596 0.479662 0.563596 0.48043 0.564693 0.481197 0.564693 0.481965 0.565789 0.482732 0.565789 0.48043 0.564693 0.479662
0 0.311404 0.47736 0.310307 0.478127 0.301535 0.478127 0.300439 0.478895 0.298246 0.478895 0.297149 0.479662 0.297149 0.481197 0.298246 0.481965 0.301535 0.481965 0.303728 0.4835 0.304825 0.4835 0.305921 0.484267 0.308114 0.484267 0.309211 0.485035 0.310307 0.485035 0.311404 0.485802 0.3125 0.485802 0.313596 0.486569 0.314693 0.485802 0.315789 0.485802 0.316886 0.486569 0.316886 0.488104 0.317982 0.488104 0.319079 0.488872 0.320175 0.488104 0.322368 0.488104 0.323465 0.488872 0.326754 0.488872 0.327851 0.488104 0.327851 0.485802 0.324561 0.4835 0.321272 0.4835 0.320175 0.482732 0.319079 0.4835 0.317982 0.4835 0.316886 0.482732 0.316886 0.478895 0.315789 0.478127 0.313596 0.478127 0.3125 0.47736
0 0.279605 0.473523 0.278509 0.47429 0.278509 0.475825 0.279605 0.475058
0 0.473684 0.472755 0.472588 0.473523 0.472588 0.475825 0.473684 0.476592 0.474781 0.476592 0.475877 0.47736 0.47807 0.475825 0.47807 0.47429 0.475877 0.472755
0 0.288377 0.464313 0.287281 0.465081 0.287281 0.465848 0.286184 0.466616 0.286184 0.47429 0.287281 0.475058 0.288377 0.475058 0.289474 0.475825 0.291667 0.475825 0.292763 0.475058 0.292763 0.471988 0.291667 0.47122 0.291667 0.469685 0.292763 0.468918 0.292763 0.465848 0.291667 0.465081 0.291667 0.464313
0 0.262061 0.460476 0.262061 0.462011 0.263158 0.462011 0.264254 0.461243 0.263158 0.460476
0 0.516447 0.455104 0.516447 0.457406 0.517544 0.457406 0.51864 0.458173 0.519737 0.458173 0.519737 0.455871 0.51864 0.455104
0 0.256579 0.452801 0.256579 0.458941 0.257675 0.458941 0.257675 0.453569
0 0.315789 0.449731 0.314693 0.450499 0.313596 0.450499 0.3125 0.451266 0.3125 0.452034 0.311404 0.452801 0.311404 0.453569 0.310307 0.454336 0.310307 0.462011 0.311404 0.462778 0.3125 0.462778 0.313596 0.462011 0.313596 0.458941 0.315789 0.457406 0.315789 0.456639 0.316886 0.455871 0.316886 0.454336 0.317982 0.453569 0.317982 0.450499 0.316886 0.449731
0 0.560307 0.433615 0.560307 0.435917 0.5625 0.435917 0.561404 0.43515 0.561404 0.434382
0 0.607456 0.432847 0.607456 0.433615 0.608553 0.434382 0.608553 0.43515 0.608553 0.432847
0 0.311404 0.412126 0.310307 0.412893 0.3125 0.412893 0.3125 0.412126
0 0.294956 0.406754 0.294956 0.408289 0.296053 0.409056 0.296053 0.410591 0.297149 0.409823 0.297149 0.406754
0 0.658991 0.400614 0.662281 0.402916 0.662281 0.402149 0.660088 0.400614
0 0.585526 0.396777 0.585526 0.398312 0.58443 0.399079 0.588816 0.402149 0.589912 0.402149 0.591009 0.401381 0.593202 0.401381 0.593202 0.399847 0.592105 0.399079 0.592105 0.398312 0.589912 0.396777
0 0.611842 0.389102 0.610746 0.38987 0.610746 0.390637 0.611842 0.391404 0.612939 0.391404 0.612939 0.390637 0.614035 0.38987 0.612939 0.38987
0 0.344298 0.376055 0.344298 0.376823 0.345395 0.37759 0.345395 0.376055
0 0.628289 0.373753 0.628289 0.37452 0.629386 0.375288 0.630482 0.375288
0 0.358553 0.373753 0.358553 0.37452 0.361842 0.376823 0.365132 0.376823 0.365132 0.375288 0.362939 0.373753
0 0.323465 0.37145 0.323465 0.372218 0.324561 0.372218 0.324561 0.37145
0 0.430921 0.367613 0.429825 0.368381 0.428728 0.368381 0.426535 0.369916 0.426535 0.370683 0.425439 0.37145 0.425439 0.37452 0.427632 0.376055 0.428728 0.376055 0.429825 0.375288 0.432018 0.375288 0.433114 0.37452 0.433114 0.373753 0.434211 0.372985 0.434211 0.368381 0.433114 0.368381 0.432018 0.367613
0 0.64693 0.366846 0.648026 0.367613 0.649123 0.367613 0.648026 0.366846
0 0.4375 0.359171 0.436404 0.359939 0.436404 0.360706 0.4375 0.361474 0.438596 0.360706 0.438596 0.359171
0 0.45614 0.358404 0.45614 0.359171 0.457237 0.359939 0.45614 0.360706 0.45614 0.361474 0.455044 0.362241 0.453947 0.362241 0.451754 0.360706 0.449561 0.362241 0.447368 0.362241 0.447368 0.363008 0.446272 0.363776 0.446272 0.366078 0.445175 0.366846 0.440789 0.366846 0.440789 0.370683 0.441886 0.37145 0.442982 0.37145 0.444079 0.370683 0.445175 0.370683 0.447368 0.372218 0.447368 0.372985 0.449561 0.37452 0.457237 0.37452 0.458333 0.373753 0.461623 0.373753 0.462719 0.372985 0.464912 0.372985 0.466009 0.372218 0.467105 0.372218 0.467105 0.37145 0.471491 0.368381 0.473684 0.368381 0.473684 0.367613 0.474781 0.366846 0.473684 0.366078 0.473684 0.365311 0.472588 0.364543 0.472588 0.361474 0.473684 0.360706 0.472588 0.359939 0.470395 0.359939 0.469298 0.359171 0.466009 0.359171 0.464912 0.358404 0.458333 0.358404 0.457237 0.359171
0 0.319079 0.353799 0.317982 0.354566 0.319079 0.354566
0 0.621711 0.348427 0.620614 0.349194 0.619518 0.349194 0.619518 0.349962 0.618421 0.350729 0.618421 0.353031 0.621711 0.353031 0.621711 0.352264 0.622807 0.351497 0.622807 0.349194
0 0.4375 0.347659 0.436404 0.348427 0.436404 0.349194 0.4375 0.349194 0.438596 0.348427
0 0.376096 0.334612 0.375 0.33538 0.376096 0.336147
0 0.672149 0.333845 0.671053 0.334612 0.672149 0.33538 0.674342 0.33538 0.674342 0.334612 0.673246 0.333845
0 0.385965 0.330775 0.385965 0.331543 0.384868 0.33231 0.385965 0.333078 0.387061 0.333078 0.388158 0.33231 0.388158 0.331543 0.387061 0.331543
0 0.432018 0.326938 0.430921 0.327705 0.432018 0.328473 0.433114 0.328473 0.433114 0.327705
0 0.679825 0.306216 0.679825 0.306984 0.680921 0.306984 0.680921 0.306216
0 0.510965 0.306216 0.509868 0.306984 0.510965 0.307751 0.510965 0.309286 0.512061 0.310054 0.514254 0.310054 0.515351 0.309286 0.515351 0.306984 0.514254 0.306216
0 0.464912 0.306216 0.463816 0.306984 0.463816 0.308519 0.464912 0.309286 0.467105 0.309286 0.467105 0.306984 0.466009 0.306984
0 0.64693 0.303914 0.64693 0.307751 0.648026 0.307751 0.648026 0.305449 0.649123 0.304682 0.649123 0.303914
0 0.358553 0.297774 0.358553 0.298542 0.360746 0.298542 0.360746 0.297774
0 0.680921 0.293937 0.680921 0.294705 0.682018 0.294705 0.683114 0.293937
0 0.484649 0.291635 0.484649 0.293937 0.486842 0.293937 0.487939 0.29317 0.487939 0.292402 0.486842 0.291635
0 0.573465 0.285495 0.571272 0.28703 0.573465 0.28703 0.574561 0.286262 0.575658 0.286262 0.575658 0.285495
0 0.344298 0.27782 0.344298 0.279355 0.345395 0.280123 0.345395 0.278588
0 0.421053 0.277053 0.421053 0.279355 0.422149 0.279355 0.422149 0.277053
0 0.649123 0.276285 0.649123 0.27782 0.650219 0.278588 0.651316 0.278588 0.651316 0.277053 0.650219 0.276285
0 0.371711 0.274751 0.371711 0.276285 0.372807 0.276285 0.372807 0.274751
0 0.426535 0.271681 0.424342 0.273216 0.424342 0.274751 0.427632 0.274751 0.428728 0.273983 0.428728 0.272448 0.427632 0.271681
0 0.601974 0.270913 0.601974 0.271681 0.60307 0.270913
0 0.407895 0.267076 0.407895 0.270146 0.408991 0.270913 0.410088 0.270913 0.413377 0.268611 0.413377 0.267843 0.412281 0.267076
0 0.640351 0.263239 0.640351 0.264774 0.642544 0.264774 0.64364 0.264006 0.64364 0.263239
0 0.440789 0.259401 0.439693 0.260169 0.4375 0.260169 0.4375 0.260936 0.436404 0.261704 0.436404 0.262471 0.4375 0.263239 0.4375 0.264774 0.442982 0.264774 0.444079 0.265541 0.446272 0.265541 0.447368 0.266309 0.448465 0.265541 0.449561 0.265541 0.450658 0.264774 0.450658 0.262471 0.448465 0.260936 0.447368 0.260936 0.446272 0.260169 0.441886 0.260169
0 0.54386 0.258634 0.54386 0.260169 0.544956 0.260169 0.544956 0.258634
0 0.523026 0.255564 0.52193 0.256332 0.520833 0.256332 0.520833 0.257099 0.52193 0.257866 0.523026 0.257099
0 0.423246 0.254797 0.417763 0.258634 0.417763 0.260169 0.41557 0.261704 0.41557 0.263239 0.416667 0.264006 0.417763 0.263239 0.419956 0.263239 0.422149 0.261704 0.422149 0.260936 0.424342 0.259401 0.424342 0.258634 0.425439 0.257866 0.425439 0.257099 0.426535 0.256332 0.426535 0.254797
0 0.587719 0.240982 0.586623 0.24175 0.586623 0.242517 0.587719 0.242517
0 0.389254 0.240215 0.389254 0.24175 0.390351 0.24175 0.390351 0.240215
0 0.655702 0.227936 0.656798 0.228703 0.657895 0.227936
0 0.616228 0.223331 0.611842 0.226401 0.611842 0.227168 0.610746 0.227936 0.610746 0.228703 0.612939 0.228703 0.612939 0.227936 0.615132 0.226401 0.616228 0.226401 0.617325 0.225633 0.617325 0.223331
0 0.593202 0.218726 0.591009 0.220261 0.586623 0.220261 0.583333 0.222563 0.583333 0.223331 0.58443 0.224098 0.587719 0.224098 0.588816 0.223331 0.589912 0.223331 0.591009 0.222563 0.592105 0.222563 0.593202 0.221796 0.594298 0.221796 0.596491 0.220261 0.596491 0.218726
0 0.654605 0.202609 0.653509 0.203377 0.652412 0.203377 0.649123 0.205679 0.649123 0.206447 0.650219 0.206447 0.651316 0.205679 0.652412 0.205679 0.654605 0.204144 0.655702 0.204144 0.657895 0.202609
0 0.520833 0.201842 0.520833 0.202609 0.52193 0.202609 0.52193 0.201842
0 0.574561 0.191097 0.573465 0.191865 0.574561 0.191865
0 0.537281 0.188028 0.536184 0.188795 0.535088 0.188795 0.535088 0.19033 0.537281 0.19033 0.538377 0.189563 0.539474 0.189563 0.54057 0.188795 0.54057 0.188028
0 0.531798 0.165004 0.530702 0.165771 0.531798 0.166539 0.532895 0.165771 0.532895 0.165004
0 0.578947 0.163469 0.578947 0.164236 0.580044 0.164236 0.580044 0.163469
0 0.628289 0.156562 0.628289 0.157329 0.627193 0.158097 0.630482 0.158097 0.631579 0.157329 0.631579 0.156562
0 0.637061 0.151957 0.634868 0.153492 0.634868 0.154259 0.635965 0.154259 0.635965 0.153492 0.638158 0.151957
0 0.600877 0.15119 0.600877 0.153492 0.60307 0.153492 0.60307 0.151957 0.601974 0.15119
0 0.648026 0.148887 0.649123 0.149655 0.650219 0.148887
0 0.628289 0.133538 0.627193 0.134305 0.627193 0.135073 0.628289 0.135073 0.629386 0.134305 0.629386 0.133538
