0 0.29386 0.70683 0.29386 0.707598 0.294956 0.707598
0 0.256579 0.690714 0.255482 0.691481 0.254386 0.691481 0.253289 0.692249 0.253289 0.693784 0.254386 0.693784 0.256579 0.692249 0.257675 0.692249 0.258772 0.691481 0.258772 0.690714
0 0.207237 0.686109 0.20614 0.686876 0.20614 0.687644 0.200658 0.691481 0.200658 0.693016 0.200658 0.692249 0.203947 0.689946 0.205044 0.689946 0.205044 0.689179 0.207237 0.687644
0 0.316886 0.676899 0.316886 0.678434 0.317982 0.679202 0.320175 0.679202 0.319079 0.678434 0.319079 0.677667 0.317982 0.676899
0 0.383772 0.674597 0.383772 0.676132 0.385965 0.677667 0.385965 0.675365 0.384868 0.674597
0 0.311404 0.669225 0.311404 0.673062 0.3125 0.67383 0.313596 0.67383 0.313596 0.673062 0.3125 0.672295 0.3125 0.669225
0 0.248904 0.668457 0.248904 0.669225 0.25 0.669225
0 0.309211 0.659248 0.309211 0.66155 0.310307 0.662318 0.311404 0.662318 0.311404 0.660015 0.310307 0.659248
0 0.285088 0.654643 0.283991 0.655411 0.285088 0.656178 0.285088 0.656946 0.287281 0.656946 0.287281 0.656178
0 0.256579 0.647736 0.256579 0.648503 0.257675 0.649271 0.258772 0.649271 0.259868 0.650038 0.260965 0.650038 0.262061 0.649271 0.262061 0.648503 0.260965 0.648503 0.259868 0.647736
0 0.320175 0.630852 0.319079 0.631619 0.319079 0.632387 0.320175 0.633154 0.320175 0.633922 0.322368 0.635457 0.322368 0.632387
0 0.3125 0.621642 0.3125 0.623177 0.313596 0.623945 0.314693 0.623177
0 0.392544 0.617038 0.394737 0.618573 0.394737 0.617805 0.39364 0.617038
0 0.242325 0.599386 0.242325 0.600153 0.241228 0.600921 0.241228 0.601688 0.240132 0.602456 0.240132 0.603223 0.241228 0.603991 0.242325 0.603991 0.242325 0.603223 0.243421 0.602456 0.243421 0.600153
0 0.388158 0.596316 0.388158 0.597084 0.389254 0.597084 0.389254 0.596316
0 0.255482 0.594014 0.255482 0.594781 0.256579 0.595549 0.256579 0.597084 0.257675 0.597851 0.257675 0.594781 0.256579 0.594781
0 0.364035 0.592479 0.362939 0.593246 0.361842 0.593246 0.360746 0.594014 0.358553 0.594014 0.358553 0.594781 0.359649 0.595549 0.364035 0.595549 0.365132 0.594781 0.366228 0.595549 0.369518 0.595549 0.370614 0.596316 0.372807 0.596316 0.372807 0.594014 0.370614 0.594014 0.369518 0.593246 0.366228 0.593246 0.365132 0.592479
0 0.436404 0.591711 0.436404 0.594014 0.4375 0.594014 0.4375 0.592479
0 0.347588 0.590944 0.347588 0.593246 0.348684 0.594014 0.348684 0.594781 0.351974 0.594781 0.35307 0.594014 0.35307 0.593246 0.351974 0.592479 0.351974 0.591711 0.350877 0.591711 0.349781 0.590944
0 0.315789 0.589409 0.315789 0.590944 0.316886 0.591711 0.317982 0.591711 0.317982 0.590177 0.316886 0.589409
0 0.255482 0.57713 0.255482 0.577897 0.256579 0.578665 0.256579 0.57713
0 0.338816 0.57099 0.337719 0.571757 0.337719 0.572525 0.336623 0.573292 0.336623 0.576362 0.338816 0.577897 0.341009 0.577897 0.344298 0.575595 0.344298 0.573292 0.343202 0.572525 0.343202 0.571757 0.342105 0.57099
0 0.223684 0.558711 0.223684 0.559478 0.224781 0.559478 0.224781 0.558711
0 0.346491 0.551804 0.345395 0.552571 0.341009 0.552571 0.338816 0.554106 0.338816 0.555641 0.337719 0.556408 0.337719 0.557176 0.338816 0.557943 0.338816 0.558711 0.341009 0.560246 0.342105 0.560246 0.343202 0.561013 0.346491 0.561013 0.347588 0.561781 0.348684 0.561781 0.349781 0.561013 0.349781 0.560246 0.350877 0.559478 0.350877 0.555641 0.349781 0.554873 0.349781 0.553338 0.347588 0.551804
0 0.300439 0.543361 0.298246 0.544896 0.298246 0.547199 0.299342 0.547966 0.301535 0.547966 0.302632 0.548734 0.303728 0.548734 0.304825 0.547966 0.305921 0.547966 0.305921 0.546431 0.304825 0.545664 0.304825 0.544896 0.302632 0.543361
0 0.41557 0.541059 0.414474 0.541827 0.413377 0.541827 0.413377 0.542594 0.412281 0.543361 0.412281 0.544896 0.411184 0.545664 0.411184 0.547199 0.413377 0.547199 0.413377 0.546431 0.414474 0.545664 0.414474 0.544896 0.416667 0.543361 0.416667 0.541059
0 0.432018 0.540292 0.432018 0.541059 0.433114 0.541059 0.433114 0.540292
0 0.519737 0.518035 0.519737 0.518803 0.52193 0.520338 0.52193 0.51957
0 0.289474 0.510361 0.289474 0.511128 0.29057 0.511128 0.29057 0.510361
0 0.467105 0.505756 0.467105 0.506523 0.468202 0.507291 0.468202 0.506523
0 0.570175 0.490407 0.571272 0.491174 0.572368 0.491174 0.571272 0.490407
0 0.505482 0.478127 0.504386 0.478895 0.503289 0.478895 0.503289 0.481197 0.505482 0.481197 0.506579 0.48043 0.507675 0.48043 0.508772 0.479662 0.506579 0.478127
0 0.286184 0.473523 0.285088 0.47429 0.285088 0.475058 0.283991 0.475825 0.285088 0.476592 0.285088 0.478127 0.286184 0.478895 0.286184 0.479662 0.287281 0.48043 0.287281 0.481197 0.289474 0.482732 0.294956 0.482732 0.296053 0.481965 0.297149 0.481965 0.297149 0.479662 0.294956 0.478127 0.29386 0.478127 0.29057 0.475825 0.29057 0.47429 0.289474 0.473523
0 0.473684 0.472755 0.473684 0.473523 0.472588 0.47429 0.472588 0.475825 0.475877 0.478127 0.476974 0.47736 0.476974 0.476592 0.47807 0.475825 0.47807 0.473523 0.476974 0.472755
0 0.311404 0.468918 0.311404 0.473523 0.310307 0.47429 0.310307 0.478895 0.309211 0.479662 0.309211 0.481197 0.308114 0.481965 0.308114 0.4835 0.309211 0.484267 0.309211 0.485802 0.314693 0.489639 0.315789 0.489639 0.316886 0.490407 0.319079 0.490407 0.320175 0.489639 0.321272 0.489639 0.321272 0.488872 0.322368 0.488104 0.321272 0.487337 0.321272 0.485802 0.320175 0.485035 0.320175 0.4835 0.319079 0.482732 0.319079 0.481965 0.317982 0.481197 0.317982 0.48043 0.316886 0.479662 0.316886 0.47736 0.315789 0.476592 0.315789 0.475058 0.314693 0.47429 0.314693 0.471988 0.313596 0.47122 0.313596 0.470453 0.3125 0.469685 0.3125 0.468918
0 0.5625 0.467383 0.563596 0.46815 0.564693 0.46815 0.563596 0.467383
0 0.548246 0.466616 0.548246 0.468918 0.551535 0.47122 0.552632 0.47122 0.553728 0.471988 0.554825 0.471988 0.554825 0.470453 0.549342 0.466616
0 0.505482 0.466616 0.504386 0.467383 0.504386 0.468918 0.506579 0.470453 0.507675 0.470453 0.507675 0.467383 0.506579 0.466616
0 0.273026 0.454336 0.26864 0.457406 0.26864 0.458941 0.269737 0.458173 0.270833 0.458173 0.27193 0.457406 0.27193 0.456639 0.275219 0.454336
0 0.610746 0.418266 0.605263 0.422103 0.605263 0.42287 0.604167 0.423638 0.604167 0.424405 0.605263 0.425173 0.605263 0.42594 0.60636 0.425173 0.60636 0.42287 0.607456 0.422103 0.608553 0.422103 0.610746 0.420568 0.610746 0.4198 0.611842 0.419033
0 0.307018 0.418266 0.307018 0.4198 0.308114 0.4198 0.308114 0.418266
0 0.292763 0.416731 0.291667 0.417498 0.29057 0.417498 0.29057 0.419033 0.291667 0.4198 0.292763 0.419033 0.292763 0.418266 0.29386 0.417498
0 0.597588 0.405219 0.596491 0.405986 0.596491 0.406754 0.597588 0.407521 0.597588 0.406754 0.598684 0.405986
0 0.589912 0.401381 0.587719 0.402916 0.587719 0.404451 0.588816 0.405219 0.592105 0.405219 0.592105 0.404451 0.593202 0.403684 0.593202 0.402149 0.592105 0.402149 0.591009 0.401381
0 0.639254 0.398312 0.639254 0.399079 0.640351 0.399079 0.641447 0.399847 0.642544 0.399079 0.642544 0.398312
0 0.616228 0.391404 0.615132 0.392172 0.615132 0.392939 0.617325 0.392939 0.617325 0.392172
0 0.358553 0.38066 0.35636 0.382195 0.35636 0.382962 0.358553 0.384497 0.359649 0.38373 0.361842 0.38373 0.362939 0.382962 0.362939 0.381427 0.361842 0.38066
0 0.333333 0.376055 0.333333 0.376823 0.33443 0.376823 0.335526 0.37759 0.337719 0.37759 0.338816 0.378358 0.339912 0.378358 0.341009 0.37759 0.339912 0.376823 0.338816 0.376823 0.337719 0.376055
0 0.429825 0.372218 0.428728 0.372985 0.428728 0.378358 0.429825 0.378358 0.430921 0.379125 0.433114 0.379125 0.435307 0.37759 0.435307 0.376823 0.436404 0.376055 0.436404 0.373753 0.434211 0.372218
0 0.324561 0.363776 0.324561 0.369916 0.325658 0.369916 0.325658 0.368381 0.324561 0.367613
0 0.45614 0.359939 0.452851 0.362241 0.451754 0.362241 0.449561 0.363776 0.449561 0.364543 0.447368 0.366078 0.447368 0.367613 0.446272 0.368381 0.446272 0.369148 0.447368 0.369916 0.447368 0.370683 0.448465 0.37145 0.448465 0.372218 0.449561 0.372985 0.449561 0.373753 0.450658 0.37452 0.450658 0.375288 0.451754 0.375288 0.455044 0.37759 0.45614 0.376823 0.45614 0.376055 0.457237 0.375288 0.457237 0.37452 0.458333 0.373753 0.458333 0.372985 0.45943 0.372218 0.45943 0.37145 0.461623 0.369916 0.461623 0.368381 0.464912 0.366078 0.464912 0.365311 0.466009 0.364543 0.466009 0.363008 0.464912 0.362241 0.463816 0.362241 0.461623 0.360706 0.460526 0.360706 0.45943 0.359939
0 0.380482 0.359171 0.380482 0.360706 0.381579 0.361474 0.381579 0.363008 0.381579 0.359939
0 0.432018 0.353799 0.430921 0.354566 0.430921 0.356101 0.432018 0.355334
0 0.623904 0.353031 0.623904 0.353799 0.622807 0.354566 0.625 0.356101 0.628289 0.356101 0.629386 0.355334 0.629386 0.353799 0.628289 0.353031
0 0.446272 0.353031 0.445175 0.353799 0.445175 0.354566 0.444079 0.355334 0.444079 0.356101 0.445175 0.356101 0.447368 0.354566 0.447368 0.353031
0 0.657895 0.336915 0.656798 0.337682 0.655702 0.337682 0.654605 0.33845 0.655702 0.339217 0.654605 0.339985 0.655702 0.339985 0.656798 0.339217 0.657895 0.339217 0.660088 0.337682 0.661184 0.337682 0.662281 0.336915
0 0.385965 0.334612 0.383772 0.336147 0.383772 0.336915 0.384868 0.337682 0.387061 0.337682 0.387061 0.33538
0 0.433114 0.32924 0.433114 0.330775 0.434211 0.330775 0.434211 0.32924
0 0.512061 0.307751 0.510965 0.308519 0.509868 0.308519 0.509868 0.310821 0.512061 0.312356 0.514254 0.312356 0.514254 0.311589 0.515351 0.310821 0.515351 0.310054 0.514254 0.309286 0.514254 0.308519 0.513158 0.307751
0 0.468202 0.307751 0.467105 0.308519 0.467105 0.310054 0.468202 0.310821 0.470395 0.310821 0.471491 0.310054 0.471491 0.307751
0 0.649123 0.303147 0.648026 0.303914 0.649123 0.304682 0.651316 0.304682 0.651316 0.303914 0.650219 0.303147
0 0.672149 0.297774 0.669956 0.299309 0.669956 0.300077 0.675439 0.300077 0.676535 0.300844 0.678728 0.300844 0.679825 0.300077 0.683114 0.300077 0.677632 0.300077 0.675439 0.298542 0.674342 0.298542 0.673246 0.297774
0 0.371711 0.297774 0.370614 0.298542 0.369518 0.298542 0.369518 0.299309 0.372807 0.299309 0.373904 0.298542 0.375 0.298542 0.375 0.297774
0 0.485746 0.297007 0.484649 0.297774 0.484649 0.299309 0.485746 0.300077 0.485746 0.300844 0.486842 0.300077 0.486842 0.297774
0 0.378289 0.296239 0.378289 0.297007 0.379386 0.297007
0 0.561404 0.293937 0.560307 0.294705 0.558114 0.294705 0.557018 0.295472 0.555921 0.295472 0.555921 0.296239 0.559211 0.296239 0.561404 0.294705
0 0.54057 0.293937 0.54057 0.297007 0.541667 0.297774 0.54386 0.296239 0.54386 0.295472 0.541667 0.293937
0 0.349781 0.286262 0.348684 0.28703 0.348684 0.287797 0.349781 0.287797 0.350877 0.28703 0.350877 0.286262
0 0.542763 0.284728 0.542763 0.286262 0.54386 0.28703 0.544956 0.286262 0.54386 0.285495 0.54386 0.284728
0 0.642544 0.276285 0.641447 0.277053 0.641447 0.27782 0.64364 0.27782 0.644737 0.278588 0.645833 0.278588 0.64693 0.27782 0.64693 0.277053 0.645833 0.276285
0 0.371711 0.274751 0.371711 0.275518 0.372807 0.275518 0.372807 0.274751
0 0.433114 0.270146 0.429825 0.272448 0.427632 0.272448 0.426535 0.273216 0.425439 0.273216 0.424342 0.273983 0.424342 0.277053 0.428728 0.277053 0.429825 0.276285 0.434211 0.276285 0.439693 0.272448 0.438596 0.271681 0.438596 0.270913 0.4375 0.270146
0 0.634868 0.266309 0.632675 0.267843 0.632675 0.268611 0.633772 0.267843 0.635965 0.267843 0.637061 0.267076 0.635965 0.266309
0 0.542763 0.264006 0.542763 0.265541 0.54386 0.265541 0.544956 0.264774 0.54386 0.264006
0 0.41557 0.262471 0.413377 0.264006 0.413377 0.267076 0.414474 0.267843 0.41557 0.267843 0.416667 0.268611 0.417763 0.267843 0.41886 0.267843 0.419956 0.267076 0.419956 0.263239 0.41886 0.262471
0 0.524123 0.258634 0.523026 0.259401 0.523026 0.260169 0.524123 0.260936 0.524123 0.261704 0.526316 0.260169 0.526316 0.259401 0.525219 0.258634
0 0.710526 0.255564 0.710526 0.256332 0.712719 0.256332 0.711623 0.255564
0 0.630482 0.255564 0.629386 0.256332 0.629386 0.257099 0.630482 0.257099 0.632675 0.255564
0 0.383772 0.24482 0.382675 0.245587 0.382675 0.246355 0.384868 0.246355 0.385965 0.245587 0.385965 0.24482
0 0.586623 0.237913 0.586623 0.239447 0.587719 0.239447 0.588816 0.23868 0.588816 0.237913
0 0.607456 0.231005 0.604167 0.233308 0.605263 0.234075 0.608553 0.234075 0.609649 0.233308 0.609649 0.231005
0 0.583333 0.223331 0.582237 0.224098 0.58114 0.224098 0.580044 0.224866 0.580044 0.227168 0.58114 0.227936 0.583333 0.227936 0.586623 0.225633 0.586623 0.224866 0.587719 0.224098 0.586623 0.223331
0 0.637061 0.211051 0.633772 0.213354 0.633772 0.214121 0.635965 0.214121 0.638158 0.212586 0.638158 0.211051
0 0.482456 0.1934 0.48136 0.194167 0.480263 0.194167 0.479167 0.194935 0.480263 0.194935 0.48136 0.194167 0.482456 0.194167
0 0.527412 0.191865 0.525219 0.1934 0.525219 0.194935 0.526316 0.194935 0.527412 0.194167 0.528509 0.194167 0.528509 0.191865
0 0.569079 0.191097 0.567982 0.191865 0.569079 0.191865
0 0.469298 0.178818 0.470395 0.179586 0.470395 0.178818
0 0.527412 0.169609 0.525219 0.171144 0.525219 0.171911 0.526316 0.171911 0.528509 0.170376 0.528509 0.169609
0 0.583333 0.164236 0.582237 0.165004 0.582237 0.165771 0.583333 0.165771
0 0.625 0.161167 0.625 0.162701 0.627193 0.162701 0.627193 0.161934 0.626096 0.161167
0 0.596491 0.155794 0.595395 0.156562 0.595395 0.158097 0.596491 0.158864 0.597588 0.158864 0.598684 0.158097 0.599781 0.158097 0.599781 0.155794
0 0.625 0.140445 0.625 0.141213 0.626096 0.141213 0.626096 0.140445
