0 0.294956 0.700691 0.294956 0.702226 0.296053 0.702226 0.296053 0.701458
0 0.267544 0.689179 0.266447 0.689946 0.266447 0.690714 0.269737 0.693016 0.269737 0.695318 0.270833 0.695318 0.270833 0.693016 0.26864 0.691481 0.26864 0.689946
0 0.212719 0.679969 0.212719 0.680737 0.213816 0.680737
0 0.381579 0.669225 0.381579 0.67076 0.382675 0.67076 0.382675 0.669992
0 0.252193 0.66769 0.252193 0.668457 0.253289 0.668457 0.253289 0.66769
0 0.304825 0.656178 0.302632 0.657713 0.303728 0.65848 0.307018 0.65848 0.308114 0.657713 0.307018 0.656946 0.305921 0.656946
0 0.281798 0.653876 0.281798 0.654643 0.283991 0.656178 0.283991 0.654643 0.282895 0.653876
0 0.267544 0.652341 0.267544 0.653108 0.266447 0.653876 0.267544 0.654643 0.26864 0.654643 0.26864 0.652341
0 0.188596 0.647736 0.188596 0.648503 0.189693 0.648503
0 0.320175 0.627782 0.320175 0.62855 0.319079 0.629317 0.320175 0.630084 0.320175 0.630852 0.321272 0.631619 0.322368 0.631619 0.322368 0.629317 0.321272 0.62855 0.321272 0.627782
0 0.360746 0.620875 0.360746 0.623177 0.361842 0.623177 0.361842 0.620875
0 0.390351 0.613968 0.390351 0.615503 0.391447 0.615503 0.391447 0.613968
0 0.303728 0.613968 0.303728 0.615503 0.305921 0.617038 0.305921 0.615503 0.304825 0.614735 0.304825 0.613968
0 0.218202 0.597084 0.214912 0.599386 0.213816 0.599386 0.214912 0.600153 0.214912 0.601688 0.219298 0.598619 0.219298 0.597851 0.220395 0.597084
0 0.385965 0.595549 0.385965 0.597084 0.387061 0.597851 0.387061 0.597084 0.385965 0.596316
0 0.371711 0.594014 0.370614 0.594781 0.371711 0.595549 0.371711 0.596316 0.372807 0.596316 0.373904 0.595549 0.372807 0.594781 0.372807 0.594014
0 0.255482 0.592479 0.254386 0.593246 0.25 0.593246 0.25 0.594014 0.248904 0.594781 0.251096 0.594781 0.253289 0.593246 0.256579 0.595549 0.257675 0.595549 0.257675 0.594781 0.256579 0.594781 0.255482 0.594014 0.256579 0.593246
0 0.317982 0.591711 0.317982 0.593246 0.319079 0.594014 0.320175 0.594014 0.320175 0.592479 0.319079 0.591711
0 0.343202 0.588642 0.343202 0.589409 0.342105 0.590177 0.342105 0.590944 0.344298 0.592479 0.345395 0.592479 0.346491 0.591711 0.346491 0.589409 0.345395 0.588642
0 0.430921 0.584804 0.430921 0.587107 0.434211 0.589409 0.434211 0.587874 0.433114 0.587107 0.433114 0.586339
0 0.240132 0.583269 0.240132 0.584037 0.241228 0.584804 0.242325 0.584037 0.242325 0.583269
0 0.333333 0.579432 0.333333 0.5802 0.332237 0.580967 0.332237 0.583269 0.33443 0.584804 0.335526 0.584804 0.337719 0.583269 0.337719 0.580967 0.336623 0.5802 0.336623 0.579432
0 0.301535 0.57713 0.301535 0.577897 0.302632 0.577897 0.302632 0.57713
0 0.260965 0.576362 0.260965 0.577897 0.262061 0.577897 0.262061 0.576362
0 0.338816 0.568688 0.337719 0.569455 0.337719 0.570223 0.336623 0.57099 0.336623 0.573292 0.338816 0.574827 0.341009 0.574827 0.342105 0.57406 0.343202 0.57406 0.344298 0.573292 0.344298 0.572525 0.345395 0.571757 0.345395 0.57099 0.344298 0.570223 0.344298 0.569455 0.343202 0.569455 0.342105 0.568688
0 0.216009 0.568688 0.216009 0.569455 0.217105 0.569455 0.217105 0.568688
0 0.343202 0.555641 0.339912 0.557943 0.339912 0.559478 0.341009 0.560246 0.341009 0.561013 0.342105 0.561781 0.343202 0.561781 0.344298 0.562548 0.345395 0.562548 0.346491 0.563315 0.348684 0.563315 0.349781 0.562548 0.349781 0.561013 0.350877 0.560246 0.350877 0.557943 0.347588 0.555641
0 0.265351 0.554106 0.264254 0.554873 0.265351 0.554873
0 0.307018 0.545664 0.305921 0.546431 0.305921 0.547966 0.304825 0.548734 0.304825 0.549501 0.307018 0.551036 0.308114 0.551036 0.309211 0.551804 0.311404 0.551804 0.313596 0.550269 0.313596 0.547199 0.311404 0.545664
0 0.4375 0.541827 0.4375 0.543361 0.438596 0.544129 0.438596 0.542594
0 0.428728 0.537222 0.428728 0.538757 0.429825 0.537989 0.429825 0.537222
0 0.451754 0.52264 0.450658 0.523408 0.449561 0.523408 0.448465 0.524175 0.445175 0.524175 0.444079 0.524942 0.448465 0.524942 0.450658 0.523408 0.452851 0.523408 0.452851 0.52264
0 0.512061 0.514198 0.512061 0.514965 0.513158 0.515733 0.513158 0.514198
0 0.464912 0.504221 0.464912 0.505756 0.466009 0.505756 0.466009 0.504988
0 0.287281 0.494244 0.288377 0.495012 0.288377 0.498849 0.289474 0.498849 0.29057 0.499616 0.289474 0.500384 0.289474 0.501151 0.29057 0.501919 0.29057 0.498849 0.288377 0.497314 0.288377 0.496546 0.289474 0.495779 0.289474 0.494244
0 0.313596 0.479662 0.3125 0.48043 0.310307 0.48043 0.310307 0.481197 0.309211 0.481965 0.309211 0.485035 0.310307 0.485035 0.311404 0.485802 0.311404 0.486569 0.310307 0.487337 0.309211 0.486569 0.310307 0.487337 0.310307 0.489639 0.311404 0.489639 0.3125 0.488872 0.313596 0.489639 0.313596 0.490407 0.317982 0.490407 0.319079 0.489639 0.319079 0.488872 0.320175 0.488104 0.320175 0.485035 0.319079 0.484267 0.319079 0.4835 0.317982 0.482732 0.317982 0.481965 0.315789 0.48043 0.314693 0.48043
0 0.480263 0.473523 0.47807 0.475058 0.47807 0.47736 0.479167 0.478127 0.480263 0.47736 0.482456 0.47736 0.483553 0.476592 0.483553 0.47429 0.482456 0.473523
0 0.569079 0.472755 0.570175 0.473523 0.570175 0.47429 0.571272 0.47429 0.573465 0.475825 0.576754 0.475825 0.574561 0.475825 0.570175 0.472755
0 0.531798 0.470453 0.530702 0.47122 0.530702 0.471988 0.532895 0.473523 0.533991 0.473523 0.533991 0.47122 0.532895 0.47122
0 0.514254 0.46815 0.512061 0.469685 0.513158 0.470453 0.513158 0.47122 0.514254 0.471988 0.514254 0.472755 0.517544 0.472755 0.517544 0.469685 0.516447 0.468918 0.515351 0.468918
0 0.495614 0.467383 0.494518 0.46815 0.493421 0.46815 0.493421 0.47122 0.495614 0.472755 0.497807 0.472755 0.5 0.47429 0.5 0.475825 0.498904 0.476592 0.498904 0.478895 0.5 0.479662 0.501096 0.479662 0.501096 0.478895 0.502193 0.478127 0.502193 0.473523 0.503289 0.472755 0.503289 0.47122 0.504386 0.470453 0.503289 0.469685 0.503289 0.468918 0.502193 0.46815 0.5 0.46815 0.498904 0.467383
0 0.280702 0.451266 0.280702 0.452801 0.282895 0.452801 0.283991 0.452034 0.283991 0.451266
0 0.308114 0.42594 0.307018 0.426708 0.307018 0.427475 0.309211 0.42901 0.310307 0.42901 0.311404 0.428243 0.311404 0.427475 0.310307 0.426708 0.310307 0.42594
0 0.255482 0.408289 0.255482 0.410591 0.256579 0.411358 0.256579 0.412126 0.258772 0.412126 0.255482 0.409823
0 0.588816 0.404451 0.587719 0.405219 0.587719 0.407521 0.589912 0.409056 0.592105 0.409056 0.593202 0.408289 0.593202 0.406754 0.592105 0.405986 0.592105 0.405219 0.591009 0.405219 0.589912 0.404451
0 0.622807 0.396009 0.622807 0.396777 0.623904 0.396009
0 0.351974 0.384497 0.350877 0.385265 0.35307 0.3868 0.355263 0.3868 0.355263 0.386032 0.35636 0.385265 0.355263 0.384497
0 0.434211 0.372218 0.432018 0.373753 0.432018 0.376823 0.433114 0.37759 0.433114 0.378358 0.434211 0.379125 0.436404 0.379125 0.4375 0.378358 0.436404 0.37759 0.436404 0.375288 0.435307 0.37452 0.436404 0.373753 0.435307 0.372985 0.435307 0.372218
0 0.387061 0.366846 0.387061 0.368381 0.388158 0.369148 0.389254 0.368381
0 0.452851 0.366078 0.450658 0.367613 0.450658 0.369916 0.449561 0.370683 0.449561 0.372218 0.448465 0.372985 0.449561 0.373753 0.449561 0.375288 0.452851 0.37759 0.452851 0.378358 0.455044 0.379893 0.457237 0.379893 0.458333 0.38066 0.45943 0.38066 0.462719 0.378358 0.463816 0.378358 0.462719 0.37759 0.462719 0.369148 0.461623 0.368381 0.461623 0.367613 0.460526 0.367613 0.45943 0.366846 0.458333 0.366846 0.457237 0.366078
0 0.626096 0.352264 0.625 0.353031 0.625 0.354566 0.626096 0.355334 0.628289 0.355334 0.629386 0.354566 0.629386 0.353031 0.628289 0.352264
0 0.642544 0.349194 0.640351 0.350729 0.640351 0.353031 0.639254 0.353799 0.639254 0.355334 0.638158 0.356101 0.639254 0.356101 0.639254 0.355334 0.642544 0.353031 0.642544 0.352264 0.64364 0.351497 0.64364 0.349194
0 0.388158 0.339985 0.387061 0.340752 0.388158 0.34152 0.388158 0.343054 0.389254 0.343054 0.390351 0.342287 0.390351 0.340752 0.389254 0.339985
0 0.433114 0.331543 0.433114 0.333078 0.434211 0.333078 0.434211 0.33231
0 0.346491 0.325403 0.346491 0.32617 0.347588 0.32617 0.347588 0.325403
0 0.512061 0.308519 0.510965 0.309286 0.509868 0.309286 0.509868 0.312356 0.510965 0.312356 0.512061 0.313124 0.513158 0.313124 0.514254 0.312356 0.514254 0.309286 0.513158 0.309286
0 0.653509 0.304682 0.652412 0.305449 0.651316 0.305449 0.650219 0.306216 0.651316 0.306984 0.654605 0.306984 0.655702 0.306216 0.655702 0.305449 0.654605 0.305449
0 0.485746 0.300844 0.483553 0.302379 0.482456 0.302379 0.47807 0.305449 0.476974 0.305449 0.476974 0.306216 0.47807 0.305449 0.482456 0.305449 0.483553 0.304682 0.487939 0.304682 0.487939 0.303147 0.489035 0.302379 0.489035 0.301612 0.487939 0.300844
0 0.547149 0.300077 0.547149 0.301612 0.548246 0.302379 0.549342 0.302379 0.550439 0.301612 0.550439 0.300844 0.549342 0.300844 0.548246 0.300077
0 0.537281 0.298542 0.537281 0.299309 0.536184 0.300077 0.537281 0.300077 0.538377 0.299309 0.538377 0.298542
0 0.376096 0.297774 0.375 0.298542 0.375 0.299309 0.376096 0.299309 0.377193 0.300077 0.378289 0.299309 0.378289 0.297774
0 0.358553 0.289332 0.358553 0.2901 0.359649 0.2901 0.359649 0.289332
0 0.54386 0.28396 0.54386 0.286262 0.544956 0.286262 0.546053 0.285495 0.544956 0.284728 0.544956 0.28396
0 0.637061 0.27782 0.635965 0.278588 0.637061 0.279355 0.637061 0.280123 0.638158 0.280123 0.639254 0.279355 0.639254 0.27782
0 0.377193 0.275518 0.376096 0.276285 0.377193 0.276285
0 0.546053 0.273216 0.544956 0.273983 0.544956 0.274751 0.546053 0.275518 0.546053 0.276285 0.547149 0.277053 0.548246 0.276285 0.548246 0.274751
0 0.426535 0.272448 0.425439 0.273216 0.425439 0.274751 0.424342 0.275518 0.424342 0.276285 0.423246 0.277053 0.424342 0.27782 0.424342 0.279355 0.425439 0.280123 0.426535 0.280123 0.427632 0.28089 0.428728 0.28089 0.429825 0.280123 0.429825 0.279355 0.430921 0.278588 0.430921 0.27782 0.432018 0.277053 0.432018 0.273216 0.430921 0.272448
0 0.621711 0.264006 0.619518 0.265541 0.619518 0.267076 0.618421 0.267843 0.618421 0.269378 0.619518 0.270146 0.619518 0.270913 0.620614 0.271681 0.620614 0.272448 0.621711 0.273216 0.621711 0.274751 0.622807 0.275518 0.622807 0.277053 0.623904 0.27782 0.623904 0.278588 0.626096 0.278588 0.626096 0.274751 0.622807 0.272448 0.622807 0.271681 0.619518 0.269378 0.620614 0.268611 0.620614 0.266309 0.621711 0.265541 0.621711 0.264774 0.622807 0.264006
0 0.525219 0.261704 0.524123 0.262471 0.525219 0.263239 0.525219 0.264774 0.526316 0.264774 0.527412 0.264006 0.527412 0.262471 0.526316 0.262471
0 0.698465 0.259401 0.698465 0.260169 0.700658 0.260169 0.699561 0.259401
0 0.383772 0.250959 0.382675 0.251727 0.382675 0.252494 0.384868 0.252494 0.385965 0.253262 0.388158 0.253262 0.389254 0.254029 0.391447 0.254029 0.392544 0.253262 0.391447 0.252494 0.390351 0.252494 0.389254 0.251727 0.384868 0.251727
0 0.433114 0.247889 0.432018 0.248657 0.432018 0.250192 0.433114 0.250959 0.433114 0.251727 0.430921 0.253262 0.430921 0.254029 0.427632 0.256332 0.426535 0.256332 0.425439 0.257099 0.424342 0.257099 0.423246 0.257866 0.422149 0.257866 0.41886 0.260169 0.41886 0.260936 0.416667 0.262471 0.416667 0.263239 0.414474 0.264774 0.41557 0.265541 0.41557 0.267843 0.416667 0.268611 0.419956 0.268611 0.422149 0.267076 0.422149 0.262471 0.426535 0.259401 0.427632 0.259401 0.428728 0.258634 0.429825 0.258634 0.430921 0.257866 0.432018 0.257866 0.432018 0.257099 0.433114 0.256332 0.433114 0.254797 0.434211 0.254029 0.434211 0.252494 0.435307 0.251727 0.435307 0.247889
0 0.592105 0.23561 0.591009 0.236378 0.589912 0.236378 0.586623 0.23868 0.585526 0.23868 0.58114 0.24175 0.582237 0.242517 0.58443 0.242517 0.592105 0.237145
0 0.575658 0.227168 0.574561 0.227936 0.572368 0.227936 0.570175 0.22947 0.570175 0.230238 0.569079 0.231005 0.569079 0.231773 0.567982 0.23254 0.567982 0.233308 0.569079 0.234075 0.572368 0.234075 0.576754 0.231005 0.576754 0.230238 0.577851 0.22947 0.577851 0.228703 0.578947 0.227936 0.578947 0.227168
0 0.654605 0.224866 0.653509 0.225633 0.655702 0.225633
0 0.708333 0.222563 0.70943 0.223331 0.70943 0.222563
0 0.618421 0.221796 0.616228 0.223331 0.616228 0.224866 0.615132 0.225633 0.615132 0.226401 0.616228 0.226401 0.618421 0.224866 0.618421 0.224098 0.619518 0.223331 0.619518 0.222563 0.620614 0.221796
0 0.570175 0.207214 0.569079 0.207982 0.571272 0.207982 0.571272 0.207214
0 0.526316 0.19647 0.525219 0.197237 0.525219 0.19954 0.527412 0.19954 0.528509 0.198772 0.528509 0.197237 0.527412 0.19647
0 0.566886 0.19033 0.566886 0.191097 0.567982 0.191097 0.567982 0.19033
0 0.717105 0.188028 0.717105 0.188795 0.718202 0.188028
0 0.66557 0.177283 0.666667 0.178051 0.666667 0.177283
0 0.519737 0.175748 0.51864 0.176516 0.51864 0.177283 0.517544 0.178051 0.519737 0.178051 0.520833 0.177283 0.520833 0.175748
0 0.48136 0.172678 0.480263 0.173446 0.479167 0.173446 0.47807 0.174213 0.476974 0.174213 0.474781 0.175748 0.474781 0.176516 0.47807 0.174213 0.479167 0.174213 0.480263 0.173446 0.48136 0.173446 0.482456 0.172678 0.485746 0.172678 0.486842 0.173446 0.486842 0.174213 0.489035 0.175748 0.489035 0.174213 0.486842 0.172678
0 0.620614 0.160399 0.620614 0.162701 0.623904 0.162701 0.623904 0.161934 0.621711 0.160399
0 0.582237 0.155027 0.58114 0.155794 0.58114 0.156562 0.583333 0.158097 0.58443 0.158097 0.585526 0.158864 0.587719 0.158864 0.587719 0.156562 0.586623 0.155794 0.585526 0.155794 0.58443 0.155027
0 0.623904 0.14198 0.623904 0.143515 0.625 0.143515 0.625 0.14198
