0 0.29386 0.734459 0.29386 0.735226 0.294956 0.735226
0 0.256579 0.732157 0.256579 0.735994 0.256579 0.735226 0.257675 0.734459 0.257675 0.732924
0 0.296053 0.701458 0.296053 0.702993 0.297149 0.702993 0.297149 0.702226
0 0.263158 0.683807 0.262061 0.684574 0.263158 0.685342 0.263158 0.686109 0.264254 0.686876 0.266447 0.686876 0.266447 0.685342 0.264254 0.683807
0 0.211623 0.674597 0.211623 0.675365 0.212719 0.676132 0.213816 0.676132 0.212719 0.675365 0.212719 0.674597
0 0.256579 0.672295 0.256579 0.67383 0.257675 0.67383 0.257675 0.672295
0 0.311404 0.671527 0.311404 0.673062 0.3125 0.67383 0.3125 0.674597 0.313596 0.675365 0.313596 0.676132 0.314693 0.676132 0.315789 0.676899 0.315789 0.675365 0.314693 0.674597 0.314693 0.67383
0 0.377193 0.666922 0.378289 0.66769 0.378289 0.668457 0.379386 0.668457 0.380482 0.669225 0.380482 0.66769 0.379386 0.666922
0 0.292763 0.655411 0.292763 0.656178 0.29386 0.656946 0.292763 0.657713 0.29386 0.65848 0.29386 0.659248 0.294956 0.660015 0.299342 0.660015 0.299342 0.65848 0.298246 0.65848 0.29386 0.655411
0 0.298246 0.654643 0.299342 0.655411 0.303728 0.655411 0.303728 0.654643 0.302632 0.654643 0.301535 0.655411 0.300439 0.654643
0 0.262061 0.653108 0.262061 0.653876 0.260965 0.654643 0.260965 0.656178 0.259868 0.656946 0.258772 0.656946 0.257675 0.657713 0.257675 0.65848 0.255482 0.660015 0.255482 0.660783 0.254386 0.66155 0.254386 0.662318 0.253289 0.663085 0.253289 0.666922 0.254386 0.666922 0.255482 0.66769 0.256579 0.66769 0.256579 0.663853 0.257675 0.663085 0.257675 0.660783 0.258772 0.660015 0.257675 0.659248 0.257675 0.65848 0.259868 0.656946 0.263158 0.656946 0.264254 0.657713 0.267544 0.657713 0.267544 0.654643 0.265351 0.653108
0 0.191886 0.650038 0.190789 0.650806 0.191886 0.651573 0.192982 0.651573 0.192982 0.650806
0 0.314693 0.649271 0.313596 0.650038 0.313596 0.650806 0.314693 0.650806 0.315789 0.650038 0.315789 0.649271
0 0.39693 0.630084 0.398026 0.630852 0.399123 0.630852 0.398026 0.630084
0 0.319079 0.623177 0.319079 0.626247 0.320175 0.627015 0.320175 0.627782 0.322368 0.627782 0.322368 0.62548 0.321272 0.624712 0.321272 0.623945 0.320175 0.623177
0 0.389254 0.614735 0.389254 0.61627 0.390351 0.61627 0.390351 0.614735
0 0.358553 0.612433 0.358553 0.614735 0.359649 0.615503 0.360746 0.615503 0.359649 0.614735 0.359649 0.612433
0 0.302632 0.607828 0.302632 0.610898 0.303728 0.610898 0.303728 0.608596
0 0.368421 0.595549 0.367325 0.596316 0.367325 0.597084 0.368421 0.597851 0.369518 0.597851 0.370614 0.597084 0.370614 0.596316 0.369518 0.595549
0 0.319079 0.594014 0.319079 0.595549 0.321272 0.595549 0.321272 0.594014
0 0.381579 0.593246 0.381579 0.594781 0.382675 0.594781 0.382675 0.594014
0 0.259868 0.592479 0.258772 0.593246 0.258772 0.594014 0.260965 0.595549 0.263158 0.594014 0.263158 0.593246 0.262061 0.592479
0 0.330044 0.586339 0.330044 0.587107 0.33114 0.587107 0.33114 0.586339
0 0.242325 0.579432 0.242325 0.580967 0.244518 0.580967 0.244518 0.579432
0 0.265351 0.576362 0.265351 0.57713 0.266447 0.577897 0.267544 0.577897 0.267544 0.576362
0 0.304825 0.57406 0.304825 0.574827 0.305921 0.574827 0.305921 0.57406
0 0.424342 0.573292 0.423246 0.57406 0.423246 0.575595 0.424342 0.576362 0.424342 0.577897 0.427632 0.5802 0.427632 0.576362 0.426535 0.575595 0.426535 0.574827
0 0.336623 0.570223 0.33443 0.571757 0.33443 0.573292 0.333333 0.57406 0.333333 0.574827 0.33443 0.575595 0.33443 0.576362 0.335526 0.57713 0.337719 0.57713 0.338816 0.576362 0.339912 0.576362 0.341009 0.575595 0.342105 0.575595 0.343202 0.574827 0.343202 0.57406 0.344298 0.573292 0.344298 0.572525 0.343202 0.571757 0.343202 0.57099 0.342105 0.570223
0 0.224781 0.564083 0.224781 0.565618 0.225877 0.56485
0 0.345395 0.557176 0.344298 0.557943 0.343202 0.557943 0.343202 0.562548 0.344298 0.563315 0.344298 0.564083 0.345395 0.564083 0.347588 0.565618 0.349781 0.565618 0.351974 0.564083 0.351974 0.561781 0.350877 0.561013 0.350877 0.560246 0.349781 0.559478 0.350877 0.558711 0.348684 0.557176
0 0.273026 0.554106 0.27193 0.554873 0.27193 0.555641 0.273026 0.556408 0.274123 0.555641 0.274123 0.554873
0 0.309211 0.546431 0.309211 0.547199 0.308114 0.547966 0.308114 0.551804 0.310307 0.553338 0.311404 0.552571 0.3125 0.552571 0.313596 0.551804 0.313596 0.551036 0.314693 0.550269 0.313596 0.549501 0.313596 0.547966 0.311404 0.546431
0 0.505482 0.510361 0.506579 0.511128 0.506579 0.511896 0.507675 0.511896 0.507675 0.511128 0.506579 0.510361
0 0.464912 0.501919 0.464912 0.503454 0.466009 0.503454 0.466009 0.502686
0 0.310307 0.479662 0.309211 0.48043 0.308114 0.48043 0.307018 0.481197 0.305921 0.481197 0.304825 0.481965 0.304825 0.4835 0.305921 0.484267 0.305921 0.485035 0.307018 0.485802 0.307018 0.488104 0.308114 0.488872 0.308114 0.491174 0.310307 0.492709 0.310307 0.493477 0.313596 0.493477 0.314693 0.492709 0.315789 0.492709 0.316886 0.491942 0.316886 0.490407 0.317982 0.489639 0.317982 0.485802 0.316886 0.485035 0.316886 0.484267 0.315789 0.4835 0.315789 0.482732 0.3125 0.48043 0.311404 0.48043
0 0.520833 0.47122 0.519737 0.471988 0.519737 0.472755 0.520833 0.473523 0.520833 0.47429 0.52193 0.475058 0.525219 0.475058 0.526316 0.47429 0.528509 0.47429 0.528509 0.473523 0.526316 0.471988 0.525219 0.471988 0.524123 0.47122
0 0.489035 0.469685 0.484649 0.472755 0.484649 0.476592 0.485746 0.47736 0.486842 0.47736 0.487939 0.478127 0.490132 0.478127 0.492325 0.476592 0.492325 0.475825 0.493421 0.475058 0.493421 0.471988 0.491228 0.470453 0.490132 0.470453
0 0.508772 0.460476 0.507675 0.461243 0.510965 0.461243 0.509868 0.460476
0 0.276316 0.458173 0.276316 0.458941 0.277412 0.458941 0.279605 0.460476 0.283991 0.460476 0.281798 0.458941 0.280702 0.458941 0.279605 0.458173
0 0.539474 0.452034 0.54057 0.452801 0.541667 0.452034
0 0.302632 0.440522 0.301535 0.441289 0.301535 0.442057 0.299342 0.443592 0.299342 0.444359 0.296053 0.446662 0.296053 0.447429 0.294956 0.448196 0.29386 0.448196 0.289474 0.451266 0.289474 0.453569 0.292763 0.453569 0.294956 0.452034 0.297149 0.452034 0.299342 0.450499 0.300439 0.450499 0.303728 0.448196 0.304825 0.448196 0.304825 0.445894 0.305921 0.445127 0.305921 0.441289 0.304825 0.440522
0 0.3125 0.425173 0.311404 0.42594 0.311404 0.427475 0.3125 0.428243 0.314693 0.428243 0.315789 0.427475 0.315789 0.42594 0.314693 0.425173
0 0.267544 0.413661 0.266447 0.414428 0.266447 0.415196 0.269737 0.415196 0.269737 0.414428 0.26864 0.413661
0 0.592105 0.410591 0.591009 0.411358 0.591009 0.413661 0.588816 0.415196 0.591009 0.416731 0.592105 0.415963 0.593202 0.415963 0.593202 0.414428 0.596491 0.412126 0.594298 0.410591
0 0.307018 0.409823 0.308114 0.410591 0.308114 0.409823
0 0.294956 0.396777 0.294956 0.397544 0.296053 0.396777
0 0.354167 0.387567 0.354167 0.391404 0.350877 0.393707 0.351974 0.393707 0.355263 0.391404 0.357456 0.391404 0.358553 0.390637 0.358553 0.387567
0 0.392544 0.372218 0.392544 0.372985 0.39364 0.373753 0.39364 0.372218
0 0.450658 0.367613 0.447368 0.369916 0.446272 0.369916 0.444079 0.37145 0.442982 0.37145 0.441886 0.372218 0.4375 0.372218 0.4375 0.372985 0.436404 0.373753 0.436404 0.376823 0.4375 0.376823 0.438596 0.37759 0.440789 0.37759 0.444079 0.379893 0.444079 0.38066 0.445175 0.381427 0.445175 0.382195 0.446272 0.382962 0.447368 0.382962 0.448465 0.382195 0.451754 0.382195 0.452851 0.382962 0.453947 0.382962 0.455044 0.38373 0.461623 0.38373 0.462719 0.384497 0.463816 0.384497 0.463816 0.382962 0.464912 0.382195 0.463816 0.381427 0.463816 0.376055 0.462719 0.375288 0.462719 0.372218 0.461623 0.37145 0.461623 0.369916 0.460526 0.369148 0.460526 0.368381 0.452851 0.368381 0.451754 0.367613
0 0.629386 0.353799 0.628289 0.354566 0.628289 0.356101 0.629386 0.356869 0.630482 0.356869 0.631579 0.357636 0.634868 0.357636 0.635965 0.358404 0.638158 0.358404 0.638158 0.356869 0.637061 0.356101 0.634868 0.356101 0.631579 0.353799
0 0.656798 0.353031 0.657895 0.353799 0.657895 0.353031
0 0.648026 0.353031 0.648026 0.353799 0.650219 0.353799 0.650219 0.353031
0 0.389254 0.345357 0.389254 0.347659 0.391447 0.349194 0.392544 0.348427 0.392544 0.346124 0.391447 0.345357
0 0.315789 0.339217 0.313596 0.340752 0.313596 0.34152 0.3125 0.342287 0.313596 0.342287 0.314693 0.34152 0.314693 0.340752 0.315789 0.339985
0 0.432018 0.333845 0.433114 0.334612 0.434211 0.334612 0.434211 0.333845
0 0.355263 0.328473 0.355263 0.32924 0.357456 0.32924 0.357456 0.328473
0 0.678728 0.320031 0.679825 0.320031 0.680921 0.320798 0.682018 0.320798 0.682018 0.320031
0 0.462719 0.318496 0.462719 0.319263 0.463816 0.319263
0 0.66886 0.317728 0.669956 0.318496 0.674342 0.318496 0.675439 0.319263 0.676535 0.319263 0.675439 0.319263 0.673246 0.317728 0.672149 0.317728 0.671053 0.318496 0.669956 0.317728
0 0.512061 0.310054 0.509868 0.311589 0.509868 0.313891 0.510965 0.314658 0.513158 0.314658 0.514254 0.313891 0.514254 0.311589
0 0.377193 0.309286 0.376096 0.310054 0.377193 0.310821 0.380482 0.310821 0.380482 0.310054 0.378289 0.310054
0 0.650219 0.308519 0.649123 0.309286 0.649123 0.310054 0.650219 0.310821 0.652412 0.310821 0.652412 0.310054 0.653509 0.309286 0.652412 0.308519
0 0.536184 0.302379 0.535088 0.303147 0.535088 0.303914 0.533991 0.304682 0.535088 0.305449 0.535088 0.306216 0.538377 0.306216 0.538377 0.305449 0.539474 0.304682 0.539474 0.303914 0.538377 0.303147 0.538377 0.302379
0 0.365132 0.301612 0.365132 0.302379 0.366228 0.303147 0.367325 0.302379 0.367325 0.301612
0 0.487939 0.300844 0.486842 0.301612 0.486842 0.304682 0.487939 0.305449 0.490132 0.303914 0.490132 0.301612 0.489035 0.300844
0 0.33114 0.297007 0.330044 0.297774 0.333333 0.297774 0.333333 0.297007
0 0.364035 0.290867 0.362939 0.291635 0.364035 0.291635 0.365132 0.292402 0.365132 0.290867
0 0.634868 0.280123 0.633772 0.28089 0.631579 0.28089 0.631579 0.282425 0.635965 0.282425 0.635965 0.28089
0 0.625 0.280123 0.623904 0.28089 0.623904 0.283193 0.625 0.28396 0.626096 0.283193 0.626096 0.28089
0 0.424342 0.27782 0.419956 0.28089 0.419956 0.281658 0.41886 0.282425 0.419956 0.283193 0.419956 0.284728 0.421053 0.285495 0.424342 0.285495 0.425439 0.284728 0.426535 0.284728 0.428728 0.283193 0.428728 0.281658 0.429825 0.28089 0.429825 0.280123 0.428728 0.279355 0.427632 0.279355 0.425439 0.27782
0 0.378289 0.275518 0.378289 0.276285 0.379386 0.277053 0.379386 0.27782 0.380482 0.278588 0.381579 0.278588 0.381579 0.27782
0 0.525219 0.266309 0.524123 0.267076 0.524123 0.267843 0.525219 0.268611 0.526316 0.268611 0.526316 0.266309
0 0.416667 0.265541 0.413377 0.267843 0.413377 0.272448 0.414474 0.273216 0.41557 0.273216 0.416667 0.273983 0.421053 0.273983 0.424342 0.271681 0.424342 0.270913 0.423246 0.270146 0.423246 0.269378 0.422149 0.268611 0.422149 0.266309 0.417763 0.266309
0 0.685307 0.259401 0.685307 0.260169 0.6875 0.260169 0.686404 0.259401
0 0.39364 0.256332 0.392544 0.257099 0.392544 0.258634 0.39364 0.259401 0.394737 0.258634 0.394737 0.257099
0 0.377193 0.251727 0.377193 0.252494 0.378289 0.252494
0 0.422149 0.246355 0.421053 0.247122 0.419956 0.247122 0.422149 0.248657 0.423246 0.248657 0.424342 0.247889 0.427632 0.247889 0.428728 0.247122 0.427632 0.246355
0 0.566886 0.236378 0.565789 0.237145 0.565789 0.23868 0.564693 0.239447 0.564693 0.242517 0.567982 0.24482 0.569079 0.24482 0.570175 0.245587 0.573465 0.245587 0.574561 0.246355 0.575658 0.246355 0.576754 0.245587 0.577851 0.245587 0.578947 0.24482 0.578947 0.242517 0.576754 0.242517 0.575658 0.243285 0.574561 0.243285 0.571272 0.240982 0.571272 0.237913 0.570175 0.237145 0.570175 0.236378
0 0.611842 0.228703 0.610746 0.22947 0.610746 0.231005 0.611842 0.231773 0.614035 0.231773 0.615132 0.231005 0.615132 0.230238 0.614035 0.22947 0.614035 0.228703
0 0.381579 0.227936 0.382675 0.228703 0.382675 0.227936
0 0.416667 0.227168 0.416667 0.227936 0.417763 0.228703 0.417763 0.227168
0 0.651316 0.226401 0.651316 0.227168 0.652412 0.227936 0.653509 0.227168 0.652412 0.226401
0 0.708333 0.220261 0.708333 0.221796 0.70943 0.221796 0.70943 0.220261
0 0.565789 0.206447 0.565789 0.207982 0.566886 0.207982 0.566886 0.207214
0 0.52193 0.194167 0.52193 0.197237 0.523026 0.197237 0.524123 0.198005 0.525219 0.198005 0.526316 0.197237 0.526316 0.194935 0.525219 0.194935 0.524123 0.194167
0 0.442982 0.192632 0.442982 0.1934 0.444079 0.1934 0.444079 0.192632
0 0.718202 0.188028 0.718202 0.188795 0.719298 0.188795 0.720395 0.188028
0 0.519737 0.181888 0.51864 0.182655 0.51864 0.183423 0.520833 0.183423 0.520833 0.181888
0 0.489035 0.181888 0.489035 0.182655 0.490132 0.183423 0.491228 0.182655 0.490132 0.181888
0 0.583333 0.176516 0.582237 0.177283 0.582237 0.178051 0.583333 0.178051
0 0.514254 0.167306 0.514254 0.168074 0.515351 0.168074 0.515351 0.167306
0 0.52193 0.166539 0.52193 0.167306 0.520833 0.168074 0.520833 0.169609 0.519737 0.170376 0.520833 0.171144 0.523026 0.169609 0.523026 0.168841 0.524123 0.168074 0.523026 0.167306 0.523026 0.166539
0 0.525219 0.163469 0.524123 0.164236 0.525219 0.165004 0.526316 0.164236 0.526316 0.163469
0 0.604167 0.160399 0.594298 0.167306 0.592105 0.167306 0.589912 0.168841 0.591009 0.169609 0.592105 0.168841 0.594298 0.168841 0.595395 0.168074 0.598684 0.168074 0.604167 0.164236 0.604167 0.162701 0.605263 0.161934 0.604167 0.161167
0 0.577851 0.156562 0.576754 0.157329 0.576754 0.158097 0.575658 0.158864 0.575658 0.161167 0.577851 0.161167 0.580044 0.159632 0.580044 0.158097 0.578947 0.157329 0.578947 0.156562
0 0.496711 0.156562 0.496711 0.157329 0.497807 0.157329 0.497807 0.156562
0 0.626096 0.143515 0.626096 0.14505 0.627193 0.14505 0.627193 0.143515
0 0.70614 0.142748 0.70614 0.143515 0.707237 0.142748
0 0.661184 0.139678 0.661184 0.140445 0.662281 0.140445 0.662281 0.139678
0 0.686404 0.131236 0.6875 0.132003 0.6875 0.131236
0 0.66886 0.125863 0.666667 0.127398 0.666667 0.128166 0.667763 0.128166 0.66886 0.127398
