0 0.255482 0.717575 0.255482 0.71911 0.256579 0.71911 0.256579 0.717575
0 0.359649 0.70683 0.360746 0.707598 0.360746 0.70683
0 0.226974 0.704528 0.226974 0.706063 0.225877 0.70683 0.226974 0.707598 0.226974 0.713738 0.22807 0.71297 0.22807 0.7099 0.226974 0.709133
0 0.292763 0.702226 0.291667 0.702993 0.291667 0.704528 0.29386 0.704528 0.294956 0.703761 0.294956 0.702993 0.29386 0.702226
0 0.180921 0.693016 0.179825 0.693784 0.179825 0.694551 0.180921 0.694551 0.182018 0.693784
0 0.320175 0.683807 0.320175 0.685342 0.321272 0.686109 0.321272 0.686876 0.322368 0.686876 0.322368 0.685342
0 0.336623 0.680737 0.337719 0.681504 0.337719 0.680737
0 0.213816 0.67076 0.212719 0.671527 0.213816 0.672295 0.214912 0.672295 0.214912 0.671527
0 0.368421 0.663085 0.368421 0.66462 0.369518 0.665388 0.370614 0.665388 0.370614 0.663853 0.369518 0.663085
0 0.426535 0.654643 0.427632 0.655411 0.427632 0.65848 0.428728 0.659248 0.428728 0.656946 0.427632 0.656178 0.427632 0.654643
0 0.205044 0.652341 0.205044 0.653108 0.20614 0.653876 0.205044 0.654643 0.202851 0.654643 0.20614 0.654643 0.20614 0.653876 0.207237 0.653108 0.20614 0.652341
0 0.365132 0.648503 0.365132 0.649271 0.366228 0.650038 0.366228 0.648503
0 0.270833 0.644666 0.269737 0.645434 0.269737 0.646969 0.26864 0.647736 0.26864 0.649271 0.267544 0.650038 0.267544 0.653108 0.266447 0.653876 0.267544 0.654643 0.267544 0.655411 0.26864 0.655411 0.269737 0.654643 0.269737 0.653876 0.270833 0.653108 0.270833 0.652341 0.269737 0.651573 0.269737 0.650806 0.27193 0.649271 0.274123 0.649271 0.274123 0.645434 0.273026 0.644666
0 0.328947 0.641596 0.327851 0.642364 0.325658 0.642364 0.325658 0.643131 0.327851 0.643131 0.328947 0.642364 0.330044 0.642364 0.33114 0.643131 0.33443 0.643131 0.335526 0.643899 0.335526 0.643131 0.33443 0.642364 0.330044 0.642364
0 0.278509 0.640061 0.278509 0.641596 0.279605 0.642364 0.279605 0.643131 0.281798 0.644666 0.281798 0.646201 0.282895 0.646969 0.282895 0.648503 0.283991 0.649271 0.283991 0.650806 0.288377 0.653876 0.289474 0.653876 0.29057 0.654643 0.291667 0.654643 0.292763 0.653876 0.292763 0.651573 0.291667 0.650806 0.291667 0.649271 0.29057 0.649271 0.286184 0.646201 0.285088 0.646201 0.283991 0.645434 0.283991 0.644666 0.282895 0.643899 0.282895 0.643131 0.281798 0.642364 0.281798 0.641596 0.279605 0.640061
0 0.392544 0.626247 0.392544 0.627015 0.39364 0.627782 0.39364 0.626247
0 0.385965 0.61627 0.385965 0.617038 0.388158 0.617038 0.388158 0.61627
0 0.322368 0.615503 0.321272 0.61627 0.321272 0.617038 0.320175 0.617805 0.320175 0.620107 0.322368 0.621642 0.323465 0.621642 0.323465 0.617805 0.322368 0.617038
0 0.39693 0.605526 0.39693 0.606293 0.398026 0.607061 0.398026 0.606293
0 0.304825 0.603223 0.304825 0.603991 0.303728 0.604758 0.303728 0.605526 0.304825 0.605526 0.304825 0.604758 0.305921 0.603991 0.305921 0.603223
0 0.506579 0.599386 0.506579 0.600153 0.507675 0.600921 0.508772 0.600921
0 0.379386 0.590944 0.378289 0.591711 0.378289 0.592479 0.379386 0.592479
0 0.260965 0.590944 0.260965 0.594014 0.262061 0.594781 0.262061 0.595549 0.263158 0.595549 0.263158 0.594014 0.264254 0.593246 0.263158 0.592479 0.263158 0.591711 0.262061 0.590944
0 0.325658 0.588642 0.321272 0.591711 0.321272 0.592479 0.320175 0.593246 0.320175 0.594014 0.322368 0.594014 0.327851 0.590177 0.327851 0.588642
0 0.245614 0.577897 0.245614 0.579432 0.246711 0.579432 0.246711 0.577897
0 0.333333 0.574827 0.332237 0.575595 0.33114 0.575595 0.330044 0.576362 0.330044 0.57713 0.328947 0.577897 0.328947 0.581734 0.330044 0.582502 0.33114 0.582502 0.332237 0.583269 0.333333 0.583269 0.335526 0.581734 0.335526 0.580967 0.337719 0.579432 0.337719 0.578665 0.338816 0.577897 0.338816 0.575595 0.337719 0.574827
0 0.269737 0.574827 0.269737 0.575595 0.270833 0.576362 0.270833 0.574827
0 0.308114 0.571757 0.307018 0.572525 0.307018 0.573292 0.309211 0.573292 0.309211 0.572525
0 0.54057 0.567153 0.541667 0.56792 0.541667 0.568688 0.542763 0.569455 0.54386 0.568688 0.54386 0.56792 0.542763 0.567153
0 0.41886 0.566385 0.41886 0.569455 0.419956 0.569455 0.421053 0.570223 0.422149 0.569455 0.422149 0.568688 0.421053 0.56792 0.421053 0.566385
0 0.230263 0.56485 0.230263 0.565618 0.23136 0.566385 0.232456 0.566385 0.232456 0.565618 0.23136 0.56485
0 0.348684 0.558711 0.347588 0.559478 0.345395 0.559478 0.344298 0.560246 0.344298 0.562548 0.345395 0.563315 0.345395 0.564083 0.348684 0.566385 0.351974 0.566385 0.351974 0.565618 0.35307 0.56485 0.35307 0.561781 0.350877 0.560246 0.350877 0.559478 0.349781 0.558711
0 0.280702 0.554873 0.279605 0.555641 0.279605 0.556408 0.280702 0.556408 0.281798 0.555641 0.281798 0.554873
0 0.307018 0.547199 0.305921 0.547966 0.305921 0.549501 0.307018 0.550269 0.307018 0.551036 0.310307 0.553338 0.311404 0.553338 0.3125 0.552571 0.313596 0.552571 0.313596 0.548734 0.3125 0.547966 0.310307 0.547966 0.309211 0.547199
0 0.498904 0.507291 0.501096 0.508826 0.501096 0.507291
0 0.461623 0.500384 0.461623 0.501151 0.462719 0.501151 0.462719 0.500384
0 0.472588 0.497314 0.471491 0.498081 0.471491 0.499616 0.472588 0.499616 0.473684 0.498849 0.473684 0.498081
0 0.527412 0.485802 0.529605 0.487337 0.530702 0.487337 0.528509 0.485802
0 0.307018 0.481965 0.304825 0.4835 0.304825 0.488104 0.305921 0.488872 0.305921 0.491174 0.307018 0.491942 0.307018 0.493477 0.308114 0.494244 0.308114 0.495779 0.310307 0.497314 0.310307 0.498081 0.311404 0.498081 0.315789 0.495012 0.315789 0.493477 0.316886 0.492709 0.316886 0.487337 0.315789 0.486569 0.315789 0.485035 0.3125 0.482732 0.311404 0.482732 0.310307 0.481965
0 0.490132 0.475058 0.489035 0.475825 0.487939 0.475825 0.487939 0.47736 0.486842 0.478127 0.486842 0.478895 0.487939 0.479662 0.487939 0.48043 0.490132 0.481965 0.493421 0.481965 0.493421 0.481197 0.494518 0.48043 0.494518 0.479662 0.493421 0.478895 0.493421 0.476592 0.491228 0.475058
0 0.520833 0.47429 0.52193 0.475058 0.52193 0.47429
0 0.296053 0.462011 0.294956 0.462778 0.294956 0.464313 0.296053 0.465081 0.296053 0.465848 0.298246 0.467383 0.299342 0.467383 0.300439 0.466616 0.301535 0.466616 0.301535 0.465848 0.302632 0.465081 0.302632 0.464313 0.301535 0.463546 0.301535 0.462778 0.300439 0.462778 0.299342 0.462011
0 0.497807 0.461243 0.495614 0.462778 0.495614 0.463546 0.497807 0.463546
0 0.252193 0.457406 0.252193 0.458173 0.254386 0.458173 0.254386 0.457406
0 0.280702 0.451266 0.280702 0.452801 0.282895 0.454336 0.282895 0.455104 0.283991 0.455104 0.285088 0.455871 0.287281 0.455871 0.288377 0.455104 0.288377 0.453569 0.287281 0.452801 0.286184 0.452801 0.285088 0.452034 0.282895 0.452034 0.281798 0.451266
0 0.618421 0.449731 0.617325 0.450499 0.618421 0.451266
0 0.305921 0.445127 0.303728 0.446662 0.303728 0.447429 0.302632 0.448196 0.302632 0.449731 0.301535 0.450499 0.301535 0.457406 0.302632 0.458173 0.305921 0.458173 0.308114 0.456639 0.309211 0.456639 0.309211 0.455104 0.308114 0.454336 0.308114 0.452034 0.309211 0.451266 0.309211 0.450499 0.310307 0.449731 0.310307 0.448964 0.311404 0.448196 0.311404 0.446662 0.310307 0.445894 0.309211 0.445894 0.308114 0.445127
0 0.265351 0.438219 0.265351 0.438987 0.266447 0.438987 0.266447 0.438219
0 0.302632 0.437452 0.301535 0.438219 0.300439 0.438219 0.300439 0.438987 0.299342 0.439754 0.299342 0.442057 0.301535 0.443592 0.305921 0.443592 0.307018 0.442824 0.308114 0.442824 0.309211 0.442057 0.309211 0.440522 0.304825 0.437452
0 0.226974 0.437452 0.225877 0.438219 0.226974 0.438987 0.22807 0.438219
0 0.275219 0.436685 0.275219 0.438219 0.276316 0.438219 0.276316 0.437452
0 0.309211 0.42287 0.303728 0.426708 0.303728 0.430545 0.304825 0.431312 0.304825 0.43208 0.307018 0.43208 0.307018 0.431312 0.308114 0.430545 0.308114 0.429777 0.309211 0.42901 0.310307 0.42901 0.310307 0.428243 0.311404 0.427475 0.311404 0.426708 0.3125 0.42594 0.3125 0.424405 0.311404 0.423638 0.311404 0.42287
0 0.589912 0.416731 0.588816 0.417498 0.588816 0.4198 0.589912 0.420568 0.591009 0.420568 0.593202 0.419033 0.593202 0.416731
0 0.597588 0.414428 0.597588 0.415196 0.598684 0.415963 0.599781 0.415963 0.598684 0.415196 0.598684 0.414428
0 0.311404 0.414428 0.310307 0.415196 0.310307 0.416731 0.3125 0.416731 0.3125 0.415196
0 0.289474 0.414428 0.288377 0.415196 0.286184 0.415196 0.285088 0.415963 0.288377 0.415963 0.289474 0.415196 0.29057 0.415196
0 0.279605 0.407521 0.279605 0.408289 0.280702 0.407521
0 0.675439 0.38987 0.676535 0.390637 0.677632 0.390637 0.677632 0.38987
0 0.361842 0.388335 0.360746 0.389102 0.360746 0.38987 0.359649 0.390637 0.359649 0.391404 0.360746 0.392172 0.360746 0.392939 0.362939 0.392939 0.364035 0.392172 0.364035 0.391404 0.365132 0.390637 0.365132 0.38987 0.362939 0.388335
0 0.398026 0.378358 0.39693 0.379125 0.39693 0.379893 0.398026 0.38066 0.399123 0.379893 0.399123 0.379125
0 0.462719 0.37145 0.460526 0.372985 0.458333 0.372985 0.45614 0.37452 0.45614 0.375288 0.453947 0.376823 0.453947 0.381427 0.455044 0.382195 0.455044 0.38373 0.45943 0.3868 0.460526 0.3868 0.461623 0.387567 0.462719 0.387567 0.463816 0.3868 0.464912 0.3868 0.464912 0.385265 0.466009 0.384497 0.466009 0.381427 0.467105 0.38066 0.467105 0.37759 0.468202 0.376823 0.468202 0.37452 0.467105 0.373753 0.467105 0.372985 0.464912 0.37145
0 0.39364 0.353031 0.39364 0.356869 0.394737 0.357636 0.395833 0.357636 0.39693 0.356869 0.39693 0.353799 0.395833 0.353031
0 0.686404 0.339985 0.686404 0.340752 0.689693 0.340752 0.688596 0.339985
0 0.434211 0.336147 0.434211 0.337682 0.435307 0.337682 0.435307 0.336147
0 0.326754 0.33538 0.326754 0.336915 0.327851 0.336915 0.328947 0.336147 0.328947 0.33538
0 0.339912 0.320031 0.338816 0.320798 0.338816 0.322333 0.339912 0.323101 0.339912 0.322333 0.341009 0.321566 0.341009 0.320798
0 0.66557 0.314658 0.66557 0.315426 0.666667 0.315426 0.666667 0.314658
0 0.513158 0.311589 0.510965 0.313124 0.510965 0.313891 0.512061 0.314658 0.512061 0.315426 0.514254 0.316961 0.515351 0.316961 0.517544 0.315426 0.517544 0.313891 0.516447 0.313124 0.516447 0.312356 0.515351 0.312356 0.514254 0.311589
0 0.654605 0.309286 0.653509 0.310054 0.653509 0.312356 0.656798 0.312356 0.658991 0.310821 0.658991 0.310054 0.657895 0.309286
0 0.535088 0.306984 0.533991 0.307751 0.532895 0.307751 0.532895 0.308519 0.531798 0.309286 0.531798 0.310054 0.532895 0.310054 0.533991 0.310821 0.535088 0.310821 0.536184 0.310054 0.536184 0.309286 0.537281 0.308519 0.537281 0.307751 0.536184 0.307751
0 0.357456 0.303914 0.35636 0.304682 0.355263 0.304682 0.357456 0.304682 0.358553 0.303914
0 0.489035 0.302379 0.486842 0.303914 0.486842 0.305449 0.487939 0.306216 0.487939 0.306984 0.490132 0.306984 0.491228 0.306216 0.491228 0.303147 0.490132 0.302379
0 0.345395 0.300844 0.345395 0.302379 0.346491 0.301612 0.346491 0.300844
0 0.339912 0.297774 0.339912 0.298542 0.342105 0.298542 0.342105 0.297774
0 0.385965 0.294705 0.383772 0.296239 0.383772 0.301612 0.382675 0.302379 0.382675 0.303147 0.381579 0.303914 0.381579 0.304682 0.380482 0.305449 0.380482 0.306984 0.381579 0.307751 0.382675 0.307751 0.383772 0.306984 0.384868 0.306984 0.387061 0.305449 0.387061 0.304682 0.388158 0.303914 0.388158 0.302379 0.389254 0.301612 0.389254 0.298542 0.388158 0.297774 0.388158 0.296239
0 0.369518 0.293937 0.369518 0.294705 0.368421 0.295472 0.368421 0.297007 0.367325 0.297774 0.367325 0.303147 0.366228 0.303914 0.365132 0.303914 0.368421 0.306216 0.369518 0.306216 0.371711 0.307751 0.373904 0.307751 0.372807 0.306984 0.371711 0.306984 0.368421 0.304682 0.368421 0.300844 0.369518 0.300077
0 0.619518 0.281658 0.618421 0.282425 0.618421 0.285495 0.619518 0.286262 0.621711 0.286262 0.623904 0.284728 0.623904 0.283193 0.621711 0.281658
0 0.41886 0.279355 0.417763 0.280123 0.416667 0.280123 0.416667 0.28089 0.41557 0.281658 0.41557 0.284728 0.416667 0.285495 0.416667 0.286262 0.417763 0.286262 0.41886 0.28703 0.422149 0.28703 0.424342 0.285495 0.424342 0.28089 0.423246 0.28089 0.422149 0.280123 0.421053 0.280123 0.419956 0.279355
0 0.380482 0.279355 0.380482 0.28089 0.381579 0.28089 0.381579 0.279355
0 0.525219 0.270146 0.524123 0.270913 0.524123 0.271681 0.525219 0.271681 0.526316 0.272448 0.526316 0.270146
0 0.412281 0.270146 0.411184 0.270913 0.406798 0.270913 0.405702 0.271681 0.404605 0.271681 0.403509 0.272448 0.402412 0.272448 0.401316 0.273216 0.400219 0.273216 0.395833 0.276285 0.395833 0.277053 0.394737 0.27782 0.394737 0.280123 0.395833 0.28089 0.398026 0.28089 0.401316 0.278588 0.402412 0.278588 0.404605 0.277053 0.407895 0.277053 0.408991 0.276285 0.410088 0.277053 0.413377 0.277053 0.414474 0.27782 0.41557 0.27782 0.417763 0.276285 0.417763 0.275518 0.419956 0.273983 0.419956 0.270913 0.41886 0.270146
0 0.674342 0.259401 0.673246 0.260169 0.672149 0.260169 0.671053 0.260936 0.676535 0.260936 0.676535 0.260169 0.675439 0.259401
0 0.391447 0.259401 0.390351 0.260169 0.390351 0.262471 0.392544 0.262471 0.392544 0.261704 0.39364 0.260936 0.39364 0.260169 0.392544 0.259401
0 0.705044 0.252494 0.703947 0.253262 0.707237 0.253262 0.707237 0.252494
0 0.564693 0.244052 0.563596 0.24482 0.5625 0.24482 0.561404 0.245587 0.561404 0.246355 0.560307 0.247122 0.560307 0.247889 0.559211 0.248657 0.559211 0.250959 0.560307 0.251727 0.561404 0.251727 0.5625 0.250959 0.563596 0.250959 0.566886 0.248657 0.567982 0.248657 0.569079 0.247889 0.569079 0.24482 0.567982 0.244052
0 0.412281 0.242517 0.412281 0.244052 0.414474 0.245587 0.41557 0.245587 0.416667 0.24482 0.414474 0.243285 0.413377 0.243285
0 0.412281 0.237145 0.412281 0.239447 0.413377 0.23868 0.413377 0.237145
0 0.684211 0.236378 0.684211 0.237145 0.685307 0.237145 0.685307 0.236378
0 0.656798 0.234843 0.657895 0.23561 0.657895 0.234843
0 0.387061 0.234075 0.387061 0.234843 0.388158 0.234843 0.388158 0.234075
0 0.605263 0.225633 0.60307 0.227168 0.601974 0.227168 0.600877 0.227936 0.600877 0.228703 0.599781 0.22947 0.599781 0.231773 0.600877 0.23254 0.600877 0.233308 0.605263 0.233308 0.60636 0.234075 0.608553 0.234075 0.612939 0.231005 0.611842 0.230238 0.607456 0.230238 0.60636 0.231005 0.604167 0.231005 0.60307 0.231773 0.600877 0.231773 0.599781 0.231005 0.599781 0.230238 0.600877 0.22947 0.600877 0.228703
0 0.705044 0.223331 0.70614 0.224098 0.707237 0.224098 0.707237 0.223331
0 0.655702 0.219493 0.654605 0.220261 0.652412 0.220261 0.651316 0.221028 0.650219 0.221028 0.648026 0.222563 0.64693 0.222563 0.644737 0.224098 0.644737 0.224866 0.64364 0.225633 0.642544 0.225633 0.641447 0.226401 0.640351 0.226401 0.639254 0.227168 0.638158 0.227168 0.638158 0.227936 0.639254 0.228703 0.640351 0.228703 0.641447 0.227936 0.64364 0.227936 0.64364 0.227168 0.64693 0.224866 0.648026 0.224866 0.649123 0.224098 0.650219 0.224098 0.652412 0.222563 0.652412 0.221028 0.653509 0.220261 0.654605 0.221028 0.656798 0.221028 0.660088 0.223331 0.655702 0.226401 0.655702 0.227168 0.654605 0.227936 0.655702 0.228703 0.661184 0.224866 0.661184 0.222563 0.660088 0.221796 0.660088 0.221028 0.658991 0.220261 0.657895 0.220261 0.656798 0.219493
0 0.557018 0.204144 0.557018 0.206447 0.558114 0.206447 0.559211 0.205679 0.559211 0.204912 0.558114 0.204144
0 0.446272 0.1934 0.446272 0.194167 0.447368 0.194167 0.447368 0.1934
0 0.52193 0.191865 0.520833 0.192632 0.520833 0.195702 0.523026 0.195702 0.525219 0.194167 0.525219 0.192632 0.524123 0.191865
0 0.712719 0.188795 0.711623 0.189563 0.710526 0.189563 0.711623 0.19033 0.712719 0.19033
0 0.496711 0.175748 0.496711 0.177283 0.498904 0.175748
0 0.527412 0.173446 0.526316 0.174213 0.526316 0.175748 0.528509 0.175748 0.529605 0.174981 0.529605 0.174213 0.528509 0.173446
0 0.58443 0.171911 0.583333 0.172678 0.583333 0.174981 0.58443 0.175748 0.585526 0.175748 0.587719 0.174213 0.587719 0.173446 0.586623 0.172678 0.586623 0.171911
0 0.66557 0.170376 0.664474 0.171144 0.66557 0.171144
0 0.505482 0.169609 0.505482 0.170376 0.506579 0.170376 0.506579 0.169609
0 0.497807 0.163469 0.497807 0.165004 0.498904 0.164236 0.498904 0.163469
0 0.576754 0.161167 0.576754 0.161934 0.575658 0.162701 0.576754 0.163469 0.576754 0.164236 0.577851 0.165004 0.578947 0.165004 0.578947 0.164236 0.580044 0.163469 0.580044 0.162701 0.577851 0.161167
0 0.524123 0.160399 0.524123 0.161167 0.525219 0.161167 0.525219 0.160399
0 0.563596 0.153492 0.563596 0.155027 0.564693 0.154259 0.564693 0.153492
0 0.696272 0.15119 0.695175 0.151957 0.696272 0.151957
0 0.572368 0.148887 0.573465 0.149655 0.574561 0.148887
0 0.570175 0.145817 0.570175 0.147352 0.571272 0.146585 0.571272 0.145817
0 0.630482 0.143515 0.629386 0.144282 0.629386 0.14505 0.630482 0.14505 0.631579 0.145817 0.632675 0.14505 0.632675 0.144282 0.631579 0.143515
0 0.657895 0.137375 0.657895 0.13891 0.658991 0.13891 0.658991 0.137375
0 0.64364 0.112049 0.648026 0.115119 0.649123 0.115119 0.651316 0.116654 0.651316 0.117421 0.652412 0.118189 0.652412 0.118956 0.653509 0.118189 0.653509 0.117421 0.652412 0.117421 0.644737 0.112049
0 0.641447 0.108212 0.640351 0.108979 0.641447 0.109747 0.641447 0.110514
