0 0.333333 0.739831 0.33114 0.741366 0.332237 0.742134 0.332237 0.741366 0.333333 0.740599
0 0.263158 0.715272 0.263158 0.716807 0.264254 0.717575 0.265351 0.717575 0.265351 0.716807
0 0.287281 0.707598 0.286184 0.708365 0.286184 0.709133 0.285088 0.7099 0.285088 0.710668 0.283991 0.711435 0.283991 0.712203 0.286184 0.712203 0.287281 0.711435 0.287281 0.710668 0.288377 0.7099 0.288377 0.707598
0 0.360746 0.701458 0.360746 0.702226 0.361842 0.702226
0 0.23136 0.694551 0.23136 0.696086 0.232456 0.696086 0.232456 0.695318
0 0.189693 0.688411 0.189693 0.689179 0.191886 0.689179 0.191886 0.688411
0 0.218202 0.666922 0.218202 0.669225 0.219298 0.669225 0.219298 0.668457 0.220395 0.66769 0.219298 0.666922
0 0.370614 0.660015 0.370614 0.660783 0.369518 0.66155 0.370614 0.662318 0.372807 0.662318 0.372807 0.660783 0.371711 0.660015
0 0.391447 0.656178 0.390351 0.656946 0.389254 0.656946 0.388158 0.657713 0.387061 0.657713 0.385965 0.65848 0.384868 0.65848 0.384868 0.659248 0.387061 0.659248 0.387061 0.65848 0.388158 0.657713 0.389254 0.657713 0.390351 0.656946 0.391447 0.656946 0.392544 0.656178
0 0.222588 0.652341 0.221491 0.653108 0.222588 0.653876 0.224781 0.653876 0.223684 0.653108 0.223684 0.652341
0 0.41886 0.649271 0.41886 0.650038 0.419956 0.650806 0.419956 0.651573 0.421053 0.651573 0.421053 0.650806 0.419956 0.650038 0.419956 0.649271
0 0.365132 0.644666 0.365132 0.645434 0.366228 0.645434 0.366228 0.644666
0 0.273026 0.636224 0.27193 0.636992 0.270833 0.636992 0.270833 0.640829 0.269737 0.641596 0.269737 0.644666 0.270833 0.645434 0.270833 0.646201 0.27193 0.646969 0.27193 0.647736 0.274123 0.649271 0.276316 0.649271 0.278509 0.647736 0.278509 0.641596 0.277412 0.640829 0.277412 0.640061 0.276316 0.639294 0.277412 0.638526 0.274123 0.636224
0 0.383772 0.61627 0.382675 0.617038 0.382675 0.617805 0.385965 0.617805 0.390351 0.620875 0.390351 0.620107 0.385965 0.617038 0.384868 0.617038
0 0.324561 0.607828 0.323465 0.608596 0.323465 0.613968 0.324561 0.614735 0.325658 0.614735 0.325658 0.613968 0.326754 0.6132 0.326754 0.609363
0 0.307018 0.597084 0.307018 0.600153 0.308114 0.600153 0.308114 0.597084
0 0.495614 0.589409 0.496711 0.590177 0.496711 0.591711 0.495614 0.592479 0.496711 0.593246 0.497807 0.593246 0.497807 0.592479 0.496711 0.591711 0.496711 0.589409
0 0.259868 0.588642 0.258772 0.589409 0.258772 0.590944 0.259868 0.591711 0.259868 0.592479 0.260965 0.593246 0.262061 0.593246 0.263158 0.592479 0.263158 0.590177 0.260965 0.588642
0 0.376096 0.587874 0.376096 0.589409 0.377193 0.590177 0.378289 0.590177 0.378289 0.589409 0.377193 0.588642 0.377193 0.587874
0 0.325658 0.578665 0.325658 0.579432 0.324561 0.5802 0.324561 0.582502 0.325658 0.583269 0.325658 0.584037 0.327851 0.585572 0.33114 0.585572 0.33114 0.584804 0.332237 0.584037 0.332237 0.5802 0.330044 0.578665
0 0.248904 0.574827 0.248904 0.575595 0.247807 0.576362 0.248904 0.57713 0.25 0.57713 0.251096 0.576362 0.251096 0.574827
0 0.277412 0.57406 0.275219 0.575595 0.277412 0.575595
0 0.310307 0.570223 0.310307 0.571757 0.311404 0.57099 0.311404 0.570223
0 0.240132 0.565618 0.239035 0.566385 0.240132 0.567153 0.241228 0.567153 0.241228 0.565618
0 0.345395 0.559478 0.345395 0.56485 0.347588 0.566385 0.350877 0.566385 0.351974 0.565618 0.35307 0.565618 0.35307 0.56485 0.354167 0.564083 0.354167 0.563315 0.355263 0.562548 0.35307 0.561013 0.350877 0.561013 0.349781 0.560246 0.348684 0.560246 0.347588 0.559478
0 0.414474 0.558711 0.414474 0.561781 0.416667 0.563315 0.41886 0.563315 0.41886 0.560246 0.416667 0.558711
0 0.289474 0.554873 0.288377 0.555641 0.288377 0.556408 0.289474 0.557176 0.29057 0.557176 0.29057 0.554873
0 0.506579 0.548734 0.505482 0.549501 0.507675 0.551036 0.508772 0.551036 0.508772 0.549501 0.507675 0.549501
0 0.300439 0.543361 0.298246 0.544896 0.298246 0.547199 0.299342 0.547966 0.304825 0.547966 0.304825 0.547199 0.305921 0.546431 0.301535 0.543361
0 0.464912 0.529547 0.464912 0.530315 0.466009 0.530315 0.466009 0.529547
0 0.495614 0.505756 0.495614 0.506523 0.496711 0.507291 0.497807 0.507291 0.497807 0.505756
0 0.479167 0.493477 0.47807 0.494244 0.476974 0.494244 0.476974 0.496546 0.47807 0.496546 0.47807 0.495779 0.479167 0.495012
0 0.592105 0.484267 0.593202 0.485035 0.594298 0.485035 0.593202 0.484267
0 0.525219 0.478895 0.525219 0.481197 0.526316 0.481197 0.526316 0.479662
0 0.523026 0.475825 0.523026 0.476592 0.524123 0.47736 0.525219 0.47736 0.525219 0.476592 0.524123 0.475825
0 0.487939 0.473523 0.486842 0.47429 0.486842 0.475058 0.485746 0.475825 0.485746 0.478127 0.486842 0.478895 0.486842 0.479662 0.490132 0.481965 0.492325 0.481965 0.494518 0.48043 0.494518 0.478127 0.493421 0.47736 0.493421 0.475058 0.492325 0.47429 0.491228 0.47429 0.490132 0.473523
0 0.302632 0.466616 0.299342 0.468918 0.299342 0.472755 0.300439 0.473523 0.300439 0.475058 0.302632 0.476592 0.302632 0.47736 0.303728 0.478127 0.303728 0.478895 0.305921 0.48043 0.305921 0.481197 0.307018 0.481965 0.307018 0.485802 0.305921 0.486569 0.305921 0.488104 0.304825 0.488872 0.304825 0.494244 0.305921 0.495012 0.305921 0.495779 0.307018 0.496546 0.307018 0.497314 0.308114 0.498081 0.308114 0.499616 0.309211 0.500384 0.309211 0.501151 0.310307 0.501919 0.310307 0.502686 0.311404 0.503454 0.311404 0.504988 0.3125 0.504221 0.313596 0.504221 0.315789 0.502686 0.316886 0.502686 0.317982 0.501919 0.319079 0.501919 0.320175 0.501151 0.320175 0.498849 0.319079 0.498081 0.319079 0.491942 0.317982 0.491174 0.317982 0.490407 0.316886 0.489639 0.316886 0.488872 0.311404 0.485035 0.311404 0.484267 0.310307 0.4835 0.310307 0.481197 0.309211 0.48043 0.309211 0.479662 0.310307 0.478895 0.310307 0.478127 0.309211 0.47736 0.309211 0.476592 0.310307 0.475825 0.310307 0.47429 0.309211 0.473523 0.309211 0.472755 0.308114 0.471988 0.308114 0.469685 0.305921 0.46815 0.305921 0.467383 0.303728 0.467383
0 0.497807 0.465081 0.496711 0.465848 0.496711 0.466616 0.497807 0.467383 0.498904 0.467383 0.498904 0.465848
0 0.26864 0.458941 0.26864 0.460476 0.269737 0.459708
0 0.283991 0.456639 0.282895 0.457406 0.281798 0.457406 0.280702 0.458173 0.280702 0.459708 0.282895 0.459708 0.283991 0.458941 0.285088 0.458941 0.285088 0.457406
0 0.621711 0.453569 0.621711 0.455104 0.622807 0.455871 0.622807 0.456639 0.623904 0.457406 0.623904 0.458173 0.625 0.458941 0.626096 0.458941 0.625 0.458173 0.625 0.457406 0.622807 0.455871 0.622807 0.455104 0.621711 0.454336
0 0.616228 0.440522 0.616228 0.441289 0.617325 0.442057 0.618421 0.442057 0.618421 0.440522
0 0.254386 0.439754 0.253289 0.440522 0.25 0.440522 0.259868 0.440522 0.257675 0.440522 0.256579 0.439754
0 0.274123 0.435917 0.274123 0.437452 0.275219 0.436685 0.276316 0.436685 0.276316 0.435917
0 0.311404 0.42287 0.310307 0.423638 0.310307 0.425173 0.311404 0.42594 0.313596 0.42594 0.314693 0.425173 0.314693 0.423638 0.313596 0.42287
0 0.594298 0.420568 0.593202 0.421335 0.592105 0.421335 0.592105 0.424405 0.595395 0.424405 0.597588 0.42287 0.596491 0.422103 0.596491 0.421335 0.595395 0.420568
0 0.26864 0.419033 0.269737 0.4198 0.269737 0.420568 0.270833 0.420568 0.270833 0.4198 0.269737 0.419033
0 0.598684 0.418266 0.597588 0.419033 0.598684 0.4198 0.599781 0.4198 0.600877 0.419033 0.599781 0.418266
0 0.315789 0.414428 0.314693 0.415196 0.3125 0.415196 0.3125 0.415963 0.313596 0.416731 0.315789 0.416731 0.316886 0.415963 0.316886 0.415196
0 0.254386 0.413661 0.254386 0.414428 0.255482 0.415196 0.256579 0.415196 0.257675 0.415963 0.259868 0.415963 0.258772 0.415963 0.257675 0.415196 0.257675 0.414428 0.255482 0.414428
0 0.679825 0.409056 0.679825 0.409823 0.680921 0.410591 0.682018 0.410591 0.680921 0.409823 0.680921 0.409056
0 0.677632 0.395242 0.677632 0.396009 0.676535 0.396777 0.678728 0.396777 0.678728 0.396009
0 0.369518 0.388335 0.368421 0.389102 0.367325 0.389102 0.367325 0.391404 0.368421 0.392172 0.371711 0.392172 0.373904 0.390637 0.373904 0.38987 0.372807 0.389102 0.372807 0.388335
0 0.332237 0.3868 0.332237 0.388335 0.33443 0.388335
0 0.400219 0.382195 0.400219 0.382962 0.401316 0.382962 0.401316 0.382195
0 0.333333 0.382195 0.33114 0.38373 0.332237 0.38373 0.333333 0.382962 0.33443 0.382962 0.33443 0.382195
0 0.461623 0.370683 0.460526 0.37145 0.45943 0.37145 0.455044 0.37452 0.455044 0.375288 0.452851 0.376823 0.452851 0.378358 0.451754 0.379125 0.451754 0.381427 0.452851 0.382195 0.452851 0.38373 0.453947 0.384497 0.453947 0.385265 0.458333 0.388335 0.461623 0.388335 0.463816 0.3868 0.463816 0.386032 0.464912 0.385265 0.464912 0.381427 0.463816 0.38066 0.463816 0.379125 0.462719 0.378358 0.462719 0.37759 0.463816 0.376823 0.463816 0.37452 0.464912 0.373753 0.464912 0.372985 0.463816 0.372218 0.463816 0.37145 0.462719 0.370683
0 0.417763 0.367613 0.417763 0.369148 0.41886 0.369916 0.41886 0.367613
0 0.39693 0.361474 0.39693 0.363776 0.399123 0.365311 0.400219 0.365311 0.401316 0.364543 0.401316 0.363008 0.400219 0.362241 0.400219 0.361474
0 0.433114 0.339217 0.433114 0.340752 0.434211 0.340752 0.434211 0.339217
0 0.286184 0.330775 0.286184 0.331543 0.287281 0.331543 0.288377 0.330775
0 0.335526 0.328473 0.33443 0.32924 0.33443 0.330008 0.332237 0.331543 0.332237 0.334612 0.333333 0.33538 0.33443 0.334612 0.33443 0.33231 0.335526 0.331543 0.335526 0.330775 0.336623 0.330008 0.336623 0.32924 0.337719 0.328473
0 0.510965 0.310821 0.509868 0.311589 0.509868 0.313891 0.512061 0.315426 0.514254 0.315426 0.515351 0.314658 0.515351 0.311589 0.514254 0.310821
0 0.529605 0.306984 0.528509 0.307751 0.527412 0.307751 0.526316 0.308519 0.526316 0.310821 0.528509 0.310821 0.529605 0.311589 0.531798 0.311589 0.531798 0.309286 0.530702 0.308519 0.530702 0.306984
0 0.489035 0.306984 0.487939 0.307751 0.487939 0.311589 0.489035 0.312356 0.491228 0.312356 0.491228 0.311589 0.492325 0.310821 0.492325 0.307751 0.491228 0.306984
0 0.662281 0.306216 0.658991 0.308519 0.658991 0.309286 0.660088 0.310054 0.663377 0.310054 0.664474 0.309286 0.664474 0.308519 0.66557 0.307751 0.66557 0.306984 0.664474 0.306216
0 0.615132 0.281658 0.614035 0.282425 0.612939 0.282425 0.612939 0.283193 0.611842 0.28396 0.612939 0.284728 0.612939 0.285495 0.614035 0.286262 0.614035 0.28703 0.616228 0.28703 0.616228 0.286262 0.617325 0.285495 0.617325 0.283193
0 0.399123 0.280123 0.398026 0.28089 0.394737 0.28089 0.392544 0.282425 0.392544 0.283193 0.391447 0.28396 0.391447 0.284728 0.390351 0.285495 0.389254 0.285495 0.387061 0.28703 0.385965 0.28703 0.384868 0.287797 0.383772 0.287797 0.382675 0.288565 0.378289 0.288565 0.377193 0.289332 0.377193 0.2901 0.380482 0.292402 0.380482 0.29317 0.381579 0.293937 0.381579 0.294705 0.383772 0.294705 0.384868 0.293937 0.385965 0.293937 0.388158 0.292402 0.389254 0.292402 0.390351 0.291635 0.391447 0.291635 0.39364 0.2901 0.39693 0.2901 0.398026 0.289332 0.401316 0.289332 0.402412 0.288565 0.402412 0.287797 0.403509 0.28703 0.403509 0.283193 0.402412 0.282425 0.402412 0.281658 0.401316 0.28089 0.400219 0.28089
0 0.377193 0.280123 0.376096 0.28089 0.376096 0.281658 0.375 0.282425 0.375 0.285495 0.376096 0.286262 0.377193 0.286262 0.378289 0.285495 0.378289 0.284728 0.380482 0.283193 0.380482 0.282425 0.381579 0.281658 0.381579 0.28089 0.380482 0.280123
0 0.416667 0.279355 0.41557 0.280123 0.414474 0.280123 0.413377 0.28089 0.413377 0.284728 0.414474 0.285495 0.416667 0.285495 0.41886 0.28396 0.41886 0.28089
0 0.383772 0.275518 0.382675 0.276285 0.383772 0.277053 0.384868 0.277053 0.385965 0.276285 0.384868 0.275518
0 0.524123 0.270913 0.523026 0.271681 0.523026 0.272448 0.52193 0.273216 0.523026 0.273983 0.524123 0.273983 0.525219 0.273216 0.525219 0.271681
0 0.390351 0.265541 0.389254 0.266309 0.389254 0.267076 0.388158 0.267843 0.388158 0.269378 0.389254 0.270146 0.390351 0.269378 0.391447 0.269378 0.391447 0.268611 0.392544 0.267843 0.391447 0.267076 0.391447 0.266309
0 0.658991 0.264774 0.657895 0.265541 0.656798 0.265541 0.656798 0.266309 0.660088 0.266309 0.661184 0.265541 0.662281 0.265541 0.662281 0.264774
0 0.558114 0.250959 0.554825 0.253262 0.554825 0.254029 0.553728 0.254797 0.553728 0.262471 0.554825 0.263239 0.557018 0.263239 0.557018 0.260936 0.558114 0.260169 0.558114 0.258634 0.559211 0.257866 0.559211 0.257099 0.560307 0.256332 0.560307 0.251727 0.559211 0.250959
0 0.404605 0.245587 0.404605 0.246355 0.406798 0.246355 0.406798 0.245587
0 0.672149 0.23868 0.671053 0.239447 0.672149 0.239447
0 0.389254 0.23868 0.389254 0.239447 0.390351 0.239447 0.390351 0.23868
0 0.599781 0.231773 0.598684 0.23254 0.597588 0.23254 0.596491 0.233308 0.595395 0.233308 0.593202 0.234843 0.593202 0.23868 0.597588 0.23868 0.598684 0.237913 0.599781 0.237913 0.599781 0.237145 0.600877 0.236378 0.600877 0.23561 0.601974 0.234843 0.601974 0.234075 0.60307 0.233308 0.600877 0.231773
0 0.700658 0.227168 0.700658 0.227936 0.701754 0.228703 0.702851 0.228703 0.702851 0.227936 0.701754 0.227168
0 0.45943 0.211051 0.45943 0.211819 0.461623 0.211819 0.461623 0.211051
0 0.552632 0.201842 0.552632 0.203377 0.554825 0.203377 0.554825 0.201842
0 0.703947 0.1934 0.703947 0.194167 0.705044 0.194167 0.705044 0.1934
0 0.528509 0.189563 0.526316 0.191097 0.526316 0.191865 0.525219 0.192632 0.525219 0.1934 0.528509 0.1934 0.530702 0.191865 0.530702 0.189563
0 0.450658 0.189563 0.450658 0.192632 0.451754 0.1934 0.451754 0.194167 0.452851 0.194935 0.452851 0.195702 0.453947 0.19647 0.455044 0.19647 0.457237 0.194935 0.455044 0.194935 0.453947 0.194167 0.453947 0.192632 0.451754 0.191097 0.451754 0.189563
0 0.514254 0.179586 0.513158 0.180353 0.512061 0.180353 0.510965 0.18112 0.509868 0.18112 0.509868 0.182655 0.513158 0.182655 0.517544 0.179586
0 0.502193 0.174981 0.502193 0.175748 0.503289 0.175748 0.503289 0.174981
0 0.526316 0.174213 0.525219 0.174981 0.524123 0.174981 0.520833 0.177283 0.520833 0.178051 0.52193 0.178051 0.523026 0.177283 0.530702 0.177283 0.531798 0.176516 0.531798 0.174981 0.530702 0.174213
0 0.580044 0.172678 0.578947 0.173446 0.578947 0.175748 0.580044 0.176516 0.582237 0.176516 0.582237 0.175748 0.583333 0.174981 0.583333 0.173446 0.582237 0.172678
0 0.664474 0.169609 0.66557 0.170376 0.66557 0.169609
0 0.631579 0.162701 0.631579 0.163469 0.632675 0.163469 0.632675 0.162701
0 0.578947 0.158864 0.578947 0.161934 0.58114 0.163469 0.583333 0.161934 0.583333 0.160399 0.58114 0.158864
0 0.635965 0.153492 0.634868 0.154259 0.634868 0.155027 0.637061 0.155027 0.637061 0.154259
0 0.566886 0.152724 0.566886 0.155027 0.569079 0.153492 0.569079 0.152724
0 0.688596 0.151957 0.688596 0.153492 0.689693 0.153492 0.689693 0.152724
0 0.680921 0.13584 0.678728 0.137375 0.678728 0.13891 0.679825 0.13891 0.680921 0.138143
0 0.657895 0.13584 0.657895 0.137375 0.658991 0.137375 0.658991 0.13584
0 0.648026 0.126631 0.64693 0.127398 0.648026 0.127398
