0 0.333333 0.768995 0.332237 0.769762 0.333333 0.769762
0 0.330044 0.741366 0.33114 0.742134 0.33114 0.741366
0 0.321272 0.71911 0.321272 0.719877 0.322368 0.719877 0.322368 0.71911
0 0.366228 0.701458 0.367325 0.702226 0.367325 0.701458
0 0.275219 0.701458 0.275219 0.703761 0.276316 0.703761 0.277412 0.704528 0.276316 0.705295 0.275219 0.705295 0.275219 0.706063 0.276316 0.70683 0.276316 0.707598 0.279605 0.707598 0.279605 0.70683 0.280702 0.706063 0.280702 0.705295 0.279605 0.704528 0.279605 0.703761 0.278509 0.702993 0.278509 0.702226 0.277412 0.702226 0.276316 0.701458
0 0.235746 0.694551 0.235746 0.695318 0.236842 0.695318 0.236842 0.694551
0 0.200658 0.684574 0.199561 0.685342 0.199561 0.686109 0.200658 0.686109 0.202851 0.684574
0 0.221491 0.66155 0.221491 0.662318 0.222588 0.663085 0.223684 0.663085 0.223684 0.66155
0 0.379386 0.652341 0.379386 0.655411 0.378289 0.656178 0.379386 0.656946 0.381579 0.656946 0.381579 0.654643 0.380482 0.653876 0.380482 0.652341
0 0.224781 0.650038 0.224781 0.651573 0.225877 0.652341 0.226974 0.651573 0.226974 0.650806 0.225877 0.650038
0 0.411184 0.645434 0.411184 0.646201 0.412281 0.646969 0.412281 0.645434
0 0.461623 0.636992 0.460526 0.637759 0.460526 0.639294 0.45943 0.640061 0.460526 0.640829 0.460526 0.642364 0.462719 0.643899 0.461623 0.643131 0.461623 0.640061 0.462719 0.639294 0.461623 0.638526 0.462719 0.637759
0 0.367325 0.636992 0.366228 0.637759 0.366228 0.638526 0.367325 0.639294
0 0.270833 0.627782 0.269737 0.62855 0.269737 0.633154 0.270833 0.633922 0.270833 0.636224 0.27193 0.636992 0.27193 0.637759 0.273026 0.638526 0.273026 0.639294 0.275219 0.640829 0.277412 0.639294 0.277412 0.634689 0.278509 0.633922 0.277412 0.633154 0.277412 0.631619 0.276316 0.630852 0.276316 0.630084 0.275219 0.629317 0.275219 0.62855 0.274123 0.627782
0 0.266447 0.618573 0.266447 0.61934 0.267544 0.61934
0 0.493421 0.617038 0.494518 0.617805 0.494518 0.618573 0.495614 0.617805 0.495614 0.617038
0 0.435307 0.612433 0.435307 0.6132 0.433114 0.614735 0.434211 0.614735 0.435307 0.613968
0 0.376096 0.609363 0.376096 0.6132 0.377193 0.613968 0.377193 0.614735 0.379386 0.614735 0.379386 0.6132 0.378289 0.612433 0.378289 0.610898
0 0.438596 0.608596 0.438596 0.609363 0.439693 0.61013 0.439693 0.609363
0 0.390351 0.608596 0.389254 0.609363 0.389254 0.610898 0.390351 0.611665 0.391447 0.611665 0.391447 0.609363
0 0.325658 0.603223 0.324561 0.603991 0.324561 0.607828 0.325658 0.608596 0.326754 0.608596 0.327851 0.607828 0.327851 0.607061 0.328947 0.606293 0.327851 0.605526 0.327851 0.603991 0.326754 0.603223
0 0.199561 0.602456 0.199561 0.604758 0.200658 0.603991 0.200658 0.602456
0 0.305921 0.591711 0.305921 0.593246 0.307018 0.594014 0.308114 0.594014 0.308114 0.591711
0 0.496711 0.585572 0.496711 0.587107 0.497807 0.587107 0.497807 0.585572
0 0.455044 0.584804 0.455044 0.585572 0.45614 0.585572 0.45614 0.584804
0 0.262061 0.584804 0.260965 0.585572 0.260965 0.586339 0.259868 0.587107 0.259868 0.588642 0.260965 0.589409 0.260965 0.590177 0.263158 0.590177 0.264254 0.589409 0.264254 0.585572 0.263158 0.584804
0 0.376096 0.584037 0.375 0.584804 0.375 0.586339 0.377193 0.586339 0.377193 0.584804
0 0.195175 0.577897 0.194079 0.578665 0.195175 0.579432
0 0.288377 0.571757 0.287281 0.572525 0.287281 0.57406 0.288377 0.574827 0.289474 0.57406 0.289474 0.572525
0 0.4375 0.569455 0.436404 0.570223 0.436404 0.572525 0.4375 0.571757
0 0.258772 0.569455 0.257675 0.570223 0.257675 0.571757 0.258772 0.572525 0.259868 0.572525 0.262061 0.57099 0.262061 0.569455
0 0.315789 0.568688 0.315789 0.570223 0.316886 0.570223 0.316886 0.568688
0 0.473684 0.567153 0.474781 0.56792 0.474781 0.567153
0 0.504386 0.565618 0.506579 0.567153 0.506579 0.566385 0.505482 0.565618
0 0.245614 0.565618 0.245614 0.566385 0.246711 0.567153 0.247807 0.566385 0.246711 0.565618
0 0.347588 0.559478 0.347588 0.560246 0.346491 0.561013 0.346491 0.561781 0.343202 0.564083 0.342105 0.564083 0.341009 0.56485 0.339912 0.56485 0.338816 0.565618 0.338816 0.566385 0.337719 0.567153 0.337719 0.56792 0.336623 0.568688 0.336623 0.570223 0.33443 0.571757 0.33443 0.572525 0.333333 0.573292 0.333333 0.57406 0.33114 0.575595 0.33114 0.576362 0.330044 0.57713 0.330044 0.579432 0.328947 0.5802 0.328947 0.582502 0.33114 0.582502 0.333333 0.580967 0.33443 0.580967 0.335526 0.5802 0.336623 0.5802 0.337719 0.579432 0.338816 0.579432 0.341009 0.577897 0.342105 0.577897 0.345395 0.575595 0.345395 0.574827 0.346491 0.57406 0.346491 0.573292 0.347588 0.572525 0.347588 0.57099 0.348684 0.570223 0.348684 0.569455 0.351974 0.567153 0.35307 0.567153 0.35307 0.563315 0.351974 0.562548 0.351974 0.561781 0.350877 0.561013 0.349781 0.561013
0 0.292763 0.556408 0.291667 0.557176 0.291667 0.557943 0.292763 0.558711 0.29386 0.558711 0.29386 0.556408
0 0.412281 0.551804 0.411184 0.552571 0.411184 0.554106 0.412281 0.554873 0.412281 0.555641 0.414474 0.555641 0.41557 0.554873 0.41557 0.553338 0.414474 0.552571 0.414474 0.551804
0 0.307018 0.541827 0.305921 0.542594 0.304825 0.542594 0.302632 0.544129 0.302632 0.545664 0.303728 0.546431 0.303728 0.547199 0.304825 0.547199 0.305921 0.547966 0.308114 0.547966 0.310307 0.546431 0.310307 0.543361 0.309211 0.542594 0.309211 0.541827
0 0.468202 0.529547 0.469298 0.530315 0.469298 0.529547
0 0.547149 0.528012 0.548246 0.52878 0.548246 0.528012
0 0.494518 0.527245 0.493421 0.528012 0.493421 0.52878 0.492325 0.529547 0.492325 0.530315 0.491228 0.531082 0.491228 0.532617 0.490132 0.533384 0.490132 0.536454 0.491228 0.537222 0.491228 0.539524 0.492325 0.540292 0.492325 0.542594 0.494518 0.544129 0.494518 0.544896 0.496711 0.546431 0.497807 0.546431 0.498904 0.547199 0.5 0.546431 0.497807 0.544896 0.497807 0.544129 0.496711 0.544129 0.495614 0.543361 0.495614 0.542594 0.494518 0.542594 0.493421 0.541827 0.493421 0.541059 0.494518 0.540292 0.493421 0.539524 0.493421 0.536454 0.494518 0.535687 0.494518 0.530315 0.495614 0.529547 0.495614 0.527245
0 0.495614 0.506523 0.494518 0.507291 0.494518 0.508058 0.495614 0.508058 0.496711 0.508826 0.496711 0.507291
0 0.467105 0.498849 0.467105 0.499616 0.468202 0.498849
0 0.311404 0.491942 0.310307 0.492709 0.309211 0.492709 0.307018 0.494244 0.307018 0.495012 0.305921 0.495779 0.305921 0.499616 0.307018 0.500384 0.307018 0.501151 0.309211 0.502686 0.309211 0.503454 0.310307 0.504221 0.310307 0.508058 0.311404 0.508826 0.311404 0.509593 0.313596 0.511128 0.315789 0.511128 0.315789 0.510361 0.319079 0.508058 0.320175 0.508058 0.322368 0.506523 0.322368 0.501919 0.321272 0.501151 0.321272 0.498081 0.320175 0.497314 0.320175 0.496546 0.319079 0.495779 0.319079 0.495012 0.315789 0.492709 0.3125 0.492709
0 0.492325 0.485035 0.491228 0.485802 0.487939 0.485802 0.485746 0.487337 0.484649 0.487337 0.484649 0.488104 0.483553 0.488872 0.483553 0.489639 0.484649 0.490407 0.489035 0.487337 0.491228 0.487337 0.493421 0.485802 0.493421 0.485035
0 0.58443 0.482732 0.585526 0.4835 0.586623 0.4835 0.585526 0.482732
0 0.490132 0.471988 0.489035 0.472755 0.489035 0.473523 0.487939 0.47429 0.487939 0.476592 0.489035 0.47736 0.489035 0.478127 0.491228 0.479662 0.493421 0.479662 0.494518 0.478895 0.494518 0.478127 0.495614 0.47736 0.495614 0.47429 0.494518 0.473523 0.494518 0.472755 0.493421 0.472755 0.492325 0.471988
0 0.497807 0.46815 0.497807 0.468918 0.498904 0.469685 0.498904 0.46815
0 0.259868 0.463546 0.259868 0.464313 0.262061 0.465848 0.263158 0.465848 0.264254 0.466616 0.264254 0.467383 0.257675 0.471988 0.258772 0.47122 0.259868 0.47122 0.263158 0.468918 0.264254 0.468918 0.266447 0.467383 0.267544 0.467383 0.26864 0.466616 0.269737 0.466616 0.27193 0.465081 0.267544 0.465081 0.266447 0.465848 0.265351 0.465081 0.263158 0.465081 0.262061 0.464313 0.262061 0.463546
0 0.299342 0.461243 0.299342 0.462778 0.298246 0.463546 0.298246 0.465081 0.299342 0.465848 0.300439 0.465848 0.301535 0.466616 0.302632 0.465848 0.302632 0.464313 0.301535 0.463546 0.301535 0.461243
0 0.676535 0.441289 0.677632 0.442057 0.677632 0.441289
0 0.614035 0.441289 0.614035 0.442057 0.615132 0.442057
0 0.591009 0.42901 0.591009 0.429777 0.592105 0.430545 0.595395 0.430545 0.595395 0.42901
0 0.600877 0.420568 0.599781 0.421335 0.599781 0.42287 0.600877 0.42287 0.601974 0.422103 0.601974 0.420568
0 0.251096 0.416731 0.25 0.417498 0.25 0.418266 0.251096 0.417498 0.252193 0.417498 0.252193 0.416731
0 0.651316 0.405986 0.650219 0.406754 0.650219 0.407521 0.654605 0.407521 0.654605 0.406754 0.653509 0.405986
0 0.307018 0.392939 0.309211 0.392939 0.310307 0.393707 0.313596 0.393707 0.314693 0.394474 0.316886 0.394474 0.316886 0.393707 0.314693 0.393707 0.313596 0.392939
0 0.337719 0.391404 0.338816 0.392172 0.339912 0.392172 0.339912 0.391404
0 0.376096 0.388335 0.375 0.389102 0.375 0.391404 0.376096 0.391404 0.377193 0.392172 0.379386 0.392172 0.380482 0.391404 0.380482 0.389102 0.379386 0.388335
0 0.403509 0.384497 0.403509 0.386032 0.404605 0.386032 0.404605 0.384497
0 0.426535 0.376823 0.426535 0.37759 0.427632 0.378358 0.427632 0.37759 0.428728 0.376823
0 0.45943 0.369916 0.458333 0.370683 0.457237 0.370683 0.455044 0.372218 0.453947 0.372218 0.453947 0.372985 0.451754 0.37452 0.451754 0.375288 0.449561 0.376823 0.449561 0.382195 0.450658 0.382962 0.450658 0.384497 0.451754 0.385265 0.451754 0.386032 0.452851 0.3868 0.452851 0.387567 0.453947 0.387567 0.455044 0.388335 0.45943 0.388335 0.460526 0.387567 0.460526 0.3868 0.461623 0.386032 0.461623 0.38373 0.460526 0.382962 0.460526 0.38066 0.45943 0.379893 0.45943 0.372985 0.460526 0.372218 0.460526 0.369916
0 0.400219 0.368381 0.400219 0.369148 0.399123 0.369916 0.399123 0.37145 0.401316 0.372985 0.402412 0.372985 0.402412 0.37145 0.403509 0.370683 0.402412 0.369916 0.402412 0.369148 0.401316 0.369148
0 0.666667 0.342287 0.666667 0.343054 0.667763 0.343822 0.671053 0.343822 0.672149 0.344589 0.674342 0.344589 0.673246 0.343822 0.669956 0.343822 0.66886 0.343054 0.667763 0.343054
0 0.433114 0.342287 0.433114 0.343054 0.434211 0.343822 0.435307 0.343822 0.435307 0.342287
0 0.29057 0.326938 0.29057 0.327705 0.291667 0.327705 0.292763 0.326938
0 0.66886 0.312356 0.667763 0.313124 0.666667 0.313124 0.66557 0.313891 0.666667 0.314658 0.667763 0.314658 0.669956 0.313124
0 0.489035 0.311589 0.487939 0.312356 0.487939 0.314658 0.489035 0.315426 0.489035 0.316193 0.491228 0.316193 0.492325 0.315426 0.492325 0.313124 0.490132 0.311589
0 0.506579 0.309286 0.505482 0.310054 0.505482 0.311589 0.507675 0.313124 0.510965 0.313124 0.512061 0.312356 0.512061 0.310821 0.510965 0.310054 0.510965 0.309286
0 0.523026 0.308519 0.52193 0.309286 0.520833 0.309286 0.520833 0.311589 0.523026 0.313124 0.526316 0.313124 0.526316 0.309286 0.525219 0.308519
0 0.707237 0.307751 0.707237 0.308519 0.710526 0.308519 0.711623 0.307751
0 0.283991 0.306984 0.285088 0.307751 0.285088 0.306984
0 0.333333 0.300077 0.333333 0.300844 0.33443 0.300844 0.33443 0.300077
0 0.661184 0.296239 0.660088 0.297007 0.660088 0.298542 0.658991 0.299309 0.660088 0.300077 0.660088 0.303147 0.661184 0.303914 0.662281 0.303914 0.663377 0.304682 0.664474 0.304682 0.664474 0.297774 0.663377 0.297774
0 0.611842 0.283193 0.610746 0.28396 0.610746 0.285495 0.611842 0.286262 0.611842 0.28703 0.612939 0.28703 0.614035 0.287797 0.615132 0.28703 0.615132 0.28396 0.614035 0.283193
0 0.400219 0.282425 0.398026 0.28396 0.39693 0.28396 0.39364 0.286262 0.39364 0.289332 0.394737 0.2901 0.394737 0.290867 0.395833 0.290867 0.39693 0.291635 0.39693 0.292402 0.398026 0.29317 0.399123 0.292402 0.400219 0.29317 0.401316 0.292402 0.402412 0.292402 0.406798 0.289332 0.406798 0.287797 0.407895 0.28703 0.406798 0.286262 0.406798 0.284728 0.403509 0.282425
0 0.411184 0.28089 0.410088 0.281658 0.410088 0.28396 0.411184 0.284728 0.411184 0.285495 0.412281 0.285495 0.412281 0.284728 0.413377 0.28396 0.413377 0.281658 0.412281 0.28089
0 0.382675 0.279355 0.382675 0.28089 0.384868 0.28089 0.385965 0.280123 0.384868 0.279355
0 0.524123 0.274751 0.524123 0.275518 0.523026 0.276285 0.523026 0.277053 0.524123 0.27782 0.524123 0.278588 0.525219 0.278588 0.526316 0.27782 0.526316 0.275518 0.525219 0.274751
0 0.648026 0.271681 0.64693 0.272448 0.644737 0.272448 0.64364 0.273216 0.641447 0.273216 0.640351 0.273983 0.637061 0.273983 0.635965 0.274751 0.633772 0.274751 0.632675 0.275518 0.626096 0.275518 0.625 0.274751 0.619518 0.274751 0.618421 0.275518 0.618421 0.276285 0.617325 0.277053 0.617325 0.27782 0.618421 0.278588 0.622807 0.278588 0.623904 0.27782 0.625 0.27782 0.626096 0.277053 0.628289 0.277053 0.629386 0.27782 0.630482 0.27782 0.631579 0.277053 0.633772 0.277053 0.634868 0.276285 0.640351 0.276285 0.641447 0.275518 0.642544 0.275518 0.64364 0.274751 0.64693 0.274751 0.648026 0.273983 0.649123 0.273983 0.650219 0.273216 0.650219 0.271681
0 0.677632 0.264774 0.676535 0.265541 0.675439 0.265541 0.675439 0.266309 0.677632 0.266309 0.678728 0.265541 0.680921 0.265541 0.678728 0.265541
0 0.554825 0.263239 0.552632 0.264774 0.552632 0.266309 0.551535 0.267076 0.551535 0.267843 0.552632 0.268611 0.552632 0.272448 0.553728 0.273216 0.553728 0.273983 0.555921 0.273983 0.557018 0.273216 0.557018 0.270913 0.558114 0.270146 0.557018 0.269378 0.558114 0.268611 0.558114 0.264774 0.555921 0.263239
0 0.342105 0.256332 0.342105 0.257099 0.343202 0.257866 0.343202 0.257099
0 0.66557 0.240215 0.66557 0.240982 0.666667 0.240982
0 0.589912 0.239447 0.585526 0.242517 0.585526 0.243285 0.583333 0.24482 0.583333 0.245587 0.582237 0.246355 0.582237 0.247889 0.587719 0.247889 0.593202 0.244052 0.593202 0.240215 0.592105 0.239447
0 0.694079 0.231005 0.694079 0.231773 0.696272 0.231773 0.695175 0.231005
0 0.718202 0.230238 0.717105 0.231005 0.718202 0.231005
0 0.722588 0.224098 0.721491 0.224866 0.722588 0.224866
0 0.450658 0.224098 0.441886 0.230238 0.440789 0.230238 0.439693 0.231005 0.439693 0.231773 0.438596 0.23254 0.438596 0.234843 0.441886 0.234843 0.442982 0.234075 0.444079 0.234075 0.447368 0.231773 0.447368 0.231005 0.448465 0.230238 0.448465 0.22947 0.449561 0.228703 0.449561 0.227168 0.450658 0.226401
0 0.450658 0.204144 0.449561 0.204912 0.449561 0.205679 0.448465 0.206447 0.448465 0.207982 0.449561 0.208749 0.449561 0.211051 0.451754 0.212586 0.451754 0.213354 0.452851 0.214121 0.453947 0.214121 0.453947 0.212586 0.451754 0.211051 0.451754 0.210284 0.450658 0.209517 0.450658 0.206447 0.451754 0.205679 0.451754 0.204912
0 0.700658 0.198772 0.700658 0.19954 0.702851 0.19954 0.701754 0.198772
0 0.546053 0.19647 0.546053 0.197237 0.547149 0.198005 0.547149 0.198772 0.548246 0.198772 0.549342 0.198005 0.549342 0.197237 0.548246 0.19647
0 0.455044 0.184958 0.455044 0.186493 0.45614 0.185725 0.45614 0.184958
0 0.532895 0.179586 0.532895 0.180353 0.531798 0.18112 0.531798 0.183423 0.528509 0.185725 0.528509 0.186493 0.527412 0.18726 0.526316 0.18726 0.524123 0.188795 0.523026 0.188795 0.519737 0.191097 0.519737 0.192632 0.52193 0.194167 0.523026 0.194167 0.524123 0.1934 0.526316 0.1934 0.531798 0.189563 0.531798 0.188795 0.535088 0.186493 0.535088 0.184958 0.536184 0.18419 0.536184 0.18112 0.533991 0.179586
0 0.578947 0.169609 0.577851 0.170376 0.577851 0.171911 0.578947 0.172678 0.578947 0.173446 0.580044 0.174213 0.580044 0.173446 0.58114 0.172678 0.58114 0.170376 0.580044 0.169609
0 0.666667 0.168074 0.666667 0.168841 0.667763 0.168841
0 0.629386 0.155027 0.627193 0.156562 0.626096 0.156562 0.626096 0.157329 0.623904 0.158864 0.623904 0.160399 0.625 0.160399 0.626096 0.161167 0.628289 0.161167 0.629386 0.161934 0.631579 0.161934 0.632675 0.161167 0.633772 0.161167 0.634868 0.160399 0.635965 0.160399 0.637061 0.159632 0.638158 0.159632 0.640351 0.158097 0.640351 0.155794 0.639254 0.155027
0 0.683114 0.151957 0.683114 0.152724 0.685307 0.152724 0.685307 0.151957
0 0.582237 0.151957 0.58114 0.152724 0.58114 0.153492 0.580044 0.154259 0.580044 0.155027 0.58114 0.155794 0.585526 0.155794 0.585526 0.153492 0.583333 0.151957
0 0.675439 0.143515 0.674342 0.144282 0.674342 0.14505 0.675439 0.14505 0.676535 0.144282
0 0.609649 0.136608 0.609649 0.138143 0.610746 0.138143 0.610746 0.137375
0 0.601974 0.136608 0.600877 0.137375 0.600877 0.13891 0.60307 0.13891 0.60307 0.137375
0 0.654605 0.133538 0.654605 0.135073 0.655702 0.135073 0.656798 0.13584 0.656798 0.136608 0.657895 0.136608 0.658991 0.13584 0.658991 0.134305 0.657895 0.134305 0.656798 0.133538
0 0.690789 0.106677 0.691886 0.106677 0.692982 0.107444 0.692982 0.106677
