0 0.270833 0.781274 0.269737 0.782041 0.269737 0.782809 0.270833 0.782809
0 0.232456 0.759018 0.232456 0.760553 0.233553 0.760553 0.233553 0.759018
0 0.330044 0.742134 0.328947 0.742901 0.328947 0.743668 0.330044 0.743668
0 0.207237 0.741366 0.205044 0.742901 0.203947 0.742901 0.203947 0.743668 0.205044 0.744436 0.203947 0.745203 0.203947 0.745971 0.20614 0.744436 0.20614 0.743668 0.207237 0.742901 0.207237 0.742134 0.208333 0.741366
0 0.328947 0.735226 0.328947 0.738296 0.330044 0.739064 0.33114 0.739064 0.33114 0.736761 0.330044 0.735994 0.330044 0.735226
0 0.319079 0.723715 0.320175 0.724482 0.321272 0.724482 0.321272 0.723715
0 0.237939 0.7099 0.236842 0.710668 0.236842 0.712203 0.237939 0.71297 0.240132 0.71297 0.241228 0.712203 0.241228 0.711435 0.240132 0.710668 0.240132 0.7099
0 0.243421 0.702226 0.243421 0.702993 0.242325 0.703761 0.242325 0.705295 0.244518 0.70683 0.245614 0.70683 0.246711 0.706063 0.246711 0.703761 0.244518 0.702226
0 0.372807 0.700691 0.372807 0.701458 0.375 0.701458 0.373904 0.701458
0 0.383772 0.696853 0.384868 0.697621 0.384868 0.696853
0 0.260965 0.696086 0.260965 0.697621 0.262061 0.698388 0.263158 0.698388 0.264254 0.699156 0.266447 0.699156 0.263158 0.696853 0.262061 0.696853
0 0.246711 0.688411 0.245614 0.689179 0.245614 0.689946 0.246711 0.690714 0.246711 0.691481 0.247807 0.692249 0.25 0.690714 0.25 0.689946 0.247807 0.688411
0 0.217105 0.65848 0.212719 0.66155 0.212719 0.662318 0.213816 0.662318 0.217105 0.660015
0 0.222588 0.655411 0.222588 0.656178 0.221491 0.656946 0.221491 0.657713 0.222588 0.65848 0.223684 0.65848 0.224781 0.657713 0.224781 0.655411
0 0.225877 0.649271 0.225877 0.650038 0.226974 0.650806 0.22807 0.650806 0.229167 0.650038 0.229167 0.649271
0 0.379386 0.645434 0.378289 0.646201 0.378289 0.648503 0.379386 0.649271 0.381579 0.649271 0.382675 0.648503 0.382675 0.646969 0.381579 0.646201 0.381579 0.645434
0 0.404605 0.641596 0.404605 0.643131 0.405702 0.643131 0.405702 0.642364
0 0.368421 0.623945 0.368421 0.631619 0.369518 0.632387 0.369518 0.633922 0.370614 0.634689 0.370614 0.635457 0.372807 0.636992 0.373904 0.636992 0.373904 0.633154 0.372807 0.632387 0.372807 0.630084 0.371711 0.629317 0.371711 0.627015 0.370614 0.626247 0.370614 0.624712 0.369518 0.623945
0 0.267544 0.623177 0.266447 0.623945 0.266447 0.626247 0.267544 0.627015 0.267544 0.627782 0.26864 0.627782 0.269737 0.62855 0.270833 0.62855 0.27193 0.627782 0.27193 0.623945 0.270833 0.623177
0 0.482456 0.62241 0.48136 0.623177 0.480263 0.623177 0.479167 0.623945 0.47807 0.623945 0.47807 0.624712 0.476974 0.62548 0.475877 0.62548 0.475877 0.626247 0.474781 0.627015 0.474781 0.627782 0.476974 0.627782 0.482456 0.623945
0 0.263158 0.61934 0.262061 0.620107 0.263158 0.620875
0 0.486842 0.618573 0.485746 0.61934 0.484649 0.61934 0.484649 0.621642 0.485746 0.621642 0.484649 0.620875 0.486842 0.61934 0.487939 0.620107 0.487939 0.618573
0 0.359649 0.61627 0.359649 0.617038 0.360746 0.617038
0 0.489035 0.612433 0.487939 0.6132 0.487939 0.613968 0.489035 0.614735 0.489035 0.615503 0.490132 0.615503 0.491228 0.61627 0.491228 0.6132 0.490132 0.612433
0 0.434211 0.600921 0.434211 0.603223 0.435307 0.603991 0.435307 0.600921
0 0.327851 0.599386 0.325658 0.600921 0.325658 0.602456 0.326754 0.603223 0.328947 0.603223 0.330044 0.602456 0.330044 0.601688 0.33114 0.600921 0.33114 0.600153 0.330044 0.600153 0.328947 0.599386
0 0.452851 0.586339 0.453947 0.587107 0.453947 0.586339
0 0.219298 0.586339 0.218202 0.587107 0.217105 0.587107 0.216009 0.587874 0.214912 0.587874 0.213816 0.588642 0.212719 0.588642 0.202851 0.595549 0.205044 0.595549 0.205044 0.594781 0.208333 0.592479 0.208333 0.591711 0.211623 0.589409 0.212719 0.589409 0.214912 0.587874 0.216009 0.588642 0.217105 0.587874 0.219298 0.587874 0.220395 0.587107
0 0.3125 0.584804 0.311404 0.585572 0.311404 0.586339 0.310307 0.587107 0.310307 0.588642 0.3125 0.588642 0.314693 0.587107 0.314693 0.584804
0 0.375 0.584037 0.373904 0.584804 0.373904 0.587107 0.372807 0.587874 0.372807 0.590944 0.371711 0.591711 0.371711 0.594014 0.372807 0.594781 0.372807 0.599386 0.373904 0.600153 0.375 0.600153 0.375 0.598619 0.376096 0.597851 0.376096 0.597084 0.375 0.596316 0.375 0.592479 0.376096 0.591711 0.376096 0.588642 0.375 0.587874 0.375 0.587107 0.376096 0.586339 0.376096 0.584037
0 0.26864 0.577897 0.266447 0.579432 0.266447 0.584804 0.267544 0.585572 0.26864 0.585572 0.26864 0.584804 0.269737 0.584037 0.269737 0.583269 0.270833 0.582502 0.270833 0.579432
0 0.335526 0.57713 0.333333 0.578665 0.333333 0.5802 0.335526 0.5802 0.336623 0.579432 0.336623 0.57713
0 0.492325 0.575595 0.492325 0.578665 0.494518 0.5802 0.495614 0.5802 0.495614 0.578665 0.494518 0.577897 0.494518 0.576362 0.493421 0.576362
0 0.199561 0.572525 0.199561 0.573292 0.200658 0.573292 0.200658 0.572525
0 0.411184 0.57099 0.412281 0.571757 0.412281 0.572525 0.413377 0.573292 0.414474 0.573292 0.41557 0.57406 0.41557 0.574827 0.417763 0.576362 0.41886 0.576362 0.419956 0.57713 0.424342 0.57713 0.421053 0.57713 0.416667 0.57406 0.41557 0.57406 0.414474 0.573292 0.414474 0.571757 0.413377 0.57099
0 0.317982 0.569455 0.317982 0.570223 0.316886 0.57099 0.319079 0.57099 0.319079 0.569455
0 0.266447 0.567153 0.265351 0.56792 0.265351 0.569455 0.266447 0.570223 0.267544 0.570223 0.26864 0.569455 0.26864 0.56792 0.267544 0.568688 0.266447 0.56792
0 0.426535 0.565618 0.425439 0.566385 0.423246 0.566385 0.422149 0.567153 0.421053 0.567153 0.419956 0.56792 0.419956 0.568688 0.421053 0.569455 0.421053 0.571757 0.427632 0.571757 0.428728 0.572525 0.429825 0.572525 0.430921 0.573292 0.434211 0.573292 0.435307 0.572525 0.436404 0.572525 0.4375 0.571757 0.438596 0.571757 0.439693 0.57099 0.439693 0.568688 0.438596 0.56792 0.4375 0.56792 0.434211 0.565618
0 0.348684 0.560246 0.347588 0.561013 0.345395 0.561013 0.342105 0.563315 0.342105 0.56485 0.341009 0.565618 0.341009 0.56792 0.342105 0.568688 0.342105 0.570223 0.343202 0.57099 0.343202 0.571757 0.347588 0.574827 0.351974 0.571757 0.351974 0.57099 0.35307 0.570223 0.35307 0.568688 0.354167 0.56792 0.354167 0.567153 0.35307 0.566385 0.35307 0.561781 0.350877 0.560246
0 0.294956 0.557176 0.29386 0.557943 0.29386 0.559478 0.296053 0.561013 0.297149 0.560246 0.297149 0.557943 0.296053 0.557176
0 0.480263 0.551036 0.480263 0.551804 0.479167 0.552571 0.480263 0.552571 0.48136 0.551804 0.48136 0.551036
0 0.413377 0.547966 0.412281 0.548734 0.412281 0.551036 0.413377 0.551804 0.41557 0.551804 0.416667 0.551036 0.416667 0.549501 0.41557 0.548734 0.41557 0.547966
0 0.309211 0.546431 0.309211 0.549501 0.311404 0.551036 0.3125 0.551036 0.313596 0.551804 0.315789 0.551804 0.316886 0.551036 0.316886 0.548734 0.313596 0.546431
0 0.475877 0.534152 0.473684 0.535687 0.473684 0.536454 0.472588 0.537222 0.472588 0.542594 0.471491 0.543361 0.471491 0.544129 0.470395 0.544896 0.470395 0.549501 0.471491 0.549501 0.472588 0.550269 0.473684 0.550269 0.475877 0.548734 0.475877 0.547966 0.476974 0.547199 0.476974 0.546431 0.47807 0.545664 0.47807 0.538757 0.479167 0.537989 0.479167 0.534919 0.47807 0.534152
0 0.274123 0.533384 0.274123 0.534152 0.275219 0.533384
0 0.54057 0.524175 0.54057 0.524942 0.541667 0.52571 0.54386 0.52571 0.542763 0.524942 0.541667 0.524942
0 0.483553 0.52264 0.48136 0.524175 0.48136 0.524942 0.47807 0.527245 0.475877 0.52571 0.474781 0.52571 0.472588 0.527245 0.473684 0.526477 0.474781 0.527245 0.475877 0.527245 0.476974 0.528012 0.48136 0.528012 0.483553 0.526477 0.486842 0.526477 0.487939 0.52571 0.487939 0.524942 0.490132 0.523408 0.489035 0.523408 0.487939 0.52264
0 0.497807 0.511896 0.496711 0.512663 0.496711 0.513431 0.497807 0.514198 0.5 0.512663 0.5 0.511896
0 0.208333 0.504988 0.207237 0.505756 0.202851 0.505756 0.200658 0.507291 0.201754 0.507291 0.202851 0.506523 0.203947 0.506523 0.205044 0.505756 0.208333 0.505756
0 0.25 0.503454 0.25 0.504988 0.252193 0.504988 0.253289 0.505756 0.255482 0.505756 0.255482 0.504988 0.254386 0.504221 0.253289 0.504221 0.252193 0.503454
0 0.311404 0.497314 0.309211 0.498849 0.309211 0.499616 0.308114 0.500384 0.308114 0.504221 0.309211 0.504988 0.309211 0.507291 0.310307 0.508058 0.310307 0.508826 0.311404 0.509593 0.311404 0.510361 0.315789 0.513431 0.315789 0.514198 0.317982 0.515733 0.317982 0.5165 0.319079 0.515733 0.319079 0.514965 0.320175 0.514198 0.320175 0.513431 0.321272 0.512663 0.321272 0.511128 0.322368 0.510361 0.322368 0.509593 0.323465 0.508826 0.323465 0.506523 0.322368 0.505756 0.322368 0.504221 0.321272 0.503454 0.321272 0.501151 0.316886 0.498081 0.315789 0.498081 0.314693 0.497314
0 0.58114 0.478127 0.58114 0.478895 0.582237 0.479662 0.582237 0.478127
0 0.494518 0.471988 0.493421 0.472755 0.492325 0.472755 0.491228 0.473523 0.491228 0.47429 0.490132 0.475058 0.490132 0.478127 0.491228 0.478895 0.493421 0.478895 0.494518 0.479662 0.497807 0.47736 0.497807 0.473523 0.496711 0.472755 0.496711 0.471988
0 0.22807 0.469685 0.225877 0.47122 0.223684 0.47122 0.226974 0.47122 0.229167 0.469685
0 0.232456 0.46815 0.23136 0.468918 0.233553 0.468918
0 0.255482 0.464313 0.253289 0.465848 0.255482 0.465848 0.256579 0.465081 0.256579 0.464313
0 0.297149 0.460476 0.296053 0.461243 0.297149 0.462011 0.297149 0.463546 0.298246 0.464313 0.298246 0.465081 0.299342 0.465848 0.301535 0.464313 0.301535 0.462011 0.299342 0.460476
0 0.599781 0.423638 0.598684 0.424405 0.599781 0.425173 0.600877 0.425173 0.600877 0.423638
0 0.640351 0.399847 0.639254 0.400614 0.639254 0.402149 0.640351 0.402916 0.641447 0.402916 0.641447 0.399847
0 0.344298 0.396009 0.344298 0.396777 0.345395 0.396777 0.345395 0.396009
0 0.326754 0.395242 0.327851 0.396009 0.328947 0.395242
0 0.383772 0.388335 0.382675 0.389102 0.382675 0.390637 0.383772 0.391404 0.383772 0.392172 0.388158 0.392172 0.388158 0.391404 0.389254 0.390637 0.389254 0.389102 0.388158 0.388335
0 0.406798 0.3868 0.406798 0.388335 0.407895 0.388335 0.407895 0.3868
0 0.430921 0.376823 0.430921 0.37759 0.432018 0.37759 0.432018 0.376823
0 0.402412 0.373753 0.402412 0.375288 0.404605 0.376823 0.405702 0.376055 0.405702 0.37452 0.404605 0.373753
0 0.45943 0.368381 0.458333 0.369148 0.45614 0.369148 0.452851 0.37145 0.451754 0.37145 0.451754 0.372218 0.448465 0.37452 0.448465 0.375288 0.447368 0.376055 0.447368 0.37759 0.448465 0.378358 0.448465 0.382195 0.449561 0.382962 0.449561 0.38373 0.451754 0.385265 0.451754 0.386032 0.452851 0.3868 0.452851 0.387567 0.455044 0.387567 0.45614 0.388335 0.457237 0.388335 0.458333 0.387567 0.458333 0.384497 0.457237 0.38373 0.457237 0.382195 0.45614 0.381427 0.45614 0.37759 0.457237 0.376823 0.457237 0.373753 0.458333 0.372985 0.458333 0.372218 0.45943 0.37145
0 0.402412 0.355334 0.403509 0.356101 0.403509 0.355334
0 0.434211 0.344589 0.433114 0.345357 0.434211 0.346124 0.434211 0.346892 0.436404 0.345357 0.435307 0.344589
0 0.658991 0.343054 0.658991 0.343822 0.661184 0.343822 0.661184 0.343054
0 0.296053 0.321566 0.296053 0.323101 0.297149 0.322333 0.297149 0.321566
0 0.697368 0.313891 0.697368 0.314658 0.698465 0.314658 0.698465 0.313891
0 0.490132 0.313124 0.490132 0.313891 0.489035 0.314658 0.490132 0.315426 0.490132 0.316193 0.491228 0.316961 0.494518 0.316961 0.494518 0.313891 0.493421 0.313124
0 0.684211 0.311589 0.683114 0.312356 0.679825 0.312356 0.678728 0.313124 0.673246 0.313124 0.672149 0.313891 0.671053 0.313891 0.669956 0.314658 0.671053 0.315426 0.674342 0.315426 0.675439 0.314658 0.676535 0.314658 0.677632 0.315426 0.678728 0.314658 0.680921 0.314658 0.682018 0.313891 0.684211 0.313891 0.684211 0.312356 0.685307 0.311589
0 0.516447 0.311589 0.516447 0.312356 0.515351 0.313124 0.515351 0.316193 0.516447 0.316961 0.51864 0.316961 0.519737 0.316193 0.519737 0.312356 0.51864 0.311589
0 0.505482 0.309286 0.504386 0.310054 0.504386 0.312356 0.506579 0.313891 0.508772 0.313891 0.509868 0.313124 0.509868 0.310821 0.508772 0.310054 0.507675 0.310054 0.506579 0.309286
0 0.296053 0.307751 0.294956 0.308519 0.296053 0.309286 0.297149 0.308519 0.297149 0.307751
0 0.347588 0.302379 0.346491 0.303147 0.345395 0.303147 0.348684 0.303147 0.349781 0.303914 0.349781 0.303147 0.348684 0.302379
0 0.655702 0.293937 0.654605 0.294705 0.654605 0.295472 0.653509 0.296239 0.653509 0.297007 0.651316 0.298542 0.649123 0.298542 0.648026 0.299309 0.640351 0.299309 0.640351 0.302379 0.644737 0.305449 0.64693 0.305449 0.648026 0.304682 0.650219 0.304682 0.653509 0.302379 0.654605 0.302379 0.656798 0.300844 0.656798 0.300077 0.657895 0.299309 0.657895 0.296239 0.656798 0.295472 0.656798 0.293937
0 0.401316 0.28396 0.399123 0.285495 0.398026 0.285495 0.398026 0.286262 0.39693 0.28703 0.39693 0.291635 0.399123 0.291635 0.400219 0.292402 0.401316 0.292402 0.402412 0.291635 0.403509 0.291635 0.404605 0.290867 0.405702 0.290867 0.408991 0.288565 0.410088 0.288565 0.410088 0.287797 0.411184 0.28703 0.411184 0.284728 0.410088 0.284728 0.408991 0.28396
0 0.608553 0.283193 0.608553 0.286262 0.607456 0.28703 0.607456 0.288565 0.60636 0.289332 0.60636 0.2901 0.607456 0.290867 0.607456 0.291635 0.608553 0.292402 0.610746 0.292402 0.611842 0.291635 0.611842 0.290867 0.612939 0.2901 0.612939 0.28703 0.614035 0.286262 0.612939 0.285495 0.612939 0.284728 0.610746 0.283193
0 0.528509 0.281658 0.526316 0.283193 0.526316 0.28396 0.527412 0.284728 0.527412 0.28396 0.528509 0.283193
0 0.705044 0.28089 0.703947 0.281658 0.702851 0.281658 0.703947 0.282425 0.70614 0.282425 0.707237 0.281658 0.707237 0.28089
0 0.383772 0.280123 0.383772 0.28089 0.384868 0.281658 0.384868 0.282425 0.385965 0.282425 0.385965 0.28089 0.384868 0.280123
0 0.724781 0.27782 0.724781 0.278588 0.725877 0.278588
0 0.712719 0.273216 0.712719 0.274751 0.713816 0.273983
0 0.554825 0.270146 0.553728 0.270913 0.553728 0.274751 0.555921 0.276285 0.557018 0.276285 0.558114 0.275518 0.558114 0.274751 0.559211 0.273983 0.559211 0.270913 0.558114 0.270146
0 0.372807 0.263239 0.372807 0.264006 0.373904 0.264006 0.376096 0.265541 0.378289 0.265541 0.379386 0.264774 0.379386 0.264006 0.378289 0.264006 0.377193 0.263239
0 0.359649 0.261704 0.359649 0.263239 0.360746 0.263239 0.361842 0.262471 0.360746 0.261704
0 0.577851 0.249424 0.575658 0.250959 0.575658 0.251727 0.574561 0.252494 0.573465 0.252494 0.572368 0.253262 0.571272 0.253262 0.571272 0.255564 0.572368 0.256332 0.573465 0.256332 0.575658 0.254797 0.576754 0.254797 0.578947 0.253262 0.578947 0.252494 0.580044 0.251727 0.580044 0.249424
0 0.653509 0.239447 0.653509 0.240215 0.655702 0.240215 0.654605 0.239447
0 0.678728 0.234075 0.677632 0.234843 0.676535 0.234843 0.676535 0.23561 0.677632 0.23561 0.678728 0.236378 0.683114 0.236378 0.683114 0.234843 0.682018 0.234843 0.680921 0.234075
0 0.430921 0.234075 0.426535 0.237145 0.426535 0.239447 0.425439 0.240215 0.425439 0.24175 0.423246 0.243285 0.423246 0.244052 0.422149 0.24482 0.421053 0.24482 0.417763 0.247122 0.416667 0.247122 0.416667 0.247889 0.419956 0.247889 0.421053 0.247122 0.422149 0.247122 0.423246 0.246355 0.423246 0.245587 0.426535 0.243285 0.426535 0.242517 0.428728 0.240982 0.429825 0.240982 0.430921 0.240215 0.432018 0.240215 0.434211 0.23868 0.435307 0.23868 0.438596 0.236378 0.438596 0.23561 0.439693 0.234843 0.439693 0.234075
0 0.445175 0.209517 0.444079 0.210284 0.445175 0.211051
0 0.695175 0.202609 0.695175 0.204144 0.696272 0.204144 0.697368 0.203377 0.696272 0.202609
0 0.723684 0.19647 0.724781 0.197237 0.724781 0.19647
0 0.533991 0.194167 0.533991 0.195702 0.536184 0.195702 0.537281 0.194935 0.536184 0.194167
0 0.520833 0.191865 0.519737 0.192632 0.517544 0.192632 0.516447 0.1934 0.515351 0.1934 0.515351 0.197237 0.516447 0.198005 0.517544 0.198005 0.51864 0.197237 0.519737 0.197237 0.52193 0.195702 0.52193 0.192632
0 0.574561 0.165004 0.570175 0.168074 0.569079 0.168074 0.569079 0.168841 0.566886 0.170376 0.565789 0.170376 0.565789 0.171144 0.563596 0.172678 0.560307 0.172678 0.559211 0.173446 0.558114 0.173446 0.555921 0.174981 0.554825 0.174981 0.551535 0.177283 0.550439 0.177283 0.550439 0.178051 0.548246 0.179586 0.548246 0.180353 0.547149 0.18112 0.547149 0.181888 0.548246 0.182655 0.552632 0.182655 0.558114 0.178818 0.559211 0.178818 0.563596 0.175748 0.567982 0.175748 0.569079 0.174981 0.570175 0.174981 0.571272 0.174213 0.573465 0.174213 0.574561 0.173446 0.576754 0.173446 0.577851 0.174213 0.578947 0.174213 0.58114 0.172678 0.58114 0.168841 0.580044 0.168074 0.580044 0.167306 0.577851 0.165771 0.576754 0.165771 0.575658 0.165004
0 0.66557 0.161934 0.66557 0.164236 0.666667 0.165004 0.666667 0.161934
0 0.614035 0.154259 0.612939 0.155027 0.612939 0.157329 0.614035 0.158097 0.614035 0.163469 0.616228 0.165004 0.618421 0.165004 0.619518 0.165771 0.622807 0.165771 0.623904 0.165004 0.623904 0.163469 0.625 0.162701 0.623904 0.161934 0.623904 0.160399 0.621711 0.158864 0.621711 0.158097 0.619518 0.156562 0.618421 0.156562 0.617325 0.155794 0.616228 0.155794
0 0.607456 0.15119 0.60636 0.151957 0.604167 0.151957 0.604167 0.152724 0.601974 0.154259 0.600877 0.154259 0.598684 0.155794 0.598684 0.158097 0.60636 0.158097 0.607456 0.157329 0.607456 0.155794 0.610746 0.153492 0.610746 0.151957 0.609649 0.15119
0 0.591009 0.145817 0.588816 0.147352 0.587719 0.147352 0.587719 0.14812 0.586623 0.148887 0.586623 0.149655 0.585526 0.150422 0.585526 0.15119 0.58443 0.151957 0.58443 0.154259 0.583333 0.155027 0.583333 0.155794 0.582237 0.156562 0.582237 0.157329 0.58114 0.158097 0.58114 0.161167 0.582237 0.161167 0.583333 0.160399 0.583333 0.159632 0.582237 0.158864 0.583333 0.158097 0.583333 0.156562 0.586623 0.154259 0.586623 0.153492 0.587719 0.152724 0.587719 0.15119 0.588816 0.150422 0.588816 0.149655 0.592105 0.147352 0.592105 0.145817
0 0.600877 0.14198 0.600877 0.142748 0.601974 0.142748 0.60307 0.143515 0.604167 0.142748 0.607456 0.142748 0.607456 0.14198
0 0.656798 0.136608 0.655702 0.137375 0.654605 0.137375 0.649123 0.141213 0.649123 0.149655 0.642544 0.154259 0.642544 0.156562 0.645833 0.156562 0.64693 0.155794 0.649123 0.155794 0.650219 0.155027 0.651316 0.155027 0.651316 0.14812 0.652412 0.147352 0.652412 0.146585 0.653509 0.145817 0.653509 0.141213 0.655702 0.139678 0.656798 0.139678 0.663377 0.144282 0.663377 0.14505 0.664474 0.145817 0.664474 0.146585 0.66557 0.147352 0.66557 0.14812 0.667763 0.149655 0.667763 0.151957 0.669956 0.153492 0.66886 0.152724 0.66886 0.14812 0.667763 0.147352 0.667763 0.146585 0.666667 0.145817 0.666667 0.14505 0.66557 0.144282 0.66557 0.143515 0.660088 0.139678 0.660088 0.136608
0 0.514254 0.13584 0.515351 0.136608 0.515351 0.13584
0 0.708333 0.133538 0.707237 0.134305 0.710526 0.134305 0.70943 0.133538
0 0.703947 0.133538 0.702851 0.134305 0.700658 0.134305 0.700658 0.135073 0.701754 0.134305 0.705044 0.134305
0 0.683114 0.125096 0.682018 0.125863 0.682018 0.126631 0.683114 0.126631 0.684211 0.125863
0 0.583333 0.10284 0.58114 0.104375 0.58114 0.105142 0.580044 0.105909 0.578947 0.105909 0.580044 0.105909 0.58443 0.10284
