0 0.273026 0.772832 0.273026 0.774367 0.274123 0.774367 0.274123 0.772832
0 0.185307 0.757483 0.184211 0.75825 0.185307 0.75825
0 0.242325 0.752878 0.240132 0.754413 0.240132 0.75518 0.241228 0.754413 0.242325 0.754413
0 0.196272 0.752111 0.196272 0.752878 0.197368 0.752111
0 0.330044 0.749808 0.330044 0.752111 0.33114 0.752878 0.33114 0.753645 0.332237 0.754413 0.333333 0.754413 0.33443 0.75518 0.33443 0.755948 0.335526 0.756715 0.335526 0.757483 0.336623 0.75825 0.336623 0.759018 0.337719 0.759018 0.337719 0.757483 0.335526 0.755948 0.335526 0.75518 0.332237 0.752878 0.332237 0.752111 0.33114 0.751343 0.33114 0.750576
0 0.39693 0.735994 0.39693 0.737529 0.398026 0.738296 0.398026 0.737529 0.39693 0.736761
0 0.214912 0.732924 0.214912 0.733691 0.216009 0.734459 0.216009 0.732924
0 0.387061 0.732157 0.388158 0.732924 0.388158 0.732157
0 0.323465 0.731389 0.323465 0.732924 0.325658 0.732924 0.325658 0.732157 0.324561 0.731389
0 0.255482 0.729087 0.254386 0.729854 0.254386 0.732157 0.253289 0.732924 0.253289 0.733691 0.252193 0.734459 0.252193 0.735994 0.253289 0.735994 0.253289 0.735226 0.254386 0.734459 0.254386 0.733691 0.255482 0.732924 0.255482 0.731389 0.256579 0.730622 0.256579 0.729854
0 0.322368 0.726784 0.321272 0.727552 0.322368 0.728319 0.323465 0.727552
0 0.234649 0.710668 0.233553 0.711435 0.233553 0.712203 0.234649 0.71297 0.237939 0.71297 0.237939 0.710668
0 0.251096 0.708365 0.251096 0.709133 0.25 0.7099 0.25 0.710668 0.248904 0.711435 0.248904 0.713738 0.25 0.713738 0.251096 0.71297 0.251096 0.711435 0.252193 0.710668 0.252193 0.7099 0.251096 0.709133
0 0.370614 0.689179 0.370614 0.691481 0.371711 0.692249 0.371711 0.693016 0.372807 0.693784 0.373904 0.693784 0.373904 0.693016 0.372807 0.692249 0.372807 0.691481 0.371711 0.690714 0.371711 0.689946
0 0.199561 0.676899 0.198465 0.677667 0.198465 0.678434 0.199561 0.678434
0 0.252193 0.668457 0.252193 0.669225 0.251096 0.669992 0.251096 0.673062 0.25 0.67383 0.25 0.676899 0.248904 0.677667 0.248904 0.679969 0.247807 0.680737 0.247807 0.683039 0.246711 0.683807 0.246711 0.685342 0.245614 0.686109 0.245614 0.696086 0.244518 0.696853 0.244518 0.699923 0.243421 0.700691 0.243421 0.701458 0.244518 0.702226 0.244518 0.702993 0.246711 0.704528 0.247807 0.704528 0.248904 0.703761 0.248904 0.702993 0.25 0.702226 0.25 0.700691 0.251096 0.699923 0.251096 0.699156 0.252193 0.698388 0.252193 0.697621 0.253289 0.696853 0.253289 0.694551 0.254386 0.693784 0.254386 0.693016 0.255482 0.692249 0.255482 0.689946 0.256579 0.689179 0.256579 0.686876 0.258772 0.685342 0.258772 0.684574 0.259868 0.683807 0.259868 0.682272 0.260965 0.681504 0.260965 0.679969 0.262061 0.679202 0.262061 0.677667 0.260965 0.676899 0.260965 0.673062 0.259868 0.672295 0.259868 0.669992 0.257675 0.668457
0 0.232456 0.653108 0.23136 0.653876 0.23136 0.654643 0.232456 0.655411 0.232456 0.656178 0.233553 0.656178 0.234649 0.656946 0.236842 0.656946 0.237939 0.656178 0.237939 0.654643 0.236842 0.653876 0.235746 0.653876 0.234649 0.653108
0 0.398026 0.636224 0.398026 0.636992 0.399123 0.637759 0.399123 0.638526 0.400219 0.638526 0.400219 0.637759 0.399123 0.636992 0.399123 0.636224
0 0.26864 0.617805 0.267544 0.618573 0.266447 0.618573 0.264254 0.620107 0.264254 0.623177 0.265351 0.623945 0.265351 0.62548 0.267544 0.627015 0.27193 0.627015 0.274123 0.62548 0.274123 0.620875 0.270833 0.618573 0.269737 0.618573
0 0.365132 0.603223 0.364035 0.603991 0.364035 0.607828 0.362939 0.608596 0.362939 0.611665 0.365132 0.6132 0.365132 0.615503 0.366228 0.61627 0.366228 0.617038 0.367325 0.617805 0.369518 0.617805 0.369518 0.6132 0.368421 0.612433 0.368421 0.607061 0.367325 0.606293 0.367325 0.603991 0.366228 0.603223
0 0.469298 0.597851 0.467105 0.599386 0.469298 0.600921 0.470395 0.600921 0.471491 0.600153 0.471491 0.599386
0 0.452851 0.589409 0.451754 0.590177 0.451754 0.590944 0.452851 0.591711 0.453947 0.591711 0.453947 0.589409
0 0.372807 0.583269 0.371711 0.584037 0.371711 0.586339 0.372807 0.587107 0.375 0.587107 0.375 0.586339 0.376096 0.585572 0.376096 0.584037 0.375 0.583269
0 0.336623 0.582502 0.33443 0.584037 0.33443 0.584804 0.333333 0.585572 0.333333 0.590944 0.332237 0.591711 0.332237 0.594781 0.33114 0.595549 0.33114 0.597851 0.332237 0.598619 0.332237 0.599386 0.333333 0.599386 0.33443 0.600153 0.335526 0.599386 0.335526 0.597084 0.336623 0.596316 0.336623 0.595549 0.335526 0.594781 0.335526 0.593246 0.33443 0.592479 0.33443 0.588642 0.335526 0.587874 0.335526 0.586339 0.336623 0.585572 0.336623 0.583269 0.337719 0.582502
0 0.173246 0.580967 0.171053 0.582502 0.171053 0.584037 0.169956 0.584804 0.169956 0.585572 0.166667 0.587874 0.16557 0.587874 0.16557 0.588642 0.166667 0.587874 0.16886 0.587874 0.16886 0.587107 0.171053 0.585572 0.171053 0.584804 0.172149 0.584037 0.172149 0.583269 0.173246 0.582502
0 0.486842 0.577897 0.485746 0.578665 0.485746 0.5802 0.489035 0.5802 0.489035 0.578665 0.487939 0.577897
0 0.177632 0.577897 0.176535 0.578665 0.180921 0.578665 0.180921 0.577897
0 0.20614 0.571757 0.205044 0.572525 0.20614 0.573292 0.207237 0.572525
0 0.462719 0.57099 0.462719 0.57406 0.460526 0.575595 0.45943 0.575595 0.457237 0.57406 0.45614 0.574827 0.45614 0.57713 0.457237 0.577897 0.458333 0.577897 0.460526 0.579432 0.463816 0.57713 0.464912 0.57713 0.464912 0.574827 0.466009 0.57406 0.466009 0.572525 0.464912 0.571757 0.464912 0.57099
0 0.319079 0.57099 0.317982 0.571757 0.317982 0.57406 0.319079 0.574827 0.320175 0.574827 0.320175 0.57406 0.321272 0.573292 0.321272 0.571757 0.320175 0.57099
0 0.266447 0.570223 0.266447 0.573292 0.267544 0.57406 0.267544 0.574827 0.26864 0.575595 0.26864 0.577897 0.269737 0.578665 0.270833 0.578665 0.273026 0.57713 0.275219 0.57713 0.278509 0.574827 0.278509 0.57406 0.279605 0.573292 0.279605 0.572525 0.278509 0.571757 0.273026 0.571757 0.27193 0.572525 0.270833 0.572525 0.267544 0.570223
0 0.435307 0.567153 0.434211 0.56792 0.434211 0.569455 0.433114 0.570223 0.433114 0.571757 0.434211 0.572525 0.434211 0.573292 0.435307 0.57406 0.435307 0.574827 0.436404 0.575595 0.4375 0.575595 0.438596 0.576362 0.441886 0.576362 0.442982 0.57713 0.445175 0.57713 0.446272 0.576362 0.447368 0.576362 0.448465 0.575595 0.449561 0.575595 0.450658 0.574827 0.450658 0.57406 0.451754 0.573292 0.450658 0.572525 0.450658 0.571757 0.449561 0.57099 0.449561 0.570223 0.447368 0.568688 0.444079 0.568688 0.442982 0.56792 0.440789 0.56792 0.439693 0.567153
0 0.347588 0.560246 0.344298 0.562548 0.344298 0.563315 0.343202 0.564083 0.343202 0.57099 0.344298 0.571757 0.344298 0.572525 0.345395 0.573292 0.345395 0.57406 0.348684 0.57406 0.349781 0.573292 0.350877 0.573292 0.354167 0.57099 0.354167 0.56792 0.35307 0.567153 0.35307 0.566385 0.351974 0.565618 0.351974 0.563315 0.350877 0.562548 0.350877 0.561013 0.349781 0.560246
0 0.413377 0.558711 0.412281 0.559478 0.411184 0.559478 0.407895 0.561781 0.407895 0.56485 0.406798 0.565618 0.407895 0.566385 0.407895 0.567153 0.408991 0.56792 0.408991 0.568688 0.411184 0.570223 0.411184 0.57099 0.413377 0.572525 0.413377 0.573292 0.41557 0.574827 0.416667 0.574827 0.417763 0.575595 0.422149 0.575595 0.422149 0.574827 0.424342 0.573292 0.424342 0.567153 0.423246 0.566385 0.422149 0.566385 0.421053 0.565618 0.419956 0.565618 0.41886 0.566385 0.41557 0.566385 0.414474 0.567153 0.411184 0.567153 0.410088 0.566385 0.410088 0.565618 0.408991 0.56485 0.408991 0.564083 0.411184 0.562548 0.411184 0.561013 0.413377 0.559478
0 0.294956 0.558711 0.292763 0.560246 0.292763 0.563315 0.294956 0.563315 0.296053 0.562548 0.296053 0.559478
0 0.469298 0.556408 0.468202 0.557176 0.468202 0.558711 0.467105 0.559478 0.467105 0.561781 0.466009 0.562548 0.466009 0.56792 0.464912 0.568688 0.466009 0.56792 0.466009 0.566385 0.467105 0.565618 0.467105 0.56485 0.468202 0.564083 0.468202 0.563315 0.469298 0.562548 0.469298 0.561781 0.471491 0.560246 0.471491 0.558711 0.472588 0.557943 0.471491 0.557176 0.471491 0.556408
0 0.321272 0.550269 0.319079 0.551804 0.319079 0.553338 0.321272 0.554873 0.321272 0.555641 0.322368 0.555641 0.323465 0.556408 0.324561 0.556408 0.325658 0.555641 0.325658 0.551804 0.323465 0.550269
0 0.41557 0.545664 0.414474 0.546431 0.413377 0.546431 0.413377 0.549501 0.41557 0.549501 0.416667 0.548734 0.416667 0.547199 0.41557 0.546431
0 0.484649 0.537222 0.483553 0.537989 0.483553 0.538757 0.482456 0.539524 0.482456 0.542594 0.483553 0.543361 0.486842 0.543361 0.486842 0.538757 0.485746 0.537989 0.485746 0.537222
0 0.279605 0.535687 0.280702 0.536454 0.281798 0.536454 0.281798 0.535687
0 0.532895 0.53185 0.532895 0.534152 0.533991 0.534919 0.533991 0.532617
0 0.234649 0.518035 0.233553 0.518803 0.232456 0.518803 0.233553 0.51957 0.234649 0.51957
0 0.257675 0.504988 0.256579 0.505756 0.255482 0.505756 0.255482 0.506523 0.257675 0.508058 0.258772 0.507291 0.258772 0.505756
0 0.313596 0.502686 0.309211 0.505756 0.309211 0.507291 0.308114 0.508058 0.308114 0.508826 0.309211 0.509593 0.309211 0.511128 0.310307 0.511896 0.310307 0.512663 0.313596 0.514965 0.313596 0.515733 0.315789 0.517268 0.315789 0.518803 0.316886 0.51957 0.316886 0.520338 0.317982 0.521105 0.320175 0.51957 0.320175 0.517268 0.321272 0.5165 0.321272 0.514965 0.322368 0.514198 0.322368 0.512663 0.323465 0.511896 0.323465 0.509593 0.324561 0.508826 0.324561 0.506523 0.323465 0.505756 0.323465 0.504988 0.322368 0.504988 0.320175 0.503454 0.319079 0.503454 0.317982 0.502686
0 0.235746 0.500384 0.235746 0.502686 0.237939 0.504221 0.239035 0.504221 0.239035 0.502686 0.237939 0.501919 0.237939 0.501151 0.236842 0.500384
0 0.220395 0.500384 0.219298 0.501151 0.220395 0.501151 0.221491 0.500384
0 0.203947 0.493477 0.202851 0.494244 0.201754 0.494244 0.201754 0.495779 0.201754 0.495012 0.202851 0.494244 0.203947 0.494244 0.205044 0.493477 0.207237 0.493477
0 0.210526 0.491942 0.20943 0.492709 0.212719 0.492709 0.212719 0.491942
0 0.557018 0.48043 0.557018 0.481197 0.558114 0.481197 0.558114 0.48043
0 0.492325 0.478895 0.490132 0.48043 0.490132 0.481197 0.489035 0.481965 0.489035 0.482732 0.485746 0.485035 0.485746 0.485802 0.483553 0.487337 0.483553 0.489639 0.484649 0.490407 0.484649 0.491174 0.485746 0.491942 0.485746 0.493477 0.486842 0.494244 0.489035 0.494244 0.490132 0.493477 0.490132 0.488872 0.491228 0.488104 0.491228 0.486569 0.492325 0.485802 0.492325 0.4835 0.493421 0.482732 0.493421 0.481965 0.494518 0.481197 0.494518 0.479662 0.493421 0.479662
0 0.578947 0.470453 0.580044 0.47122 0.580044 0.471988 0.58114 0.472755 0.58114 0.471988 0.580044 0.47122 0.580044 0.470453
0 0.299342 0.460476 0.298246 0.461243 0.296053 0.461243 0.296053 0.462778 0.297149 0.463546 0.297149 0.464313 0.300439 0.464313 0.300439 0.461243
0 0.285088 0.458941 0.285088 0.459708 0.283991 0.460476 0.285088 0.461243 0.287281 0.461243 0.287281 0.460476 0.288377 0.459708 0.288377 0.458941
0 0.283991 0.452801 0.282895 0.453569 0.281798 0.453569 0.281798 0.455104 0.283991 0.455104 0.285088 0.454336 0.286184 0.454336 0.286184 0.452801
0 0.672149 0.426708 0.672149 0.427475 0.673246 0.427475 0.673246 0.426708
0 0.605263 0.423638 0.605263 0.424405 0.607456 0.424405 0.607456 0.423638
0 0.350877 0.399079 0.350877 0.399847 0.351974 0.400614 0.354167 0.400614 0.354167 0.399079
0 0.642544 0.398312 0.641447 0.399079 0.642544 0.399847 0.642544 0.400614 0.64364 0.400614 0.644737 0.399847 0.64364 0.399079 0.64364 0.398312
0 0.392544 0.391404 0.392544 0.393707 0.394737 0.395242 0.394737 0.396009 0.39693 0.397544 0.399123 0.397544 0.401316 0.396009 0.401316 0.394474 0.398026 0.392172 0.39693 0.392172 0.395833 0.391404
0 0.408991 0.387567 0.408991 0.388335 0.410088 0.389102 0.411184 0.389102 0.412281 0.388335 0.411184 0.387567
0 0.408991 0.369916 0.407895 0.370683 0.406798 0.370683 0.406798 0.37452 0.407895 0.375288 0.410088 0.373753 0.410088 0.370683
0 0.45614 0.366078 0.455044 0.366846 0.453947 0.366846 0.449561 0.369916 0.449561 0.370683 0.447368 0.372218 0.447368 0.373753 0.446272 0.37452 0.446272 0.376823 0.447368 0.37759 0.447368 0.379125 0.448465 0.379893 0.448465 0.381427 0.450658 0.382962 0.450658 0.38373 0.451754 0.384497 0.451754 0.385265 0.452851 0.386032 0.452851 0.3868 0.453947 0.3868 0.455044 0.387567 0.45614 0.3868 0.45614 0.386032 0.455044 0.385265 0.455044 0.37452 0.45614 0.373753 0.45614 0.369916 0.457237 0.369148 0.457237 0.368381 0.458333 0.367613 0.458333 0.366846 0.457237 0.366078
0 0.407895 0.360706 0.406798 0.361474 0.407895 0.361474
0 0.434211 0.347659 0.433114 0.348427 0.433114 0.350729 0.435307 0.350729 0.435307 0.348427
0 0.645833 0.344589 0.644737 0.345357 0.64364 0.345357 0.632675 0.353031 0.631579 0.353031 0.631579 0.353799 0.630482 0.354566 0.630482 0.356101 0.629386 0.356869 0.629386 0.357636 0.628289 0.358404 0.628289 0.362241 0.631579 0.362241 0.632675 0.361474 0.632675 0.359939 0.633772 0.359171 0.633772 0.358404 0.634868 0.357636 0.634868 0.356101 0.645833 0.348427 0.64693 0.348427 0.648026 0.347659 0.648026 0.346892 0.649123 0.346124 0.649123 0.345357 0.648026 0.344589
0 0.489035 0.337682 0.489035 0.33845 0.490132 0.339217 0.490132 0.339985 0.491228 0.340752 0.492325 0.339985 0.490132 0.33845 0.490132 0.337682
0 0.664474 0.333078 0.663377 0.333845 0.663377 0.334612 0.66557 0.334612 0.66557 0.333078
0 0.301535 0.323868 0.301535 0.324635 0.303728 0.324635 0.302632 0.323868
0 0.513158 0.317728 0.513158 0.318496 0.512061 0.319263 0.513158 0.320031 0.513158 0.320798 0.514254 0.320798 0.515351 0.321566 0.517544 0.320031 0.517544 0.318496 0.516447 0.317728
0 0.494518 0.313891 0.493421 0.314658 0.493421 0.315426 0.492325 0.316193 0.496711 0.319263 0.497807 0.318496 0.5 0.318496 0.5 0.316961 0.495614 0.313891
0 0.506579 0.310054 0.505482 0.310821 0.505482 0.313124 0.506579 0.313891 0.509868 0.313891 0.510965 0.313124 0.510965 0.311589 0.508772 0.310054
0 0.307018 0.306984 0.305921 0.307751 0.305921 0.308519 0.307018 0.307751 0.308114 0.307751 0.308114 0.306984
0 0.362939 0.298542 0.361842 0.299309 0.361842 0.300077 0.362939 0.300077 0.364035 0.299309 0.364035 0.298542
0 0.635965 0.297774 0.634868 0.298542 0.634868 0.301612 0.633772 0.302379 0.634868 0.303147 0.634868 0.303914 0.635965 0.304682 0.641447 0.304682 0.641447 0.303914 0.64364 0.302379 0.64364 0.300077 0.641447 0.298542 0.640351 0.298542 0.639254 0.297774
0 0.663377 0.291635 0.662281 0.292402 0.666667 0.295472 0.667763 0.294705 0.669956 0.294705 0.669956 0.29317 0.66886 0.292402 0.666667 0.292402 0.66557 0.291635
0 0.600877 0.2901 0.597588 0.292402 0.597588 0.295472 0.598684 0.295472 0.599781 0.296239 0.601974 0.296239 0.60307 0.295472 0.60307 0.294705 0.604167 0.293937 0.604167 0.29317 0.605263 0.292402 0.605263 0.291635 0.60307 0.2901
0 0.695175 0.285495 0.694079 0.286262 0.692982 0.286262 0.691886 0.28703 0.697368 0.28703 0.698465 0.286262 0.697368 0.285495
0 0.527412 0.285495 0.527412 0.286262 0.526316 0.28703 0.527412 0.287797 0.527412 0.288565 0.529605 0.288565 0.529605 0.28703 0.528509 0.286262 0.528509 0.285495
0 0.601974 0.28396 0.601974 0.284728 0.60307 0.284728 0.60307 0.28396
0 0.405702 0.28396 0.404605 0.284728 0.403509 0.284728 0.402412 0.285495 0.401316 0.285495 0.395833 0.289332 0.395833 0.291635 0.39693 0.292402 0.39693 0.29317 0.398026 0.293937 0.404605 0.293937 0.405702 0.29317 0.406798 0.29317 0.407895 0.292402 0.408991 0.292402 0.410088 0.291635 0.410088 0.289332 0.411184 0.288565 0.411184 0.286262 0.410088 0.285495 0.407895 0.285495
0 0.332237 0.28396 0.333333 0.284728 0.33443 0.284728 0.335526 0.285495 0.335526 0.284728 0.33443 0.284728 0.333333 0.28396
0 0.721491 0.267843 0.720395 0.268611 0.719298 0.268611 0.718202 0.269378 0.717105 0.269378 0.717105 0.270913 0.720395 0.268611 0.722588 0.268611
0 0.385965 0.264006 0.385965 0.264774 0.387061 0.265541 0.385965 0.266309 0.384868 0.266309 0.384868 0.267076 0.383772 0.267843 0.383772 0.269378 0.382675 0.270146 0.382675 0.273216 0.383772 0.273983 0.383772 0.274751 0.384868 0.273983 0.384868 0.270913 0.385965 0.270146 0.385965 0.267843 0.387061 0.267076 0.387061 0.266309 0.388158 0.265541 0.388158 0.264006
0 0.567982 0.260169 0.566886 0.260936 0.566886 0.261704 0.565789 0.262471 0.565789 0.263239 0.564693 0.264006 0.564693 0.264774 0.563596 0.265541 0.563596 0.266309 0.560307 0.268611 0.559211 0.268611 0.557018 0.270146 0.555921 0.270146 0.555921 0.270913 0.554825 0.271681 0.554825 0.272448 0.553728 0.273216 0.553728 0.276285 0.555921 0.27782 0.557018 0.27782 0.558114 0.277053 0.559211 0.277053 0.560307 0.276285 0.560307 0.275518 0.561404 0.274751 0.561404 0.273983 0.563596 0.272448 0.563596 0.271681 0.565789 0.270146 0.565789 0.269378 0.566886 0.268611 0.566886 0.267843 0.567982 0.267076 0.567982 0.266309 0.570175 0.264774 0.570175 0.264006 0.569079 0.263239 0.569079 0.260169
0 0.407895 0.246355 0.406798 0.247122 0.406798 0.247889 0.403509 0.250192 0.403509 0.250959 0.402412 0.251727 0.402412 0.252494 0.401316 0.253262 0.401316 0.254029 0.404605 0.256332 0.406798 0.256332 0.408991 0.254797 0.408991 0.253262 0.406798 0.251727 0.407895 0.250959 0.407895 0.250192 0.408991 0.249424 0.408991 0.248657 0.410088 0.247889
0 0.707237 0.240982 0.70614 0.24175 0.705044 0.24175 0.703947 0.242517 0.702851 0.242517 0.701754 0.243285 0.700658 0.243285 0.703947 0.243285 0.705044 0.242517 0.70614 0.242517 0.708333 0.240982
0 0.649123 0.240982 0.648026 0.24175 0.64693 0.24175 0.64693 0.242517 0.649123 0.244052 0.650219 0.243285 0.655702 0.243285 0.656798 0.242517 0.657895 0.242517 0.657895 0.24175 0.656798 0.240982
0 0.392544 0.224098 0.391447 0.224866 0.392544 0.224866
0 0.355263 0.219493 0.355263 0.220261 0.357456 0.220261 0.35636 0.219493
0 0.417763 0.210284 0.417763 0.211051 0.41886 0.211819 0.41886 0.210284
0 0.692982 0.203377 0.691886 0.204144 0.692982 0.204912 0.694079 0.204912 0.694079 0.204144
0 0.530702 0.19647 0.528509 0.198005 0.528509 0.198772 0.529605 0.198772 0.531798 0.197237
0 0.516447 0.194167 0.516447 0.194935 0.515351 0.195702 0.515351 0.197237 0.516447 0.198005 0.516447 0.198772 0.517544 0.19954 0.520833 0.19954 0.52193 0.198772 0.524123 0.198772 0.524123 0.198005 0.525219 0.197237 0.525219 0.19647 0.524123 0.195702 0.523026 0.195702 0.52193 0.194935 0.520833 0.194935 0.519737 0.194167
0 0.720395 0.18419 0.721491 0.18419 0.722588 0.184958 0.723684 0.184958 0.724781 0.185725 0.72807 0.185725 0.726974 0.184958 0.724781 0.184958 0.723684 0.18419
0 0.541667 0.183423 0.541667 0.18419 0.54057 0.184958 0.54057 0.188028 0.542763 0.189563 0.54386 0.189563 0.544956 0.19033 0.546053 0.19033 0.548246 0.188795 0.548246 0.18419 0.547149 0.183423
0 0.593202 0.158097 0.592105 0.158864 0.589912 0.158864 0.588816 0.159632 0.588816 0.160399 0.587719 0.161167 0.586623 0.161167 0.58443 0.162701 0.578947 0.162701 0.577851 0.163469 0.576754 0.163469 0.576754 0.164236 0.574561 0.165771 0.574561 0.168074 0.573465 0.168841 0.574561 0.169609 0.574561 0.170376 0.575658 0.171144 0.576754 0.171144 0.580044 0.168841 0.580044 0.168074 0.58114 0.167306 0.588816 0.167306 0.589912 0.166539 0.592105 0.166539 0.593202 0.165771 0.594298 0.165771 0.594298 0.165004 0.596491 0.163469 0.596491 0.162701 0.598684 0.161167 0.598684 0.158864 0.597588 0.158097
0 0.654605 0.155794 0.653509 0.156562 0.653509 0.157329 0.654605 0.158097 0.655702 0.158097 0.657895 0.159632 0.660088 0.159632 0.661184 0.158864 0.661184 0.158097 0.657895 0.155794
0 0.672149 0.155027 0.672149 0.156562 0.674342 0.156562 0.674342 0.155027
0 0.512061 0.136608 0.512061 0.137375 0.513158 0.137375
0 0.660088 0.135073 0.660088 0.136608 0.661184 0.136608 0.662281 0.13584 0.661184 0.135073
0 0.673246 0.128933 0.672149 0.129701 0.673246 0.130468 0.674342 0.130468 0.675439 0.129701 0.674342 0.128933
0 0.605263 0.119724 0.604167 0.120491 0.605263 0.121259
0 0.573465 0.117421 0.572368 0.118189 0.573465 0.118956 0.574561 0.118956 0.574561 0.118189
0 0.582237 0.113584 0.58114 0.114351 0.58114 0.115119 0.586623 0.115119 0.586623 0.113584
0 0.645833 0.0928626 0.645833 0.0936301 0.644737 0.0943975 0.645833 0.0943975
