0 0.241228 0.789716 0.240132 0.790483 0.239035 0.790483 0.241228 0.790483
0 0.278509 0.762087 0.277412 0.762855 0.277412 0.765157 0.278509 0.765157 0.278509 0.76439 0.279605 0.763622 0.279605 0.762855
0 0.303728 0.75518 0.303728 0.755948 0.304825 0.755948 0.304825 0.75518
0 0.321272 0.732157 0.321272 0.733691 0.322368 0.734459 0.323465 0.734459 0.323465 0.732157
0 0.384868 0.728319 0.384868 0.729087 0.385965 0.729854 0.385965 0.730622 0.387061 0.731389 0.388158 0.731389 0.389254 0.732157 0.389254 0.730622 0.385965 0.728319
0 0.203947 0.725249 0.203947 0.727552 0.205044 0.728319 0.205044 0.726017
0 0.22807 0.713738 0.224781 0.71604 0.224781 0.716807 0.222588 0.718342 0.222588 0.71911 0.221491 0.719877 0.221491 0.722947 0.220395 0.723715 0.220395 0.724482 0.221491 0.724482 0.223684 0.722947 0.223684 0.72218 0.224781 0.721412 0.224781 0.720645 0.226974 0.71911 0.226974 0.717575 0.22807 0.716807 0.22807 0.71604 0.229167 0.715272 0.229167 0.714505
0 0.244518 0.703761 0.243421 0.704528 0.243421 0.705295 0.244518 0.706063 0.245614 0.705295 0.246711 0.705295 0.246711 0.704528 0.245614 0.704528
0 0.362939 0.679969 0.361842 0.680737 0.362939 0.681504 0.364035 0.681504 0.365132 0.680737 0.364035 0.679969
0 0.20614 0.67383 0.20614 0.675365 0.207237 0.675365 0.207237 0.674597
0 0.411184 0.673062 0.411184 0.67383 0.412281 0.67383
0 0.414474 0.67076 0.41557 0.671527 0.41557 0.67076
0 0.247807 0.660783 0.246711 0.66155 0.246711 0.662318 0.247807 0.663085 0.247807 0.666155 0.248904 0.666922 0.248904 0.66769 0.253289 0.67076 0.256579 0.67076 0.257675 0.669992 0.257675 0.665388 0.255482 0.663853 0.255482 0.663085 0.254386 0.662318 0.254386 0.66155 0.253289 0.660783
0 0.236842 0.652341 0.236842 0.655411 0.237939 0.656178 0.240132 0.656178 0.241228 0.655411 0.241228 0.653108 0.240132 0.652341
0 0.391447 0.632387 0.391447 0.633922 0.39364 0.633922 0.392544 0.633154 0.392544 0.632387
0 0.264254 0.61627 0.262061 0.617805 0.262061 0.62241 0.263158 0.623177 0.263158 0.623945 0.264254 0.624712 0.265351 0.624712 0.266447 0.62548 0.26864 0.62548 0.269737 0.624712 0.270833 0.624712 0.270833 0.61934 0.269737 0.618573 0.269737 0.617805 0.26864 0.617038 0.267544 0.617038 0.266447 0.61627
0 0.197368 0.61627 0.197368 0.617038 0.198465 0.617805 0.198465 0.61627
0 0.219298 0.611665 0.216009 0.613968 0.216009 0.614735 0.214912 0.615503 0.214912 0.61627 0.213816 0.617038 0.213816 0.617805 0.212719 0.618573 0.211623 0.617805 0.20943 0.617805 0.210526 0.618573 0.213816 0.618573 0.216009 0.617038 0.216009 0.615503 0.217105 0.614735 0.217105 0.613968 0.218202 0.6132 0.218202 0.612433
0 0.220395 0.607828 0.220395 0.61013 0.221491 0.61013 0.222588 0.609363 0.222588 0.608596 0.221491 0.607828
0 0.453947 0.595549 0.453947 0.597084 0.455044 0.597851 0.455044 0.598619 0.458333 0.600921 0.458333 0.601688 0.45943 0.602456 0.45943 0.603223 0.458333 0.603991 0.458333 0.604758 0.45943 0.605526 0.462719 0.603223 0.464912 0.603223 0.464912 0.602456 0.466009 0.601688 0.464912 0.600921 0.464912 0.600153 0.463816 0.599386 0.463816 0.598619 0.461623 0.597084 0.458333 0.597084 0.457237 0.596316 0.45614 0.596316 0.455044 0.595549
0 0.234649 0.589409 0.234649 0.590177 0.235746 0.590177 0.235746 0.589409
0 0.501096 0.588642 0.501096 0.590177 0.502193 0.590944 0.502193 0.592479 0.503289 0.592479 0.503289 0.589409 0.502193 0.589409
0 0.370614 0.584804 0.368421 0.586339 0.368421 0.587107 0.367325 0.587874 0.367325 0.590944 0.368421 0.591711 0.368421 0.595549 0.369518 0.596316 0.371711 0.594781 0.371711 0.594014 0.372807 0.593246 0.372807 0.591711 0.373904 0.590944 0.373904 0.587874 0.372807 0.587107 0.372807 0.585572 0.371711 0.584804
0 0.483553 0.583269 0.480263 0.585572 0.479167 0.585572 0.475877 0.587874 0.475877 0.588642 0.474781 0.589409 0.474781 0.590177 0.472588 0.591711 0.472588 0.592479 0.471491 0.593246 0.471491 0.594781 0.472588 0.595549 0.472588 0.596316 0.473684 0.596316 0.474781 0.595549 0.474781 0.594781 0.476974 0.593246 0.476974 0.592479 0.482456 0.588642 0.483553 0.588642 0.483553 0.587874 0.485746 0.586339 0.485746 0.585572 0.486842 0.584804 0.486842 0.584037 0.485746 0.583269
0 0.183114 0.578665 0.183114 0.579432 0.184211 0.5802 0.184211 0.578665
0 0.542763 0.575595 0.542763 0.57713 0.548246 0.57713 0.548246 0.576362 0.546053 0.576362 0.544956 0.575595
0 0.210526 0.572525 0.20943 0.573292 0.210526 0.57406 0.211623 0.57406 0.211623 0.573292
0 0.448465 0.570223 0.447368 0.57099 0.442982 0.57099 0.442982 0.571757 0.441886 0.572525 0.441886 0.575595 0.442982 0.576362 0.442982 0.577897 0.444079 0.578665 0.444079 0.579432 0.446272 0.580967 0.448465 0.580967 0.449561 0.5802 0.452851 0.5802 0.455044 0.578665 0.455044 0.577897 0.45614 0.57713 0.45614 0.575595 0.455044 0.574827 0.455044 0.573292 0.450658 0.570223
0 0.324561 0.570223 0.323465 0.57099 0.322368 0.57099 0.320175 0.572525 0.320175 0.573292 0.322368 0.573292 0.324561 0.571757 0.324561 0.57099 0.325658 0.570223
0 0.41886 0.56792 0.417763 0.568688 0.41557 0.568688 0.41557 0.569455 0.414474 0.570223 0.414474 0.574827 0.41557 0.575595 0.41557 0.576362 0.416667 0.57713 0.417763 0.57713 0.41886 0.577897 0.419956 0.577897 0.421053 0.57713 0.422149 0.57713 0.423246 0.576362 0.423246 0.575595 0.424342 0.574827 0.423246 0.57406 0.423246 0.57099 0.422149 0.570223 0.422149 0.569455 0.421053 0.569455
0 0.291667 0.56485 0.29057 0.565618 0.29057 0.56792 0.288377 0.569455 0.287281 0.569455 0.286184 0.568688 0.283991 0.570223 0.282895 0.570223 0.282895 0.573292 0.283991 0.57406 0.283991 0.574827 0.287281 0.574827 0.288377 0.57406 0.289474 0.57406 0.29057 0.573292 0.29057 0.571757 0.29386 0.569455 0.29386 0.568688 0.294956 0.56792 0.294956 0.56485
0 0.347588 0.562548 0.346491 0.563315 0.345395 0.563315 0.345395 0.564083 0.344298 0.56485 0.344298 0.573292 0.345395 0.57406 0.346491 0.573292 0.347588 0.57406 0.348684 0.57406 0.350877 0.572525 0.351974 0.572525 0.35307 0.571757 0.35307 0.57099 0.354167 0.570223 0.354167 0.56792 0.35307 0.567153 0.35307 0.564083 0.351974 0.563315 0.350877 0.563315 0.349781 0.562548
0 0.325658 0.554106 0.324561 0.554873 0.323465 0.554873 0.322368 0.555641 0.322368 0.556408 0.321272 0.557176 0.321272 0.558711 0.320175 0.559478 0.320175 0.560246 0.319079 0.561013 0.319079 0.561781 0.314693 0.56485 0.314693 0.567153 0.317982 0.567153 0.319079 0.566385 0.320175 0.566385 0.321272 0.565618 0.322368 0.565618 0.327851 0.561781 0.327851 0.560246 0.328947 0.559478 0.328947 0.556408
0 0.586623 0.546431 0.587719 0.547199 0.587719 0.546431
0 0.526316 0.537989 0.527412 0.538757 0.527412 0.540292 0.528509 0.541059 0.529605 0.541059 0.530702 0.541827 0.531798 0.541827 0.531798 0.541059 0.529605 0.539524 0.528509 0.539524
0 0.493421 0.531082 0.492325 0.53185 0.490132 0.53185 0.489035 0.532617 0.489035 0.534919 0.490132 0.534919 0.491228 0.535687 0.492325 0.535687 0.493421 0.534919 0.494518 0.534919 0.494518 0.53185
0 0.275219 0.530315 0.278509 0.532617 0.279605 0.532617 0.277412 0.531082 0.276316 0.531082
0 0.267544 0.530315 0.267544 0.53185 0.26864 0.531082 0.26864 0.530315
0 0.239035 0.5165 0.239035 0.517268 0.240132 0.517268 0.240132 0.5165
0 0.257675 0.508058 0.255482 0.509593 0.254386 0.509593 0.253289 0.510361 0.252193 0.510361 0.251096 0.511128 0.251096 0.511896 0.262061 0.511896 0.262061 0.509593 0.260965 0.508826 0.259868 0.508826 0.258772 0.508058
0 0.3125 0.507291 0.311404 0.508058 0.310307 0.508058 0.309211 0.508826 0.309211 0.511128 0.308114 0.511896 0.308114 0.512663 0.309211 0.513431 0.309211 0.514198 0.311404 0.515733 0.311404 0.5165 0.3125 0.517268 0.3125 0.518035 0.315789 0.520338 0.315789 0.521105 0.316886 0.521873 0.316886 0.52264 0.317982 0.523408 0.319079 0.523408 0.319079 0.521873 0.320175 0.521105 0.320175 0.51957 0.321272 0.518803 0.321272 0.517268 0.322368 0.5165 0.322368 0.512663 0.321272 0.511896 0.321272 0.510361 0.317982 0.508058 0.316886 0.508058 0.315789 0.507291
0 0.486842 0.491942 0.485746 0.492709 0.484649 0.492709 0.484649 0.493477 0.483553 0.494244 0.483553 0.498849 0.485746 0.500384 0.487939 0.500384 0.490132 0.498849 0.490132 0.494244 0.489035 0.493477 0.489035 0.492709 0.487939 0.491942
0 0.230263 0.489639 0.230263 0.490407 0.23136 0.490407 0.23136 0.489639
0 0.557018 0.478895 0.557018 0.48043 0.558114 0.48043 0.559211 0.481197 0.560307 0.48043 0.558114 0.478895
0 0.571272 0.467383 0.571272 0.46815 0.572368 0.468918 0.572368 0.469685 0.573465 0.469685 0.573465 0.468918
0 0.298246 0.461243 0.297149 0.462011 0.298246 0.462778 0.298246 0.464313 0.300439 0.464313 0.301535 0.463546 0.301535 0.462778 0.300439 0.462011 0.300439 0.461243
0 0.29057 0.442824 0.289474 0.443592 0.291667 0.443592 0.291667 0.442824
0 0.650219 0.411358 0.650219 0.412126 0.652412 0.413661 0.652412 0.412893 0.651316 0.412126 0.651316 0.411358
0 0.362939 0.402149 0.362939 0.403684 0.364035 0.404451 0.366228 0.404451 0.366228 0.402149
0 0.661184 0.400614 0.662281 0.401381 0.662281 0.400614
0 0.642544 0.400614 0.642544 0.402149 0.64364 0.402916 0.644737 0.402149 0.644737 0.400614
0 0.411184 0.389102 0.410088 0.38987 0.408991 0.38987 0.407895 0.390637 0.407895 0.391404 0.402412 0.395242 0.402412 0.396777 0.403509 0.397544 0.408991 0.397544 0.413377 0.394474 0.413377 0.38987 0.412281 0.389102
0 0.412281 0.376823 0.412281 0.37759 0.411184 0.378358 0.411184 0.381427 0.412281 0.382195 0.412281 0.382962 0.413377 0.38373 0.413377 0.384497 0.414474 0.384497 0.41557 0.38373 0.41557 0.382962 0.416667 0.382195 0.416667 0.38066 0.41557 0.379893 0.41557 0.378358 0.413377 0.376823
0 0.432018 0.372218 0.432018 0.372985 0.433114 0.373753 0.433114 0.372218
0 0.626096 0.367613 0.626096 0.368381 0.623904 0.369916 0.623904 0.370683 0.622807 0.37145 0.622807 0.372985 0.621711 0.373753 0.621711 0.37452 0.620614 0.375288 0.620614 0.376055 0.620614 0.375288 0.622807 0.373753 0.625 0.373753 0.626096 0.372985 0.627193 0.372985 0.627193 0.372218 0.628289 0.37145 0.628289 0.369148 0.627193 0.368381 0.627193 0.367613
0 0.410088 0.366846 0.410088 0.369916 0.413377 0.369916 0.414474 0.369148 0.413377 0.368381 0.413377 0.367613 0.412281 0.366846
0 0.320175 0.365311 0.317982 0.366846 0.319079 0.367613 0.320175 0.366846
0 0.45614 0.362241 0.453947 0.363776 0.452851 0.363776 0.446272 0.368381 0.446272 0.369916 0.445175 0.370683 0.445175 0.373753 0.446272 0.37452 0.446272 0.375288 0.447368 0.376055 0.447368 0.37759 0.448465 0.378358 0.448465 0.379125 0.449561 0.379893 0.449561 0.38066 0.452851 0.382962 0.452851 0.38373 0.453947 0.384497 0.45614 0.384497 0.457237 0.38373 0.457237 0.38066 0.45614 0.379893 0.45614 0.379125 0.457237 0.378358 0.45614 0.37759 0.45614 0.372985 0.455044 0.372218 0.455044 0.370683 0.45614 0.369916 0.45614 0.365311 0.457237 0.364543 0.457237 0.362241
0 0.390351 0.356101 0.390351 0.356869 0.391447 0.356869 0.392544 0.357636 0.39364 0.357636 0.39364 0.356869 0.392544 0.356869 0.391447 0.356101
0 0.433114 0.353031 0.432018 0.353799 0.432018 0.357636 0.433114 0.357636
0 0.3125 0.346124 0.3125 0.346892 0.313596 0.346892 0.313596 0.346124
0 0.656798 0.342287 0.655702 0.343054 0.653509 0.343054 0.653509 0.343822 0.654605 0.343822 0.655702 0.343054 0.656798 0.343054
0 0.707237 0.336147 0.708333 0.336915 0.708333 0.336147
0 0.29057 0.33538 0.29057 0.336147 0.291667 0.336915 0.292763 0.336147 0.291667 0.33538
0 0.660088 0.33231 0.658991 0.333078 0.658991 0.33538 0.662281 0.33538 0.663377 0.334612 0.663377 0.33231
0 0.304825 0.330008 0.304825 0.33231 0.305921 0.33231 0.305921 0.330008
0 0.514254 0.320798 0.513158 0.321566 0.512061 0.321566 0.512061 0.322333 0.510965 0.323101 0.510965 0.324635 0.514254 0.324635 0.516447 0.323101 0.516447 0.321566 0.515351 0.321566
0 0.501096 0.318496 0.501096 0.319263 0.5 0.320031 0.5 0.320798 0.498904 0.321566 0.498904 0.323101 0.497807 0.323868 0.497807 0.325403 0.496711 0.32617 0.496711 0.327705 0.495614 0.328473 0.495614 0.32924 0.494518 0.330008 0.494518 0.330775 0.493421 0.331543 0.493421 0.33231 0.492325 0.333078 0.492325 0.334612 0.491228 0.33538 0.491228 0.34152 0.492325 0.34152 0.495614 0.339217 0.495614 0.337682 0.497807 0.336147 0.497807 0.33538 0.498904 0.334612 0.498904 0.333845 0.5 0.333078 0.5 0.33231 0.501096 0.331543 0.501096 0.330008 0.502193 0.32924 0.502193 0.328473 0.503289 0.327705 0.503289 0.323101 0.504386 0.322333 0.504386 0.320798 0.503289 0.320031 0.503289 0.318496
0 0.325658 0.312356 0.326754 0.313124 0.330044 0.313124 0.330044 0.312356
0 0.633772 0.296239 0.632675 0.297007 0.630482 0.297007 0.629386 0.297774 0.629386 0.300077 0.633772 0.303147 0.638158 0.303147 0.638158 0.302379 0.639254 0.301612 0.639254 0.300844 0.638158 0.300077 0.638158 0.298542 0.634868 0.296239
0 0.368421 0.295472 0.369518 0.296239 0.369518 0.295472
0 0.591009 0.292402 0.588816 0.293937 0.588816 0.294705 0.587719 0.295472 0.587719 0.296239 0.589912 0.297774 0.589912 0.298542 0.593202 0.298542 0.594298 0.297774 0.595395 0.297774 0.596491 0.297007 0.596491 0.295472 0.595395 0.294705 0.595395 0.293937 0.594298 0.29317 0.593202 0.29317 0.592105 0.292402
0 0.350877 0.289332 0.350877 0.2901 0.35307 0.291635 0.35307 0.2901 0.351974 0.289332
0 0.399123 0.288565 0.398026 0.289332 0.394737 0.289332 0.392544 0.290867 0.392544 0.29317 0.394737 0.294705 0.394737 0.295472 0.395833 0.296239 0.39693 0.296239 0.398026 0.297007 0.400219 0.297007 0.404605 0.293937 0.404605 0.29317 0.405702 0.292402 0.405702 0.2901 0.406798 0.289332 0.405702 0.288565
0 0.609649 0.281658 0.607456 0.283193 0.607456 0.28396 0.608553 0.283193 0.609649 0.283193 0.610746 0.282425 0.610746 0.281658
0 0.33443 0.28089 0.337719 0.283193 0.337719 0.282425 0.335526 0.28089
0 0.555921 0.274751 0.554825 0.275518 0.553728 0.275518 0.552632 0.276285 0.552632 0.277053 0.551535 0.27782 0.551535 0.278588 0.550439 0.279355 0.550439 0.280123 0.549342 0.28089 0.549342 0.281658 0.548246 0.282425 0.548246 0.283193 0.546053 0.284728 0.544956 0.284728 0.535088 0.291635 0.535088 0.29317 0.533991 0.293937 0.533991 0.296239 0.535088 0.297007 0.535088 0.297774 0.537281 0.299309 0.538377 0.299309 0.54057 0.297774 0.54057 0.297007 0.542763 0.295472 0.542763 0.294705 0.54386 0.293937 0.54386 0.29317 0.544956 0.292402 0.546053 0.292402 0.552632 0.287797 0.552632 0.28703 0.553728 0.286262 0.553728 0.285495 0.554825 0.284728 0.554825 0.28396 0.555921 0.283193 0.555921 0.282425 0.557018 0.281658 0.557018 0.280123 0.558114 0.279355 0.558114 0.275518 0.557018 0.274751
0 0.622807 0.273983 0.621711 0.274751 0.621711 0.275518 0.620614 0.276285 0.620614 0.277053 0.625 0.273983
0 0.301535 0.273216 0.301535 0.274751 0.303728 0.274751 0.303728 0.273983 0.302632 0.273216
0 0.401316 0.252494 0.400219 0.253262 0.399123 0.253262 0.398026 0.254029 0.39693 0.254029 0.39693 0.254797 0.394737 0.256332 0.394737 0.257099 0.39364 0.257866 0.39364 0.263239 0.395833 0.264774 0.395833 0.265541 0.39693 0.266309 0.39693 0.267076 0.398026 0.267843 0.400219 0.267843 0.401316 0.267076 0.402412 0.267076 0.402412 0.265541 0.403509 0.264774 0.403509 0.260936 0.404605 0.260169 0.404605 0.253262 0.403509 0.252494
0 0.680921 0.24482 0.680921 0.245587 0.683114 0.245587 0.683114 0.24482
0 0.634868 0.242517 0.634868 0.243285 0.635965 0.244052 0.635965 0.24482 0.638158 0.24482 0.639254 0.244052 0.640351 0.244052 0.639254 0.244052 0.638158 0.243285 0.638158 0.242517
0 0.414474 0.24175 0.413377 0.242517 0.412281 0.242517 0.411184 0.243285 0.411184 0.24482 0.410088 0.245587 0.410088 0.246355 0.411184 0.247122 0.411184 0.247889 0.41557 0.247889 0.416667 0.247122 0.416667 0.246355 0.417763 0.245587 0.417763 0.242517 0.416667 0.242517 0.41557 0.24175
0 0.390351 0.227168 0.390351 0.22947 0.391447 0.22947 0.391447 0.227936
0 0.378289 0.220261 0.380482 0.221796 0.382675 0.221796 0.381579 0.221028 0.379386 0.221028
0 0.417763 0.211819 0.417763 0.213354 0.41886 0.213354 0.41886 0.211819
0 0.690789 0.204912 0.690789 0.205679 0.691886 0.206447 0.692982 0.205679 0.692982 0.204912
0 0.701754 0.19954 0.700658 0.200307 0.700658 0.202609 0.701754 0.202609 0.702851 0.203377 0.703947 0.202609 0.703947 0.201842 0.702851 0.201074 0.702851 0.19954
0 0.711623 0.194167 0.710526 0.194935 0.710526 0.195702 0.711623 0.19647 0.712719 0.19647 0.713816 0.195702 0.713816 0.194935 0.712719 0.194167
0 0.51864 0.191097 0.514254 0.194167 0.514254 0.19647 0.515351 0.19647 0.517544 0.198005 0.520833 0.198005 0.523026 0.19647 0.523026 0.192632 0.520833 0.191097
0 0.509868 0.188795 0.508772 0.189563 0.508772 0.19033 0.509868 0.191097 0.510965 0.191097 0.510965 0.189563
0 0.539474 0.18112 0.538377 0.181888 0.537281 0.181888 0.533991 0.18419 0.533991 0.18726 0.535088 0.18726 0.541667 0.191865 0.542763 0.191865 0.54386 0.191097 0.544956 0.191097 0.546053 0.19033 0.546053 0.189563 0.547149 0.188795 0.547149 0.188028 0.548246 0.18726 0.548246 0.183423 0.547149 0.182655 0.547149 0.181888 0.546053 0.181888 0.544956 0.18112
0 0.574561 0.160399 0.573465 0.161167 0.572368 0.161167 0.571272 0.161934 0.571272 0.162701 0.569079 0.164236 0.569079 0.165771 0.567982 0.166539 0.567982 0.167306 0.565789 0.168841 0.564693 0.168841 0.561404 0.171144 0.560307 0.171144 0.559211 0.171911 0.559211 0.173446 0.558114 0.174213 0.558114 0.174981 0.557018 0.175748 0.557018 0.176516 0.558114 0.177283 0.559211 0.177283 0.560307 0.178051 0.561404 0.178051 0.5625 0.177283 0.563596 0.177283 0.564693 0.176516 0.565789 0.176516 0.566886 0.175748 0.566886 0.174981 0.569079 0.173446 0.569079 0.172678 0.570175 0.171911 0.571272 0.171911 0.571272 0.171144 0.573465 0.169609 0.573465 0.168841 0.576754 0.166539 0.577851 0.166539 0.578947 0.165771 0.578947 0.163469 0.576754 0.161934 0.576754 0.161167 0.575658 0.160399
0 0.468202 0.153492 0.467105 0.154259 0.467105 0.155027 0.468202 0.155794 0.469298 0.155794 0.469298 0.154259
0 0.688596 0.149655 0.6875 0.150422 0.6875 0.15119 0.688596 0.15119 0.689693 0.150422 0.689693 0.149655
0 0.677632 0.149655 0.677632 0.150422 0.676535 0.15119 0.676535 0.152724 0.677632 0.152724 0.678728 0.151957 0.678728 0.15119 0.679825 0.150422 0.678728 0.149655
0 0.510965 0.138143 0.510965 0.13891 0.512061 0.138143
0 0.593202 0.116654 0.592105 0.117421 0.594298 0.118956 0.596491 0.118956 0.597588 0.119724 0.598684 0.118956 0.597588 0.118189 0.597588 0.117421 0.596491 0.116654
0 0.570175 0.116654 0.570175 0.117421 0.571272 0.118189 0.571272 0.116654
0 0.641447 0.103607 0.641447 0.104375 0.640351 0.105142 0.640351 0.105909 0.642544 0.104375 0.642544 0.103607
0 0.580044 0.0913277 0.578947 0.0920952 0.576754 0.0920952 0.577851 0.0928626 0.578947 0.0928626 0.580044 0.0936301
