0 0.246711 0.780507 0.245614 0.781274 0.246711 0.782041
0 0.199561 0.778972 0.200658 0.779739 0.200658 0.778972
0 0.278509 0.756715 0.279605 0.757483 0.279605 0.75825 0.280702 0.75825 0.280702 0.757483 0.279605 0.756715
0 0.322368 0.736761 0.322368 0.739064 0.321272 0.739831 0.317982 0.739831 0.316886 0.740599 0.315789 0.740599 0.3125 0.742901 0.311404 0.742901 0.308114 0.745203 0.308114 0.746738 0.307018 0.747506 0.307018 0.749808 0.308114 0.749808 0.308114 0.748273 0.309211 0.747506 0.309211 0.746738 0.3125 0.744436 0.313596 0.744436 0.314693 0.743668 0.315789 0.743668 0.317982 0.742134 0.317982 0.740599 0.319079 0.739831 0.322368 0.739831 0.323465 0.740599 0.324561 0.740599 0.325658 0.739831 0.325658 0.738296 0.324561 0.737529 0.324561 0.736761
0 0.198465 0.729087 0.198465 0.729854 0.197368 0.730622 0.196272 0.729854 0.196272 0.730622 0.195175 0.731389 0.195175 0.732157 0.196272 0.732157 0.198465 0.730622
0 0.368421 0.712203 0.368421 0.71297 0.367325 0.713738 0.367325 0.714505 0.368421 0.715272 0.368421 0.71604 0.371711 0.718342 0.371711 0.71911 0.372807 0.71911 0.373904 0.719877 0.373904 0.718342 0.372807 0.717575 0.372807 0.716807 0.371711 0.71604 0.371711 0.715272 0.370614 0.714505 0.370614 0.713738 0.369518 0.71297 0.369518 0.712203
0 0.237939 0.708365 0.239035 0.709133 0.239035 0.708365
0 0.219298 0.681504 0.220395 0.682272 0.220395 0.683039 0.221491 0.683807 0.221491 0.683039 0.220395 0.682272 0.220395 0.681504
0 0.364035 0.680737 0.362939 0.681504 0.362939 0.682272 0.364035 0.683039 0.365132 0.683039 0.365132 0.680737
0 0.405702 0.66462 0.405702 0.665388 0.407895 0.666922 0.407895 0.665388 0.406798 0.66462
0 0.226974 0.66462 0.225877 0.665388 0.225877 0.666922 0.22807 0.666922 0.22807 0.66462
0 0.239035 0.649271 0.237939 0.650038 0.235746 0.650038 0.234649 0.650806 0.234649 0.651573 0.232456 0.653108 0.232456 0.653876 0.23136 0.654643 0.23136 0.655411 0.230263 0.656178 0.229167 0.656178 0.230263 0.656946 0.23136 0.656946 0.232456 0.657713 0.235746 0.655411 0.236842 0.655411 0.240132 0.653108 0.241228 0.653108 0.242325 0.653876 0.243421 0.653876 0.244518 0.654643 0.244518 0.655411 0.245614 0.656178 0.245614 0.659248 0.246711 0.660015 0.246711 0.660783 0.247807 0.660783 0.25 0.662318 0.252193 0.662318 0.252193 0.659248 0.251096 0.65848 0.251096 0.654643 0.25 0.653876 0.25 0.653108 0.248904 0.652341 0.248904 0.651573 0.247807 0.651573 0.246711 0.650806 0.243421 0.650806 0.242325 0.650038 0.241228 0.650038 0.240132 0.649271
0 0.219298 0.649271 0.219298 0.652341 0.220395 0.653108 0.221491 0.653108 0.222588 0.652341 0.222588 0.650806 0.220395 0.649271
0 0.391447 0.627015 0.391447 0.629317 0.392544 0.629317 0.392544 0.627015
0 0.434211 0.61934 0.435307 0.620107 0.435307 0.620875 0.436404 0.620875 0.4375 0.621642 0.436404 0.620875 0.436404 0.620107 0.435307 0.620107
0 0.264254 0.615503 0.263158 0.61627 0.262061 0.61627 0.262061 0.617038 0.259868 0.618573 0.259868 0.620107 0.262061 0.621642 0.263158 0.621642 0.264254 0.62241 0.267544 0.62241 0.269737 0.620875 0.269737 0.618573 0.26864 0.617805 0.26864 0.617038 0.267544 0.617038 0.265351 0.615503
0 0.434211 0.611665 0.432018 0.6132 0.432018 0.613968 0.430921 0.614735 0.429825 0.614735 0.428728 0.615503 0.429825 0.61627 0.430921 0.61627 0.430921 0.615503 0.432018 0.614735 0.433114 0.614735 0.433114 0.613968 0.434211 0.6132
0 0.455044 0.61013 0.45614 0.610898 0.45614 0.61013
0 0.520833 0.604758 0.520833 0.605526 0.52193 0.605526
0 0.222588 0.600921 0.222588 0.603223 0.223684 0.603991 0.224781 0.603991 0.224781 0.602456 0.223684 0.601688 0.223684 0.600921
0 0.45943 0.595549 0.45943 0.596316 0.458333 0.597084 0.458333 0.597851 0.45943 0.598619 0.45943 0.599386 0.460526 0.600153 0.461623 0.600153 0.462719 0.600921 0.463816 0.600921 0.466009 0.599386 0.466009 0.597084 0.463816 0.595549
0 0.508772 0.593246 0.507675 0.594014 0.509868 0.595549 0.510965 0.594781 0.512061 0.594781 0.513158 0.595549 0.513158 0.597084 0.514254 0.597084 0.514254 0.596316 0.510965 0.594014 0.509868 0.594014
0 0.233553 0.590944 0.234649 0.591711 0.235746 0.591711 0.234649 0.590944
0 0.368421 0.584037 0.366228 0.585572 0.366228 0.587874 0.368421 0.589409 0.371711 0.589409 0.372807 0.588642 0.372807 0.586339 0.371711 0.585572 0.371711 0.584804 0.370614 0.584037
0 0.218202 0.575595 0.218202 0.576362 0.219298 0.57713 0.219298 0.575595
0 0.192982 0.575595 0.188596 0.578665 0.188596 0.579432 0.190789 0.579432 0.191886 0.578665 0.191886 0.57713 0.192982 0.576362
0 0.448465 0.574827 0.448465 0.579432 0.447368 0.5802 0.447368 0.584804 0.449561 0.586339 0.451754 0.586339 0.452851 0.585572 0.453947 0.585572 0.455044 0.584804 0.455044 0.584037 0.45614 0.583269 0.45614 0.582502 0.457237 0.581734 0.457237 0.5802 0.45614 0.579432 0.45614 0.578665 0.455044 0.577897 0.452851 0.577897 0.450658 0.576362 0.449561 0.576362 0.448465 0.575595
0 0.527412 0.571757 0.529605 0.573292 0.529605 0.571757
0 0.29057 0.570223 0.29057 0.57099 0.289474 0.571757 0.289474 0.574827 0.29057 0.575595 0.29057 0.576362 0.291667 0.57713 0.296053 0.57713 0.297149 0.576362 0.297149 0.573292 0.29386 0.57099 0.291667 0.57099
0 0.309211 0.567153 0.307018 0.568688 0.305921 0.568688 0.303728 0.570223 0.303728 0.572525 0.304825 0.573292 0.304825 0.57406 0.305921 0.574827 0.308114 0.574827 0.309211 0.57406 0.310307 0.57406 0.311404 0.573292 0.313596 0.573292 0.315789 0.571757 0.315789 0.57099 0.316886 0.570223 0.3125 0.567153
0 0.414474 0.565618 0.410088 0.568688 0.410088 0.571757 0.411184 0.572525 0.411184 0.573292 0.412281 0.57406 0.412281 0.574827 0.414474 0.576362 0.41886 0.576362 0.421053 0.574827 0.422149 0.574827 0.422149 0.570223 0.421053 0.569455 0.421053 0.568688 0.419956 0.56792 0.419956 0.567153 0.41886 0.567153 0.417763 0.566385 0.416667 0.566385 0.41557 0.565618
0 0.346491 0.565618 0.346491 0.566385 0.345395 0.567153 0.345395 0.568688 0.344298 0.569455 0.344298 0.571757 0.345395 0.572525 0.345395 0.57406 0.346491 0.57406 0.347588 0.574827 0.348684 0.574827 0.349781 0.57406 0.350877 0.57406 0.351974 0.573292 0.35307 0.573292 0.355263 0.571757 0.355263 0.570223 0.35636 0.569455 0.35636 0.56792 0.35307 0.565618
0 0.324561 0.551804 0.322368 0.553338 0.322368 0.558711 0.323465 0.558711 0.324561 0.559478 0.327851 0.559478 0.328947 0.558711 0.328947 0.556408 0.330044 0.555641 0.330044 0.552571 0.328947 0.551804
0 0.294956 0.545664 0.294956 0.547199 0.296053 0.547966 0.296053 0.548734 0.297149 0.548734 0.298246 0.547966 0.298246 0.547199 0.297149 0.546431 0.297149 0.545664
0 0.578947 0.541827 0.578947 0.542594 0.580044 0.543361 0.582237 0.543361 0.58114 0.542594 0.580044 0.542594
0 0.5 0.537222 0.5 0.538757 0.501096 0.538757 0.501096 0.537222
0 0.527412 0.532617 0.527412 0.534919 0.528509 0.534919 0.529605 0.534152 0.529605 0.532617
0 0.291667 0.517268 0.29057 0.518035 0.29057 0.51957 0.289474 0.520338 0.289474 0.521873 0.291667 0.523408 0.291667 0.524175 0.296053 0.527245 0.296053 0.528012 0.297149 0.528012 0.301535 0.531082 0.302632 0.531082 0.303728 0.53185 0.305921 0.53185 0.305921 0.531082 0.307018 0.530315 0.307018 0.529547 0.305921 0.52878 0.305921 0.527245 0.303728 0.52571 0.303728 0.524942 0.298246 0.521105 0.298246 0.520338 0.297149 0.520338 0.292763 0.517268
0 0.241228 0.515733 0.241228 0.5165 0.242325 0.517268 0.243421 0.5165 0.242325 0.515733
0 0.265351 0.511896 0.265351 0.514965 0.266447 0.515733 0.266447 0.5165 0.267544 0.5165 0.26864 0.517268 0.269737 0.5165 0.270833 0.5165 0.270833 0.513431 0.26864 0.511896
0 0.315789 0.509593 0.314693 0.510361 0.3125 0.510361 0.311404 0.511128 0.310307 0.511128 0.309211 0.511896 0.309211 0.513431 0.308114 0.514198 0.310307 0.515733 0.310307 0.517268 0.311404 0.518035 0.311404 0.51957 0.315789 0.52264 0.315789 0.523408 0.316886 0.524175 0.317982 0.524175 0.319079 0.524942 0.320175 0.524942 0.320175 0.524175 0.321272 0.523408 0.321272 0.512663 0.317982 0.510361 0.316886 0.510361
0 0.48136 0.495012 0.480263 0.495779 0.475877 0.495779 0.473684 0.497314 0.473684 0.498849 0.469298 0.501919 0.467105 0.501919 0.466009 0.501151 0.464912 0.501151 0.463816 0.501919 0.461623 0.501919 0.451754 0.508826 0.451754 0.509593 0.450658 0.510361 0.450658 0.511128 0.449561 0.511896 0.449561 0.512663 0.448465 0.513431 0.448465 0.514965 0.447368 0.515733 0.447368 0.518803 0.448465 0.518035 0.450658 0.518035 0.451754 0.517268 0.452851 0.517268 0.453947 0.5165 0.455044 0.5165 0.458333 0.514198 0.458333 0.513431 0.460526 0.511896 0.461623 0.511896 0.464912 0.509593 0.466009 0.509593 0.467105 0.508826 0.468202 0.508826 0.469298 0.508058 0.473684 0.508058 0.474781 0.507291 0.475877 0.507291 0.475877 0.506523 0.476974 0.505756 0.476974 0.504988 0.479167 0.503454 0.485746 0.503454 0.487939 0.501919 0.487939 0.501151 0.489035 0.500384 0.489035 0.497314 0.487939 0.496546 0.487939 0.495779 0.485746 0.495779 0.484649 0.495012
0 0.585526 0.471988 0.585526 0.472755 0.586623 0.471988
0 0.544956 0.46815 0.544956 0.468918 0.54386 0.469685 0.546053 0.47122 0.546053 0.468918
0 0.566886 0.465848 0.565789 0.466616 0.566886 0.467383 0.567982 0.467383 0.567982 0.466616
0 0.300439 0.463546 0.300439 0.465081 0.302632 0.466616 0.303728 0.466616 0.304825 0.465848 0.304825 0.465081 0.302632 0.463546
0 0.294956 0.445127 0.294956 0.445894 0.296053 0.445894 0.296053 0.445127
0 0.6875 0.414428 0.6875 0.415196 0.688596 0.415963 0.688596 0.415196
0 0.634868 0.402916 0.633772 0.403684 0.631579 0.403684 0.630482 0.404451 0.629386 0.404451 0.628289 0.405219 0.628289 0.405986 0.627193 0.406754 0.627193 0.408289 0.629386 0.408289 0.630482 0.407521 0.632675 0.407521 0.633772 0.406754 0.634868 0.406754 0.635965 0.405986 0.638158 0.405986 0.639254 0.405219 0.639254 0.404451 0.638158 0.403684 0.638158 0.402916
0 0.371711 0.402916 0.371711 0.405219 0.373904 0.405219 0.373904 0.402916
0 0.343202 0.402149 0.343202 0.402916 0.344298 0.403684 0.344298 0.402916
0 0.711623 0.399847 0.711623 0.400614 0.714912 0.400614 0.714912 0.399847
0 0.413377 0.394474 0.412281 0.395242 0.411184 0.395242 0.411184 0.396009 0.410088 0.396777 0.410088 0.398312 0.408991 0.399079 0.41557 0.399079 0.41886 0.396777 0.41886 0.396009 0.419956 0.395242 0.41886 0.394474
0 0.64693 0.388335 0.645833 0.389102 0.64693 0.38987
0 0.313596 0.388335 0.313596 0.38987 0.314693 0.389102 0.314693 0.388335
0 0.617325 0.37759 0.615132 0.379125 0.615132 0.379893 0.616228 0.38066 0.615132 0.381427 0.617325 0.382962 0.619518 0.382962 0.621711 0.381427 0.621711 0.37759
0 0.328947 0.364543 0.328947 0.365311 0.33114 0.365311 0.33114 0.364543
0 0.432018 0.363008 0.432018 0.365311 0.434211 0.366846 0.434211 0.366078 0.435307 0.365311 0.435307 0.363776 0.434211 0.363776 0.433114 0.363008
0 0.407895 0.363008 0.408991 0.363776 0.410088 0.363776 0.408991 0.363008
0 0.457237 0.358404 0.45614 0.359171 0.455044 0.359171 0.452851 0.360706 0.451754 0.360706 0.449561 0.362241 0.448465 0.362241 0.447368 0.363008 0.447368 0.363776 0.446272 0.364543 0.446272 0.365311 0.445175 0.366078 0.445175 0.369148 0.446272 0.369916 0.446272 0.372218 0.447368 0.372985 0.447368 0.373753 0.448465 0.37452 0.448465 0.375288 0.449561 0.376055 0.449561 0.376823 0.455044 0.38066 0.45614 0.38066 0.457237 0.381427 0.457237 0.379893 0.458333 0.379125 0.458333 0.376055 0.45943 0.375288 0.458333 0.37452 0.458333 0.372218 0.457237 0.37145 0.457237 0.369148 0.45614 0.368381 0.457237 0.367613 0.457237 0.366078 0.45614 0.365311 0.45614 0.364543 0.457237 0.363776
0 0.325658 0.346892 0.324561 0.347659 0.324561 0.348427 0.325658 0.348427 0.326754 0.347659 0.326754 0.346892
0 0.307018 0.339985 0.307018 0.340752 0.308114 0.340752
0 0.310307 0.336915 0.310307 0.33845 0.311404 0.339217 0.3125 0.339217 0.3125 0.337682 0.311404 0.336915
0 0.493421 0.33538 0.492325 0.336147 0.491228 0.336147 0.491228 0.337682 0.490132 0.33845 0.490132 0.342287 0.492325 0.343822 0.493421 0.343822 0.495614 0.342287 0.495614 0.34152 0.496711 0.340752 0.496711 0.33845 0.497807 0.337682 0.496711 0.336915 0.496711 0.336147 0.495614 0.33538
0 0.699561 0.333845 0.699561 0.334612 0.700658 0.33538 0.701754 0.33538
0 0.663377 0.32924 0.662281 0.330008 0.662281 0.330775 0.663377 0.331543 0.66557 0.331543 0.66557 0.330008 0.664474 0.32924
0 0.685307 0.327705 0.684211 0.328473 0.684211 0.32924 0.686404 0.32924 0.686404 0.328473
0 0.505482 0.327705 0.503289 0.32924 0.503289 0.330008 0.502193 0.330775 0.502193 0.333845 0.504386 0.333845 0.506579 0.33231 0.506579 0.331543 0.507675 0.330775 0.507675 0.330008 0.509868 0.328473 0.508772 0.327705
0 0.300439 0.318496 0.299342 0.319263 0.299342 0.320031 0.300439 0.320031 0.301535 0.319263 0.302632 0.319263 0.303728 0.318496
0 0.301535 0.312356 0.302632 0.313124 0.303728 0.313124 0.304825 0.313891 0.304825 0.313124 0.303728 0.313124 0.302632 0.312356
0 0.348684 0.307751 0.348684 0.309286 0.349781 0.308519
0 0.578947 0.305449 0.58114 0.306984 0.58114 0.306216 0.582237 0.305449
0 0.625 0.297774 0.623904 0.298542 0.623904 0.299309 0.621711 0.300844 0.620614 0.300844 0.617325 0.303147 0.616228 0.303147 0.615132 0.303914 0.611842 0.303914 0.610746 0.304682 0.609649 0.304682 0.608553 0.305449 0.60307 0.305449 0.601974 0.306216 0.599781 0.306216 0.598684 0.306984 0.597588 0.306984 0.596491 0.307751 0.595395 0.307751 0.594298 0.308519 0.588816 0.308519 0.587719 0.309286 0.583333 0.309286 0.582237 0.308519 0.58114 0.309286 0.58114 0.310054 0.580044 0.310821 0.580044 0.312356 0.582237 0.313891 0.588816 0.313891 0.588816 0.313124 0.589912 0.312356 0.589912 0.310821 0.591009 0.310054 0.592105 0.310821 0.600877 0.310821 0.601974 0.311589 0.607456 0.311589 0.610746 0.309286 0.611842 0.309286 0.612939 0.308519 0.614035 0.308519 0.615132 0.307751 0.619518 0.307751 0.621711 0.306216 0.625 0.306216 0.625 0.304682 0.627193 0.303147 0.628289 0.303147 0.630482 0.301612 0.630482 0.300844 0.629386 0.300077 0.629386 0.299309 0.627193 0.297774
0 0.367325 0.297774 0.367325 0.298542 0.368421 0.298542 0.368421 0.297774
0 0.536184 0.295472 0.536184 0.296239 0.532895 0.298542 0.532895 0.299309 0.530702 0.300844 0.530702 0.302379 0.529605 0.303147 0.529605 0.305449 0.530702 0.306216 0.531798 0.306216 0.532895 0.306984 0.533991 0.306216 0.535088 0.306216 0.536184 0.305449 0.536184 0.304682 0.537281 0.303914 0.537281 0.301612 0.538377 0.300844 0.538377 0.297007 0.537281 0.296239 0.537281 0.295472
0 0.583333 0.292402 0.582237 0.29317 0.582237 0.293937 0.58114 0.294705 0.58114 0.297007 0.582237 0.297774 0.585526 0.297774 0.587719 0.296239 0.587719 0.293937 0.585526 0.292402
0 0.355263 0.291635 0.355263 0.29317 0.35636 0.29317 0.35636 0.291635
0 0.390351 0.281658 0.389254 0.282425 0.389254 0.283193 0.387061 0.284728 0.387061 0.28703 0.388158 0.287797 0.388158 0.290867 0.389254 0.291635 0.389254 0.29317 0.390351 0.293937 0.390351 0.295472 0.39364 0.297774 0.394737 0.297774 0.395833 0.298542 0.399123 0.298542 0.401316 0.297007 0.401316 0.296239 0.402412 0.295472 0.402412 0.29317 0.398026 0.2901 0.398026 0.285495 0.399123 0.284728 0.398026 0.28396 0.398026 0.283193 0.395833 0.281658
0 0.39693 0.270913 0.395833 0.271681 0.395833 0.272448 0.394737 0.273216 0.394737 0.274751 0.39364 0.275518 0.39364 0.276285 0.392544 0.277053 0.392544 0.278588 0.395833 0.278588 0.39693 0.27782 0.398026 0.278588 0.400219 0.278588 0.401316 0.27782 0.401316 0.276285 0.400219 0.275518 0.400219 0.274751 0.401316 0.273983 0.400219 0.273216 0.400219 0.272448 0.398026 0.270913
0 0.667763 0.250192 0.667763 0.251727 0.66886 0.251727 0.669956 0.250959 0.669956 0.250192
0 0.635965 0.247889 0.634868 0.248657 0.633772 0.248657 0.633772 0.252494 0.634868 0.253262 0.635965 0.253262 0.635965 0.252494 0.637061 0.251727 0.637061 0.248657
0 0.413377 0.236378 0.413377 0.23868 0.412281 0.239447 0.412281 0.243285 0.413377 0.244052 0.41557 0.244052 0.417763 0.242517 0.417763 0.240982 0.41886 0.240215 0.41886 0.237145 0.417763 0.236378
0 0.39364 0.231773 0.39364 0.23254 0.398026 0.23561 0.400219 0.234075 0.401316 0.234075 0.401316 0.233308 0.400219 0.23254 0.398026 0.23254 0.39693 0.231773
0 0.711623 0.226401 0.710526 0.227168 0.711623 0.227168
0 0.6875 0.222563 0.6875 0.223331 0.688596 0.224098 0.688596 0.224866 0.689693 0.225633 0.690789 0.225633 0.690789 0.223331 0.688596 0.223331
0 0.380482 0.220261 0.379386 0.221028 0.380482 0.221028
0 0.410088 0.211819 0.410088 0.212586 0.411184 0.213354 0.414474 0.213354 0.414474 0.211819
0 0.375 0.211051 0.376096 0.211819 0.375 0.212586 0.377193 0.212586 0.377193 0.211819 0.376096 0.211051
0 0.669956 0.207982 0.669956 0.208749 0.66886 0.209517 0.66886 0.211051 0.667763 0.211819 0.667763 0.213354 0.666667 0.214121 0.666667 0.215656 0.66557 0.216424 0.66557 0.222563 0.66886 0.224866 0.66886 0.225633 0.671053 0.227168 0.672149 0.227168 0.673246 0.227936 0.677632 0.227936 0.678728 0.228703 0.679825 0.228703 0.680921 0.227936 0.680921 0.227168 0.679825 0.226401 0.679825 0.225633 0.678728 0.224866 0.678728 0.224098 0.677632 0.224098 0.676535 0.223331 0.673246 0.223331 0.672149 0.222563 0.671053 0.222563 0.667763 0.220261 0.667763 0.214889 0.66886 0.214121 0.66886 0.213354 0.669956 0.212586 0.669956 0.211051 0.671053 0.210284 0.671053 0.209517 0.669956 0.208749
0 0.692982 0.205679 0.691886 0.206447 0.690789 0.206447 0.689693 0.207214 0.6875 0.207214 0.686404 0.207982 0.685307 0.207982 0.684211 0.208749 0.684211 0.209517 0.683114 0.210284 0.683114 0.211819 0.680921 0.213354 0.680921 0.214121 0.682018 0.214889 0.682018 0.217959 0.683114 0.217959 0.683114 0.212586 0.684211 0.211819 0.685307 0.211819 0.6875 0.210284 0.688596 0.210284 0.689693 0.209517 0.690789 0.209517 0.692982 0.207982 0.694079 0.207982 0.695175 0.207214 0.696272 0.207214 0.697368 0.206447 0.697368 0.205679
0 0.723684 0.19033 0.721491 0.191865 0.721491 0.192632 0.723684 0.192632 0.725877 0.191097 0.725877 0.19033
0 0.736842 0.182655 0.736842 0.183423 0.740132 0.183423 0.739035 0.182655
0 0.509868 0.18112 0.509868 0.181888 0.510965 0.181888 0.510965 0.18112
0 0.591009 0.165771 0.589912 0.166539 0.589912 0.167306 0.588816 0.168074 0.588816 0.168841 0.591009 0.168841 0.593202 0.167306 0.593202 0.165771
0 0.470395 0.159632 0.470395 0.161167 0.471491 0.161167 0.471491 0.160399
0 0.591009 0.146585 0.586623 0.149655 0.585526 0.149655 0.58443 0.150422 0.583333 0.150422 0.582237 0.15119 0.58114 0.15119 0.58114 0.151957 0.578947 0.153492 0.578947 0.154259 0.575658 0.156562 0.575658 0.157329 0.573465 0.158864 0.573465 0.159632 0.572368 0.160399 0.572368 0.161167 0.571272 0.161934 0.571272 0.162701 0.570175 0.163469 0.570175 0.164236 0.569079 0.165004 0.569079 0.166539 0.567982 0.167306 0.567982 0.168841 0.566886 0.169609 0.566886 0.170376 0.565789 0.171144 0.565789 0.172678 0.564693 0.173446 0.563596 0.173446 0.5625 0.174213 0.559211 0.174213 0.558114 0.174981 0.557018 0.174981 0.555921 0.175748 0.550439 0.175748 0.549342 0.176516 0.548246 0.176516 0.548246 0.177283 0.54386 0.180353 0.54057 0.180353 0.539474 0.18112 0.535088 0.18112 0.533991 0.180353 0.531798 0.180353 0.529605 0.181888 0.530702 0.182655 0.529605 0.183423 0.527412 0.183423 0.525219 0.184958 0.524123 0.184958 0.523026 0.185725 0.52193 0.185725 0.520833 0.186493 0.519737 0.186493 0.517544 0.188028 0.516447 0.188028 0.514254 0.189563 0.514254 0.19033 0.513158 0.191097 0.513158 0.194935 0.514254 0.195702 0.527412 0.195702 0.527412 0.194167 0.529605 0.192632 0.530702 0.192632 0.531798 0.191865 0.532895 0.191865 0.535088 0.19033 0.536184 0.19033 0.537281 0.189563 0.538377 0.189563 0.541667 0.18726 0.542763 0.18726 0.54386 0.186493 0.546053 0.186493 0.548246 0.184958 0.549342 0.184958 0.550439 0.18419 0.551535 0.18419 0.554825 0.181888 0.555921 0.181888 0.560307 0.178818 0.561404 0.178818 0.565789 0.175748 0.565789 0.174213 0.567982 0.172678 0.569079 0.172678 0.571272 0.171144 0.572368 0.171144 0.573465 0.170376 0.574561 0.170376 0.577851 0.168074 0.577851 0.167306 0.578947 0.166539 0.580044 0.166539 0.58114 0.165771 0.582237 0.165771 0.583333 0.165004 0.583333 0.164236 0.585526 0.162701 0.585526 0.160399 0.587719 0.158864 0.587719 0.158097 0.592105 0.155027 0.592105 0.154259 0.594298 0.152724 0.594298 0.151957 0.595395 0.15119 0.595395 0.148887 0.597588 0.147352 0.595395 0.147352 0.594298 0.146585
0 0.514254 0.146585 0.514254 0.149655 0.515351 0.149655 0.515351 0.14812 0.514254 0.147352
0 0.677632 0.140445 0.676535 0.141213 0.677632 0.141213
0 0.620614 0.135073 0.619518 0.13584 0.619518 0.136608 0.620614 0.136608 0.622807 0.138143 0.625 0.138143 0.625 0.137375 0.623904 0.136608 0.623904 0.13584 0.622807 0.135073
0 0.601974 0.133538 0.600877 0.134305 0.601974 0.135073 0.60307 0.135073 0.604167 0.13584 0.605263 0.13584 0.607456 0.137375 0.607456 0.138143 0.609649 0.139678 0.609649 0.141213 0.612939 0.141213 0.614035 0.140445 0.614035 0.13891 0.615132 0.138143 0.615132 0.137375 0.616228 0.136608 0.616228 0.135073 0.615132 0.135073 0.614035 0.13584 0.609649 0.13584 0.60636 0.133538
0 0.596491 0.123561 0.596491 0.125863 0.597588 0.125863 0.598684 0.126631 0.599781 0.126631 0.599781 0.123561
0 0.634868 0.114351 0.633772 0.115119 0.633772 0.115886 0.632675 0.116654 0.632675 0.117421 0.633772 0.117421 0.635965 0.115886 0.635965 0.114351
0 0.663377 0.0905602 0.663377 0.0913277 0.664474 0.0913277 0.664474 0.0905602
