0 0.33443 0.781274 0.335526 0.782041 0.337719 0.782041 0.336623 0.781274
0 0.242325 0.773599 0.242325 0.774367 0.243421 0.774367 0.243421 0.773599
0 0.280702 0.755948 0.280702 0.757483 0.281798 0.757483 0.282895 0.756715 0.281798 0.755948
0 0.325658 0.741366 0.325658 0.742134 0.324561 0.742901 0.324561 0.743668 0.326754 0.745203 0.327851 0.744436 0.328947 0.744436 0.328947 0.742134 0.327851 0.742134 0.326754 0.741366
0 0.191886 0.735994 0.191886 0.736761 0.192982 0.735994
0 0.234649 0.708365 0.234649 0.709133 0.235746 0.7099 0.235746 0.709133
0 0.368421 0.681504 0.367325 0.682272 0.366228 0.682272 0.366228 0.683039 0.367325 0.683807 0.367325 0.684574 0.368421 0.685342 0.368421 0.686109 0.367325 0.686876 0.367325 0.693016 0.368421 0.693784 0.368421 0.694551 0.366228 0.696086 0.366228 0.697621 0.365132 0.698388 0.365132 0.702226 0.366228 0.702993 0.367325 0.702226 0.367325 0.701458 0.368421 0.700691 0.368421 0.698388 0.369518 0.697621 0.369518 0.682272
0 0.400219 0.655411 0.400219 0.657713 0.401316 0.65848 0.403509 0.65848 0.403509 0.657713 0.402412 0.656946 0.401316 0.656946 0.400219 0.656178
0 0.210526 0.643899 0.20943 0.644666 0.208333 0.644666 0.208333 0.645434 0.20943 0.646201 0.210526 0.646201 0.211623 0.645434 0.214912 0.645434 0.214912 0.644666 0.212719 0.644666 0.211623 0.643899
0 0.259868 0.638526 0.259868 0.640061 0.258772 0.640829 0.258772 0.641596 0.256579 0.643131 0.256579 0.643899 0.255482 0.644666 0.255482 0.646969 0.254386 0.647736 0.253289 0.646969 0.253289 0.646201 0.252193 0.646201 0.252193 0.646969 0.251096 0.647736 0.251096 0.648503 0.247807 0.650806 0.245614 0.650806 0.244518 0.651573 0.244518 0.653108 0.246711 0.654643 0.251096 0.654643 0.25 0.654643 0.248904 0.653876 0.248904 0.652341 0.25 0.651573 0.251096 0.652341 0.252193 0.652341 0.253289 0.653108 0.255482 0.653108 0.256579 0.652341 0.256579 0.651573 0.257675 0.650806 0.257675 0.650038 0.258772 0.649271 0.259868 0.649271 0.262061 0.647736 0.262061 0.646969 0.263158 0.646201 0.263158 0.640061 0.262061 0.639294 0.262061 0.638526
0 0.5 0.633154 0.498904 0.633922 0.5 0.634689 0.502193 0.634689 0.503289 0.633922 0.504386 0.633922 0.504386 0.633154
0 0.390351 0.62241 0.391447 0.623177 0.391447 0.623945 0.392544 0.623945 0.392544 0.62241
0 0.259868 0.61627 0.258772 0.617038 0.258772 0.617805 0.257675 0.618573 0.257675 0.621642 0.258772 0.62241 0.264254 0.62241 0.265351 0.621642 0.266447 0.621642 0.267544 0.620875 0.267544 0.620107 0.26864 0.61934 0.26864 0.618573 0.267544 0.617805 0.267544 0.617038 0.266447 0.61627 0.264254 0.61627 0.265351 0.617038 0.262061 0.61934 0.260965 0.618573 0.259868 0.61934 0.258772 0.618573 0.258772 0.617805 0.260965 0.61627 0.262061 0.61627
0 0.517544 0.602456 0.517544 0.603223 0.519737 0.603223 0.51864 0.602456
0 0.222588 0.590177 0.221491 0.590944 0.222588 0.591711 0.222588 0.592479 0.223684 0.593246 0.224781 0.593246 0.225877 0.592479 0.224781 0.591711 0.224781 0.590944 0.223684 0.590177
0 0.369518 0.583269 0.367325 0.584804 0.367325 0.587874 0.368421 0.588642 0.371711 0.588642 0.372807 0.587874 0.372807 0.584037 0.371711 0.583269
0 0.217105 0.573292 0.217105 0.574827 0.218202 0.574827 0.217105 0.57406
0 0.483553 0.572525 0.482456 0.573292 0.480263 0.573292 0.47807 0.574827 0.476974 0.574827 0.476974 0.575595 0.473684 0.577897 0.473684 0.581734 0.474781 0.582502 0.474781 0.583269 0.475877 0.584037 0.475877 0.584804 0.474781 0.585572 0.472588 0.585572 0.468202 0.588642 0.468202 0.590944 0.467105 0.591711 0.466009 0.591711 0.463816 0.590177 0.462719 0.590177 0.461623 0.589409 0.461623 0.588642 0.460526 0.587874 0.460526 0.587107 0.458333 0.585572 0.458333 0.584804 0.457237 0.584804 0.45614 0.584037 0.452851 0.584037 0.450658 0.585572 0.450658 0.587874 0.449561 0.588642 0.449561 0.590944 0.450658 0.591711 0.450658 0.592479 0.451754 0.592479 0.453947 0.594014 0.455044 0.594014 0.45614 0.594781 0.457237 0.594781 0.458333 0.595549 0.458333 0.596316 0.45943 0.596316 0.460526 0.597084 0.461623 0.597084 0.462719 0.597851 0.463816 0.597084 0.464912 0.597084 0.466009 0.596316 0.466009 0.595549 0.469298 0.593246 0.470395 0.593246 0.472588 0.591711 0.472588 0.590177 0.473684 0.589409 0.474781 0.589409 0.474781 0.588642 0.475877 0.587874 0.475877 0.587107 0.476974 0.586339 0.476974 0.585572 0.475877 0.584804 0.476974 0.584037 0.47807 0.584037 0.479167 0.583269 0.47807 0.582502 0.47807 0.580967 0.479167 0.5802 0.479167 0.579432 0.483553 0.576362 0.483553 0.575595 0.484649 0.574827 0.484649 0.57406 0.485746 0.573292 0.484649 0.572525
0 0.201754 0.57099 0.198465 0.573292 0.198465 0.57406 0.200658 0.57406 0.201754 0.573292 0.202851 0.573292 0.203947 0.572525 0.203947 0.571757 0.202851 0.57099
0 0.523026 0.569455 0.523026 0.570223 0.524123 0.57099 0.526316 0.57099 0.525219 0.570223 0.525219 0.569455
0 0.354167 0.568688 0.35307 0.569455 0.348684 0.569455 0.348684 0.573292 0.347588 0.57406 0.348684 0.574827 0.347588 0.575595 0.348684 0.576362 0.348684 0.577897 0.350877 0.577897 0.351974 0.57713 0.35307 0.57713 0.354167 0.576362 0.355263 0.576362 0.357456 0.574827 0.357456 0.57406 0.358553 0.573292 0.358553 0.571757 0.357456 0.57099 0.357456 0.570223 0.35636 0.569455 0.355263 0.569455
0 0.411184 0.554873 0.411184 0.555641 0.410088 0.556408 0.410088 0.558711 0.408991 0.559478 0.408991 0.567153 0.410088 0.56792 0.410088 0.570223 0.412281 0.571757 0.412281 0.572525 0.410088 0.57406 0.406798 0.57406 0.406798 0.575595 0.405702 0.576362 0.405702 0.57713 0.406798 0.577897 0.406798 0.578665 0.407895 0.578665 0.408991 0.579432 0.411184 0.579432 0.413377 0.577897 0.413377 0.576362 0.414474 0.575595 0.414474 0.574827 0.417763 0.572525 0.417763 0.571757 0.41886 0.57099 0.419956 0.57099 0.419956 0.559478 0.417763 0.557943 0.417763 0.557176 0.414474 0.554873
0 0.302632 0.553338 0.302632 0.554873 0.304825 0.554873 0.304825 0.553338
0 0.324561 0.551804 0.323465 0.552571 0.322368 0.552571 0.322368 0.553338 0.320175 0.554873 0.320175 0.557943 0.321272 0.558711 0.321272 0.559478 0.322368 0.560246 0.326754 0.560246 0.328947 0.558711 0.328947 0.557943 0.330044 0.557176 0.330044 0.554106 0.327851 0.552571 0.326754 0.552571 0.325658 0.551804
0 0.582237 0.548734 0.582237 0.550269 0.583333 0.550269 0.582237 0.549501
0 0.554825 0.536454 0.554825 0.537222 0.555921 0.537989 0.560307 0.537989 0.560307 0.537222 0.559211 0.537222 0.558114 0.536454
0 0.528509 0.531082 0.527412 0.53185 0.528509 0.532617 0.529605 0.532617 0.530702 0.53185 0.529605 0.531082
0 0.303728 0.531082 0.302632 0.53185 0.302632 0.534152 0.301535 0.534919 0.302632 0.535687 0.302632 0.537222 0.303728 0.537989 0.304825 0.537989 0.305921 0.538757 0.307018 0.537989 0.308114 0.537989 0.309211 0.537222 0.309211 0.532617 0.307018 0.531082
0 0.267544 0.518803 0.266447 0.51957 0.266447 0.521105 0.267544 0.521873 0.267544 0.52264 0.26864 0.523408 0.270833 0.523408 0.27193 0.52264 0.27193 0.520338 0.270833 0.51957 0.270833 0.518803
0 0.288377 0.5165 0.287281 0.517268 0.286184 0.517268 0.286184 0.518803 0.285088 0.51957 0.286184 0.520338 0.286184 0.521105 0.287281 0.521105 0.288377 0.521873 0.289474 0.521873 0.291667 0.520338 0.291667 0.517268 0.29057 0.5165
0 0.311404 0.512663 0.311404 0.513431 0.310307 0.514198 0.310307 0.515733 0.309211 0.5165 0.309211 0.520338 0.310307 0.521105 0.310307 0.521873 0.3125 0.523408 0.3125 0.524175 0.313596 0.524175 0.315789 0.52571 0.317982 0.52571 0.319079 0.526477 0.321272 0.526477 0.322368 0.52571 0.322368 0.52264 0.321272 0.521873 0.321272 0.5165 0.319079 0.514965 0.319079 0.514198 0.317982 0.513431 0.316886 0.513431 0.315789 0.512663
0 0.455044 0.511896 0.453947 0.512663 0.452851 0.512663 0.451754 0.513431 0.448465 0.513431 0.447368 0.514198 0.441886 0.514198 0.438596 0.5165 0.4375 0.5165 0.4375 0.517268 0.436404 0.518035 0.436404 0.51957 0.435307 0.520338 0.435307 0.521105 0.434211 0.521873 0.434211 0.523408 0.433114 0.524175 0.433114 0.527245 0.434211 0.528012 0.434211 0.52878 0.4375 0.52878 0.438596 0.528012 0.439693 0.528012 0.440789 0.527245 0.441886 0.527245 0.442982 0.526477 0.444079 0.526477 0.449561 0.52264 0.450658 0.52264 0.452851 0.521105 0.455044 0.521105 0.455044 0.520338 0.45614 0.51957 0.457237 0.51957 0.457237 0.518035 0.458333 0.517268 0.45943 0.517268 0.460526 0.5165 0.460526 0.514198 0.45943 0.513431 0.45943 0.512663 0.458333 0.512663 0.457237 0.511896
0 0.489035 0.497314 0.486842 0.498849 0.486842 0.501151 0.485746 0.501919 0.487939 0.503454 0.489035 0.503454 0.490132 0.502686 0.491228 0.502686 0.491228 0.501919 0.492325 0.501151 0.492325 0.498849 0.490132 0.497314
0 0.558114 0.496546 0.555921 0.498081 0.555921 0.499616 0.557018 0.500384 0.560307 0.500384 0.561404 0.501151 0.5625 0.501151 0.5625 0.500384 0.561404 0.500384 0.559211 0.498849 0.559211 0.496546
0 0.505482 0.484267 0.502193 0.486569 0.502193 0.487337 0.501096 0.488104 0.501096 0.488872 0.507675 0.488872 0.507675 0.484267
0 0.542763 0.465848 0.542763 0.467383 0.544956 0.467383 0.544956 0.465848
0 0.564693 0.464313 0.563596 0.465081 0.563596 0.465848 0.564693 0.466616 0.564693 0.467383 0.565789 0.467383 0.565789 0.464313
0 0.303728 0.463546 0.302632 0.464313 0.302632 0.465848 0.301535 0.466616 0.302632 0.467383 0.304825 0.467383 0.305921 0.466616 0.305921 0.464313 0.304825 0.463546
0 0.289474 0.453569 0.288377 0.454336 0.289474 0.455104 0.29057 0.454336 0.29057 0.453569
0 0.296053 0.448196 0.297149 0.448964 0.297149 0.448196
0 0.672149 0.414428 0.671053 0.415196 0.674342 0.415196 0.674342 0.414428
0 0.623904 0.409823 0.622807 0.410591 0.622807 0.413661 0.623904 0.414428 0.626096 0.414428 0.628289 0.412893 0.628289 0.410591 0.627193 0.409823
0 0.235746 0.409056 0.235746 0.409823 0.236842 0.409823 0.236842 0.409056
0 0.354167 0.408289 0.354167 0.409056 0.355263 0.409056 0.355263 0.408289
0 0.379386 0.401381 0.378289 0.402149 0.378289 0.403684 0.381579 0.403684 0.382675 0.402916 0.383772 0.402916 0.384868 0.402149 0.384868 0.401381
0 0.688596 0.398312 0.690789 0.399847 0.692982 0.399847 0.691886 0.399079 0.690789 0.399079 0.689693 0.398312
0 0.669956 0.389102 0.669956 0.38987 0.671053 0.38987 0.671053 0.389102
0 0.324561 0.387567 0.324561 0.388335 0.325658 0.388335 0.325658 0.387567
0 0.427632 0.385265 0.425439 0.3868 0.425439 0.387567 0.424342 0.388335 0.424342 0.389102 0.423246 0.38987 0.423246 0.391404 0.422149 0.392172 0.422149 0.392939 0.419956 0.394474 0.421053 0.395242 0.421053 0.396009 0.422149 0.396777 0.422149 0.397544 0.423246 0.397544 0.427632 0.394474 0.427632 0.393707 0.428728 0.392939 0.428728 0.392172 0.429825 0.391404 0.429825 0.390637 0.430921 0.38987 0.429825 0.389102 0.429825 0.385265
0 0.615132 0.38373 0.614035 0.384497 0.614035 0.388335 0.615132 0.389102 0.615132 0.38987 0.616228 0.38987 0.618421 0.388335 0.618421 0.385265 0.617325 0.384497 0.617325 0.38373
0 0.421053 0.37452 0.421053 0.375288 0.422149 0.375288 0.422149 0.37452
0 0.255482 0.369148 0.255482 0.369916 0.256579 0.369916 0.256579 0.369148
0 0.341009 0.366078 0.341009 0.366846 0.342105 0.367613 0.343202 0.366846 0.343202 0.366078
0 0.452851 0.356869 0.451754 0.357636 0.450658 0.357636 0.447368 0.359939 0.447368 0.360706 0.446272 0.361474 0.446272 0.367613 0.447368 0.368381 0.447368 0.369148 0.448465 0.369916 0.448465 0.370683 0.450658 0.372218 0.450658 0.372985 0.455044 0.376055 0.45614 0.376055 0.457237 0.376823 0.458333 0.376055 0.45943 0.376055 0.45943 0.37452 0.460526 0.373753 0.460526 0.369148 0.461623 0.368381 0.460526 0.367613 0.460526 0.365311 0.461623 0.364543 0.460526 0.363776 0.460526 0.358404 0.45943 0.357636 0.45943 0.356869
0 0.276316 0.356101 0.276316 0.356869 0.277412 0.356869 0.277412 0.356101
0 0.345395 0.346892 0.343202 0.348427 0.346491 0.348427 0.346491 0.346892
0 0.452851 0.346124 0.446272 0.350729 0.446272 0.351497 0.448465 0.351497 0.449561 0.350729 0.451754 0.350729 0.453947 0.349194 0.453947 0.348427 0.455044 0.347659 0.455044 0.346124
0 0.252193 0.345357 0.251096 0.346124 0.25 0.346124 0.251096 0.346892 0.252193 0.346124
0 0.489035 0.33845 0.487939 0.339217 0.487939 0.342287 0.492325 0.345357 0.494518 0.343822 0.494518 0.343054 0.495614 0.342287 0.495614 0.340752 0.496711 0.339985 0.496711 0.339217 0.497807 0.33845 0.496711 0.339217 0.491228 0.339217 0.490132 0.33845
0 0.675439 0.337682 0.676535 0.33845 0.676535 0.339217 0.678728 0.339217 0.678728 0.33845 0.677632 0.337682
0 0.322368 0.337682 0.321272 0.33845 0.321272 0.339217 0.324561 0.339217 0.325658 0.33845 0.327851 0.33845 0.327851 0.337682
0 0.744518 0.33538 0.745614 0.336147 0.745614 0.33538
0 0.314693 0.320798 0.314693 0.321566 0.317982 0.323868 0.319079 0.323868 0.319079 0.323101 0.317982 0.322333 0.317982 0.321566 0.316886 0.320798
0 0.35307 0.310821 0.35307 0.311589 0.354167 0.311589 0.354167 0.310821
0 0.578947 0.306984 0.577851 0.307751 0.575658 0.307751 0.573465 0.309286 0.572368 0.309286 0.571272 0.310054 0.571272 0.310821 0.570175 0.311589 0.570175 0.313124 0.569079 0.313891 0.569079 0.316193 0.570175 0.316961 0.571272 0.316961 0.572368 0.317728 0.573465 0.316961 0.577851 0.316961 0.578947 0.316193 0.58114 0.316193 0.582237 0.315426 0.582237 0.313891 0.583333 0.313124 0.583333 0.311589 0.58114 0.310054 0.58114 0.309286 0.580044 0.308519 0.580044 0.307751
0 0.529605 0.303147 0.528509 0.303914 0.527412 0.303914 0.526316 0.304682 0.525219 0.304682 0.523026 0.306216 0.523026 0.306984 0.52193 0.307751 0.52193 0.310821 0.523026 0.311589 0.527412 0.311589 0.528509 0.310821 0.528509 0.309286 0.529605 0.308519 0.529605 0.307751 0.530702 0.306984 0.529605 0.306216
0 0.378289 0.299309 0.377193 0.300077 0.377193 0.300844 0.376096 0.301612 0.376096 0.302379 0.375 0.303147 0.375 0.304682 0.373904 0.305449 0.373904 0.306984 0.375 0.307751 0.377193 0.306216 0.378289 0.306216 0.380482 0.304682 0.380482 0.303147 0.381579 0.302379 0.381579 0.300844 0.379386 0.299309
0 0.362939 0.298542 0.362939 0.300077 0.361842 0.300844 0.361842 0.301612 0.362939 0.302379 0.364035 0.302379 0.365132 0.301612 0.365132 0.299309 0.364035 0.298542
0 0.623904 0.297007 0.622807 0.297774 0.622807 0.300077 0.626096 0.300077 0.627193 0.299309 0.627193 0.297774 0.626096 0.297007
0 0.387061 0.288565 0.384868 0.2901 0.384868 0.290867 0.385965 0.291635 0.385965 0.29317 0.387061 0.293937 0.387061 0.294705 0.389254 0.296239 0.389254 0.297007 0.390351 0.297774 0.390351 0.299309 0.391447 0.300077 0.391447 0.301612 0.39364 0.303147 0.395833 0.303147 0.399123 0.300844 0.399123 0.299309 0.400219 0.298542 0.400219 0.297774 0.399123 0.297007 0.400219 0.296239 0.400219 0.295472 0.399123 0.294705 0.399123 0.29317 0.398026 0.292402 0.398026 0.291635 0.39693 0.290867 0.39693 0.2901 0.395833 0.289332 0.394737 0.289332 0.39364 0.288565
0 0.631579 0.255564 0.629386 0.257099 0.629386 0.258634 0.628289 0.259401 0.628289 0.260936 0.629386 0.261704 0.629386 0.262471 0.632675 0.260169 0.632675 0.256332
0 0.655702 0.252494 0.654605 0.253262 0.655702 0.254029 0.658991 0.254029 0.657895 0.253262 0.656798 0.253262
0 0.75 0.23868 0.75 0.239447 0.751096 0.23868
0 0.730263 0.23561 0.72807 0.237145 0.732456 0.237145 0.733553 0.236378 0.732456 0.236378 0.73136 0.23561
0 0.411184 0.22947 0.410088 0.230238 0.410088 0.231005 0.408991 0.231773 0.408991 0.236378 0.410088 0.237145 0.411184 0.236378 0.412281 0.236378 0.414474 0.234843 0.414474 0.234075 0.41557 0.233308 0.414474 0.23254 0.414474 0.231773 0.412281 0.230238 0.412281 0.22947
0 0.744518 0.227936 0.744518 0.228703 0.745614 0.227936
0 0.400219 0.227936 0.399123 0.228703 0.399123 0.22947 0.400219 0.230238 0.400219 0.231005 0.401316 0.231773 0.402412 0.231773 0.402412 0.228703 0.401316 0.227936
0 0.680921 0.226401 0.679825 0.227168 0.678728 0.227168 0.677632 0.227936 0.677632 0.22947 0.678728 0.22947 0.679825 0.230238 0.680921 0.230238 0.683114 0.231773 0.690789 0.231773 0.691886 0.231005 0.692982 0.231005 0.692982 0.22947 0.691886 0.228703 0.6875 0.228703 0.686404 0.227936 0.685307 0.227936 0.684211 0.227168 0.682018 0.227168
0 0.664474 0.217191 0.663377 0.217959 0.661184 0.217959 0.658991 0.219493 0.657895 0.219493 0.657895 0.220261 0.656798 0.221028 0.654605 0.221028 0.652412 0.222563 0.652412 0.224098 0.648026 0.227168 0.648026 0.227936 0.645833 0.22947 0.644737 0.22947 0.64364 0.230238 0.642544 0.230238 0.641447 0.231005 0.640351 0.231005 0.638158 0.23254 0.638158 0.233308 0.637061 0.234075 0.638158 0.234843 0.638158 0.236378 0.639254 0.23561 0.640351 0.23561 0.641447 0.234843 0.641447 0.234075 0.644737 0.231773 0.64364 0.231005 0.648026 0.227936 0.649123 0.227936 0.650219 0.227168 0.651316 0.227168 0.652412 0.226401 0.654605 0.226401 0.655702 0.225633 0.662281 0.225633 0.663377 0.224866 0.666667 0.224866 0.667763 0.224098 0.66886 0.224098 0.671053 0.222563 0.671053 0.218726 0.669956 0.217959 0.66886 0.217959 0.667763 0.217191
0 0.412281 0.211819 0.411184 0.212586 0.411184 0.213354 0.412281 0.213354 0.413377 0.214121 0.414474 0.213354 0.414474 0.212586 0.413377 0.211819
0 0.512061 0.188028 0.510965 0.188795 0.510965 0.189563 0.509868 0.19033 0.509868 0.191865 0.508772 0.192632 0.509868 0.1934 0.509868 0.194935 0.510965 0.195702 0.510965 0.197237 0.512061 0.198005 0.51864 0.198005 0.519737 0.197237 0.520833 0.197237 0.52193 0.19647 0.52193 0.194935 0.523026 0.194167 0.523026 0.191097 0.52193 0.19033 0.52193 0.189563 0.519737 0.188028
0 0.736842 0.180353 0.736842 0.18112 0.737939 0.18112
0 0.677632 0.178051 0.677632 0.178818 0.676535 0.179586 0.676535 0.180353 0.677632 0.18112 0.677632 0.183423 0.678728 0.18419 0.678728 0.184958 0.680921 0.184958 0.680921 0.179586 0.678728 0.178051
0 0.473684 0.161934 0.472588 0.162701 0.472588 0.163469 0.473684 0.163469 0.474781 0.162701
0 0.601974 0.154259 0.595395 0.158864 0.595395 0.160399 0.596491 0.160399 0.597588 0.161167 0.598684 0.160399 0.599781 0.160399 0.600877 0.159632 0.600877 0.157329 0.601974 0.156562
0 0.514254 0.153492 0.514254 0.154259 0.515351 0.155027 0.515351 0.153492
0 0.592105 0.141213 0.591009 0.14198 0.591009 0.146585 0.594298 0.148887 0.60307 0.148887 0.604167 0.14812 0.605263 0.14812 0.60636 0.147352 0.607456 0.147352 0.610746 0.14505 0.614035 0.14505 0.612939 0.144282 0.612939 0.142748 0.611842 0.14198 0.611842 0.141213 0.60636 0.141213 0.605263 0.14198 0.60307 0.14198 0.601974 0.142748 0.597588 0.142748 0.596491 0.14198 0.595395 0.14198 0.594298 0.141213
0 0.625 0.140445 0.623904 0.141213 0.622807 0.141213 0.622807 0.145817 0.623904 0.146585 0.625 0.145817 0.626096 0.145817 0.627193 0.14505 0.627193 0.143515 0.626096 0.142748 0.626096 0.141213
0 0.528509 0.133538 0.525219 0.13584 0.525219 0.136608 0.524123 0.137375 0.525219 0.137375 0.529605 0.134305 0.529605 0.133538
0 0.591009 0.126631 0.591009 0.127398 0.589912 0.128166 0.589912 0.129701 0.591009 0.130468 0.591009 0.132003 0.592105 0.132771 0.592105 0.133538 0.594298 0.133538 0.594298 0.131236 0.593202 0.130468 0.593202 0.128933 0.592105 0.128166 0.592105 0.127398
0 0.629386 0.125863 0.627193 0.127398 0.627193 0.129701 0.626096 0.130468 0.626096 0.135073 0.627193 0.13584 0.627193 0.136608 0.628289 0.13584 0.628289 0.134305 0.629386 0.133538 0.629386 0.130468 0.630482 0.129701 0.630482 0.125863
0 0.639254 0.109747 0.639254 0.111282 0.640351 0.111282 0.640351 0.109747
0 0.656798 0.0959325 0.655702 0.0966999 0.656798 0.0974674
