0 0.201754 0.77053 0.201754 0.771297 0.202851 0.771297 0.202851 0.77053
0 0.239035 0.769762 0.240132 0.77053 0.241228 0.77053 0.240132 0.769762
0 0.275219 0.752878 0.275219 0.754413 0.276316 0.75518 0.278509 0.75518 0.278509 0.754413 0.276316 0.752878
0 0.321272 0.743668 0.322368 0.743668 0.323465 0.744436 0.323465 0.745203 0.322368 0.745971 0.321272 0.745203 0.320175 0.745203 0.320175 0.745971 0.322368 0.747506 0.323465 0.747506 0.324561 0.746738 0.324561 0.744436 0.323465 0.743668
0 0.148026 0.728319 0.148026 0.729854 0.150219 0.729854
0 0.229167 0.709133 0.230263 0.7099 0.230263 0.709133
0 0.39364 0.687644 0.39364 0.688411 0.394737 0.688411
0 0.369518 0.676899 0.370614 0.677667 0.368421 0.679202 0.367325 0.679202 0.365132 0.680737 0.365132 0.683039 0.366228 0.683807 0.366228 0.684574 0.369518 0.684574 0.372807 0.682272 0.372807 0.679969 0.371711 0.679202 0.371711 0.678434
0 0.39693 0.656946 0.39693 0.65848 0.398026 0.65848 0.399123 0.657713 0.398026 0.656946
0 0.199561 0.656178 0.197368 0.657713 0.197368 0.65848 0.196272 0.659248 0.197368 0.659248 0.198465 0.65848 0.200658 0.65848 0.200658 0.656946
0 0.480263 0.627782 0.480263 0.62855 0.483553 0.630852 0.483553 0.629317 0.482456 0.62855 0.482456 0.627782
0 0.390351 0.617805 0.390351 0.618573 0.391447 0.61934 0.391447 0.620107 0.392544 0.620107 0.392544 0.617805
0 0.269737 0.612433 0.266447 0.614735 0.265351 0.614735 0.264254 0.615503 0.263158 0.615503 0.260965 0.617038 0.259868 0.617038 0.258772 0.617805 0.257675 0.617805 0.256579 0.618573 0.257675 0.61934 0.257675 0.620107 0.256579 0.620875 0.255482 0.620107 0.255482 0.623177 0.256579 0.623945 0.256579 0.62548 0.254386 0.627015 0.254386 0.627782 0.253289 0.62855 0.253289 0.630852 0.252193 0.631619 0.252193 0.632387 0.253289 0.633154 0.253289 0.636224 0.254386 0.636992 0.254386 0.638526 0.255482 0.639294 0.255482 0.643131 0.253289 0.644666 0.254386 0.645434 0.253289 0.646201 0.253289 0.648503 0.256579 0.650806 0.258772 0.650806 0.259868 0.650038 0.260965 0.650038 0.264254 0.647736 0.264254 0.646201 0.265351 0.645434 0.265351 0.643899 0.266447 0.643131 0.266447 0.639294 0.267544 0.638526 0.266447 0.637759 0.266447 0.635457 0.265351 0.634689 0.265351 0.633154 0.264254 0.632387 0.264254 0.630852 0.262061 0.629317 0.262061 0.627782 0.260965 0.627015 0.260965 0.626247 0.263158 0.624712 0.263158 0.623945 0.264254 0.623177 0.265351 0.623177 0.267544 0.621642 0.27193 0.621642 0.275219 0.61934 0.275219 0.612433
0 0.448465 0.597084 0.448465 0.597851 0.447368 0.598619 0.447368 0.600153 0.446272 0.600921 0.446272 0.601688 0.444079 0.603223 0.442982 0.603223 0.441886 0.603991 0.440789 0.603991 0.438596 0.605526 0.435307 0.605526 0.4375 0.605526 0.439693 0.607061 0.440789 0.607061 0.440789 0.605526 0.442982 0.603991 0.445175 0.603991 0.446272 0.604758 0.446272 0.605526 0.447368 0.606293 0.447368 0.607061 0.449561 0.608596 0.450658 0.608596 0.451754 0.609363 0.455044 0.609363 0.458333 0.607061 0.458333 0.606293 0.457237 0.605526 0.457237 0.606293 0.45614 0.607061 0.453947 0.607061 0.452851 0.606293 0.449561 0.606293 0.448465 0.605526 0.448465 0.603991 0.449561 0.603223 0.449561 0.597084
0 0.208333 0.594781 0.208333 0.595549 0.20943 0.596316 0.210526 0.596316 0.210526 0.594781
0 0.226974 0.584037 0.224781 0.585572 0.224781 0.586339 0.223684 0.587107 0.223684 0.590177 0.224781 0.590944 0.226974 0.589409 0.226974 0.588642 0.22807 0.587874 0.22807 0.585572 0.226974 0.584804
0 0.175439 0.580967 0.175439 0.581734 0.176535 0.581734 0.176535 0.580967
0 0.189693 0.577897 0.188596 0.578665 0.1875 0.578665 0.186404 0.579432 0.189693 0.579432 0.191886 0.577897
0 0.358553 0.57099 0.357456 0.571757 0.355263 0.571757 0.350877 0.574827 0.350877 0.576362 0.351974 0.57713 0.351974 0.577897 0.355263 0.5802 0.358553 0.5802 0.362939 0.57713 0.362939 0.573292 0.361842 0.572525 0.361842 0.571757 0.359649 0.571757
0 0.387061 0.569455 0.385965 0.570223 0.384868 0.570223 0.383772 0.57099 0.382675 0.57099 0.381579 0.571757 0.381579 0.572525 0.376096 0.576362 0.376096 0.57713 0.373904 0.578665 0.373904 0.5802 0.372807 0.580967 0.372807 0.583269 0.371711 0.584037 0.371711 0.585572 0.373904 0.587107 0.373904 0.590177 0.373904 0.587874 0.375 0.587107 0.375 0.586339 0.379386 0.583269 0.379386 0.582502 0.381579 0.580967 0.381579 0.579432 0.382675 0.578665 0.382675 0.577897 0.383772 0.57713 0.383772 0.576362 0.384868 0.575595 0.384868 0.574827 0.385965 0.57406 0.385965 0.573292 0.388158 0.571757 0.390351 0.571757 0.391447 0.57099 0.39364 0.57099 0.394737 0.571757 0.394737 0.572525 0.395833 0.573292 0.395833 0.57406 0.39693 0.574827 0.39693 0.576362 0.394737 0.577897 0.395833 0.577897 0.39693 0.57713 0.400219 0.57713 0.401316 0.577897 0.402412 0.577897 0.403509 0.578665 0.406798 0.578665 0.408991 0.57713 0.408991 0.574827 0.407895 0.57406 0.407895 0.573292 0.406798 0.572525 0.405702 0.572525 0.404605 0.571757 0.402412 0.571757 0.401316 0.57099 0.400219 0.57099 0.399123 0.570223 0.398026 0.570223 0.39693 0.569455
0 0.217105 0.569455 0.216009 0.570223 0.216009 0.57099 0.217105 0.57099 0.218202 0.571757 0.221491 0.571757 0.222588 0.57099 0.223684 0.57099 0.223684 0.570223 0.222588 0.569455
0 0.203947 0.569455 0.202851 0.570223 0.203947 0.57099 0.203947 0.571757 0.205044 0.571757 0.205044 0.569455
0 0.226974 0.56792 0.226974 0.57099 0.22807 0.57099 0.229167 0.570223 0.229167 0.56792
0 0.497807 0.566385 0.497807 0.567153 0.495614 0.568688 0.495614 0.569455 0.494518 0.570223 0.495614 0.57099 0.497807 0.57099 0.501096 0.568688 0.502193 0.568688 0.503289 0.56792 0.503289 0.566385
0 0.51864 0.562548 0.51864 0.563315 0.519737 0.564083 0.519737 0.56792 0.520833 0.568688 0.52193 0.568688 0.52193 0.565618 0.520833 0.56485 0.520833 0.563315 0.519737 0.562548
0 0.304825 0.557943 0.304825 0.559478 0.305921 0.559478 0.305921 0.557943
0 0.319079 0.552571 0.316886 0.554106 0.316886 0.556408 0.317982 0.557176 0.317982 0.558711 0.321272 0.561013 0.324561 0.561013 0.327851 0.558711 0.327851 0.554873 0.324561 0.552571
0 0.412281 0.545664 0.408991 0.547966 0.407895 0.547966 0.402412 0.551804 0.401316 0.551804 0.400219 0.552571 0.400219 0.554106 0.405702 0.557943 0.405702 0.558711 0.407895 0.560246 0.407895 0.561013 0.410088 0.562548 0.410088 0.563315 0.412281 0.56485 0.412281 0.565618 0.413377 0.565618 0.414474 0.566385 0.41557 0.566385 0.41557 0.564083 0.416667 0.563315 0.416667 0.556408 0.41557 0.555641 0.41557 0.551804 0.41886 0.549501 0.41886 0.548734 0.417763 0.547966 0.417763 0.546431 0.416667 0.545664
0 0.303728 0.540292 0.301535 0.541827 0.301535 0.545664 0.302632 0.546431 0.308114 0.546431 0.308114 0.543361 0.307018 0.542594 0.307018 0.541827 0.304825 0.540292
0 0.614035 0.52264 0.616228 0.524175 0.616228 0.523408 0.615132 0.52264
0 0.439693 0.521873 0.438596 0.52264 0.436404 0.52264 0.435307 0.523408 0.429825 0.523408 0.429825 0.52571 0.425439 0.52878 0.425439 0.529547 0.423246 0.531082 0.423246 0.532617 0.422149 0.533384 0.422149 0.534919 0.423246 0.535687 0.423246 0.536454 0.429825 0.536454 0.430921 0.535687 0.432018 0.535687 0.433114 0.534919 0.433114 0.534152 0.434211 0.533384 0.434211 0.532617 0.435307 0.53185 0.435307 0.531082 0.442982 0.52571 0.442982 0.524942 0.444079 0.524175 0.444079 0.52264 0.442982 0.521873
0 0.274123 0.521105 0.273026 0.521873 0.27193 0.521873 0.27193 0.524942 0.273026 0.52571 0.276316 0.52571 0.277412 0.524942 0.277412 0.52264 0.275219 0.521105
0 0.286184 0.518035 0.285088 0.518803 0.283991 0.518803 0.283991 0.51957 0.282895 0.520338 0.282895 0.521105 0.283991 0.521873 0.283991 0.52264 0.288377 0.52264 0.289474 0.521873 0.289474 0.521105 0.29057 0.520338 0.29057 0.51957 0.288377 0.518035
0 0.313596 0.514965 0.3125 0.515733 0.311404 0.515733 0.308114 0.518035 0.308114 0.52264 0.3125 0.52571 0.314693 0.52571 0.316886 0.527245 0.320175 0.527245 0.321272 0.526477 0.322368 0.526477 0.323465 0.52571 0.323465 0.520338 0.322368 0.51957 0.322368 0.518803 0.317982 0.515733 0.316886 0.515733 0.315789 0.514965
0 0.547149 0.504221 0.547149 0.505756 0.548246 0.504988 0.548246 0.504221
0 0.552632 0.499616 0.552632 0.501151 0.553728 0.501919 0.557018 0.501919 0.557018 0.500384 0.555921 0.499616
0 0.5 0.490407 0.498904 0.491174 0.496711 0.491174 0.493421 0.493477 0.493421 0.495012 0.492325 0.495779 0.492325 0.497314 0.493421 0.497314 0.495614 0.495779 0.496711 0.495779 0.502193 0.491942 0.502193 0.490407
0 0.51864 0.478895 0.517544 0.479662 0.513158 0.479662 0.513158 0.48043 0.514254 0.48043 0.51864 0.4835 0.520833 0.4835 0.527412 0.488104 0.528509 0.487337 0.528509 0.486569 0.529605 0.485802 0.529605 0.485035 0.533991 0.481965 0.533991 0.479662 0.532895 0.479662 0.530702 0.481197 0.529605 0.48043 0.525219 0.48043 0.523026 0.478895
0 0.29057 0.473523 0.29057 0.47429 0.291667 0.47429 0.291667 0.473523
0 0.564693 0.468918 0.563596 0.469685 0.563596 0.470453 0.5625 0.47122 0.5625 0.473523 0.563596 0.47429 0.564693 0.47429 0.565789 0.473523 0.565789 0.469685
0 0.542763 0.464313 0.542763 0.465081 0.541667 0.465848 0.54386 0.467383 0.54386 0.466616 0.544956 0.465848 0.544956 0.465081 0.54386 0.464313
0 0.308114 0.463546 0.308114 0.465081 0.309211 0.465848 0.309211 0.466616 0.310307 0.466616 0.311404 0.467383 0.3125 0.467383 0.3125 0.465081 0.309211 0.465081 0.308114 0.464313
0 0.667763 0.4198 0.667763 0.420568 0.66886 0.420568 0.66886 0.4198
0 0.627193 0.412893 0.627193 0.415196 0.628289 0.415196 0.629386 0.415963 0.630482 0.415196 0.630482 0.414428 0.628289 0.412893
0 0.357456 0.410591 0.357456 0.411358 0.358553 0.412126 0.359649 0.411358 0.358553 0.411358
0 0.273026 0.409823 0.27193 0.410591 0.273026 0.411358
0 0.241228 0.408289 0.241228 0.409056 0.243421 0.409056 0.243421 0.408289
0 0.407895 0.397544 0.406798 0.398312 0.407895 0.399079 0.411184 0.399079 0.412281 0.399847 0.414474 0.399847 0.41557 0.399079 0.41557 0.398312 0.414474 0.397544
0 0.657895 0.396777 0.656798 0.397544 0.656798 0.398312 0.657895 0.399079 0.657895 0.399847 0.660088 0.399847 0.661184 0.399079 0.660088 0.398312 0.660088 0.396777
0 0.612939 0.388335 0.611842 0.389102 0.611842 0.38987 0.610746 0.390637 0.610746 0.393707 0.611842 0.394474 0.615132 0.394474 0.615132 0.393707 0.616228 0.392939 0.616228 0.391404 0.615132 0.390637 0.615132 0.38987
0 0.234649 0.385265 0.233553 0.386032 0.235746 0.386032
0 0.33443 0.384497 0.33443 0.385265 0.335526 0.385265
0 0.426535 0.376055 0.425439 0.376823 0.425439 0.37759 0.424342 0.378358 0.424342 0.379125 0.423246 0.379893 0.423246 0.381427 0.424342 0.382195 0.424342 0.38373 0.425439 0.384497 0.429825 0.384497 0.429825 0.382962 0.430921 0.382195 0.430921 0.379893 0.429825 0.379125 0.429825 0.378358
0 0.35307 0.363008 0.351974 0.363776 0.350877 0.363776 0.350877 0.365311 0.35307 0.365311 0.35307 0.364543 0.354167 0.363776
0 0.282895 0.359939 0.282895 0.360706 0.283991 0.360706 0.283991 0.359939
0 0.690789 0.359171 0.690789 0.359939 0.692982 0.359939 0.692982 0.359171
0 0.449561 0.353799 0.446272 0.356101 0.446272 0.356869 0.447368 0.357636 0.446272 0.358404 0.444079 0.358404 0.444079 0.359171 0.442982 0.359939 0.442982 0.363776 0.444079 0.364543 0.444079 0.365311 0.452851 0.37145 0.453947 0.37145 0.455044 0.372218 0.458333 0.372218 0.460526 0.370683 0.460526 0.369916 0.462719 0.368381 0.462719 0.366078 0.463816 0.365311 0.463816 0.362241 0.462719 0.361474 0.462719 0.359939 0.460526 0.358404 0.460526 0.357636 0.458333 0.356101 0.458333 0.355334 0.45614 0.353799
0 0.358553 0.343054 0.357456 0.343822 0.354167 0.343822 0.35307 0.344589 0.351974 0.344589 0.351974 0.345357 0.35307 0.346124 0.35307 0.346892 0.354167 0.346892 0.355263 0.347659 0.359649 0.347659 0.361842 0.346124 0.361842 0.345357 0.360746 0.344589 0.360746 0.343822 0.359649 0.343822
0 0.457237 0.342287 0.45614 0.343054 0.453947 0.343054 0.452851 0.343822 0.452851 0.346124 0.453947 0.346892 0.457237 0.346892 0.461623 0.343822 0.45943 0.342287
0 0.677632 0.34152 0.678728 0.342287 0.679825 0.342287 0.679825 0.34152
0 0.479167 0.34152 0.475877 0.343822 0.474781 0.343054 0.472588 0.343054 0.471491 0.342287 0.470395 0.342287 0.467105 0.344589 0.471491 0.347659 0.472588 0.347659 0.473684 0.348427 0.484649 0.348427 0.485746 0.347659 0.486842 0.347659 0.489035 0.346124 0.493421 0.346124 0.494518 0.345357 0.493421 0.344589 0.493421 0.343822 0.492325 0.343054 0.492325 0.342287 0.489035 0.342287 0.487939 0.34152 0.483553 0.34152 0.482456 0.342287 0.48136 0.342287 0.480263 0.34152
0 0.276316 0.339985 0.275219 0.340752 0.274123 0.340752 0.27193 0.342287 0.273026 0.34152 0.274123 0.342287 0.275219 0.34152 0.276316 0.34152 0.277412 0.340752
0 0.343202 0.336147 0.342105 0.336915 0.342105 0.340752 0.343202 0.34152 0.343202 0.339985 0.344298 0.339217 0.344298 0.33845 0.345395 0.337682 0.345395 0.336147
0 0.323465 0.32924 0.323465 0.330775 0.324561 0.331543 0.325658 0.330775 0.325658 0.330008 0.324561 0.32924
0 0.567982 0.315426 0.564693 0.317728 0.564693 0.322333 0.565789 0.322333 0.566886 0.323101 0.571272 0.323101 0.572368 0.322333 0.573465 0.322333 0.574561 0.321566 0.574561 0.320031 0.575658 0.319263 0.575658 0.316193 0.574561 0.315426
0 0.677632 0.313124 0.677632 0.313891 0.679825 0.313891 0.679825 0.313124
0 0.713816 0.310821 0.712719 0.311589 0.708333 0.311589 0.707237 0.312356 0.70614 0.312356 0.708333 0.312356 0.70943 0.311589 0.713816 0.311589 0.714912 0.310821 0.716009 0.310821
0 0.526316 0.310054 0.525219 0.310821 0.525219 0.311589 0.524123 0.312356 0.524123 0.313891 0.523026 0.314658 0.523026 0.316193 0.52193 0.316961 0.52193 0.318496 0.519737 0.320031 0.519737 0.320798 0.51864 0.321566 0.51864 0.322333 0.517544 0.323101 0.517544 0.323868 0.516447 0.324635 0.516447 0.32924 0.51864 0.32924 0.51864 0.328473 0.519737 0.327705 0.519737 0.324635 0.520833 0.323868 0.520833 0.323101 0.52193 0.322333 0.52193 0.321566 0.523026 0.320798 0.523026 0.319263 0.524123 0.318496 0.524123 0.316961 0.525219 0.316193 0.525219 0.315426 0.526316 0.314658 0.526316 0.313891 0.527412 0.313124 0.527412 0.312356 0.528509 0.311589 0.528509 0.310054
0 0.655702 0.304682 0.655702 0.306216 0.656798 0.306984 0.661184 0.306984 0.661184 0.306216 0.660088 0.305449 0.656798 0.305449
0 0.620614 0.300844 0.620614 0.301612 0.619518 0.302379 0.620614 0.303147 0.622807 0.303147 0.622807 0.300844
0 0.389254 0.292402 0.387061 0.293937 0.387061 0.294705 0.385965 0.295472 0.385965 0.297774 0.387061 0.298542 0.387061 0.304682 0.388158 0.305449 0.388158 0.306216 0.389254 0.306984 0.391447 0.306984 0.392544 0.307751 0.39364 0.307751 0.39693 0.305449 0.39693 0.304682 0.398026 0.303914 0.398026 0.302379 0.399123 0.301612 0.399123 0.300844 0.398026 0.300077 0.398026 0.299309 0.395833 0.297774 0.395833 0.295472 0.391447 0.292402
0 0.621711 0.267076 0.621711 0.267843 0.618421 0.270146 0.617325 0.270146 0.617325 0.272448 0.618421 0.273216 0.619518 0.273216 0.620614 0.273983 0.622807 0.272448 0.622807 0.271681 0.623904 0.270913 0.623904 0.267076
0 0.332237 0.239447 0.332237 0.240215 0.333333 0.240982 0.33443 0.240982 0.33443 0.240215 0.333333 0.239447
0 0.703947 0.23254 0.702851 0.233308 0.702851 0.234075 0.703947 0.234075 0.705044 0.234843 0.712719 0.234843 0.712719 0.234075 0.711623 0.234075 0.710526 0.233308 0.70943 0.233308 0.708333 0.23254
0 0.402412 0.231773 0.401316 0.23254 0.401316 0.234075 0.402412 0.234843 0.402412 0.23561 0.403509 0.236378 0.405702 0.236378 0.406798 0.237145 0.410088 0.237145 0.411184 0.236378 0.411184 0.234075 0.407895 0.231773
0 0.73136 0.22947 0.72807 0.231773 0.729167 0.23254 0.732456 0.230238
0 0.679825 0.228703 0.678728 0.22947 0.678728 0.231005 0.679825 0.231773 0.685307 0.231773 0.686404 0.231005 0.686404 0.230238 0.685307 0.22947 0.685307 0.228703
0 0.39693 0.221796 0.395833 0.222563 0.395833 0.224098 0.399123 0.224098 0.399123 0.222563 0.398026 0.221796
0 0.664474 0.216424 0.663377 0.217191 0.662281 0.217191 0.657895 0.220261 0.656798 0.220261 0.653509 0.222563 0.652412 0.222563 0.652412 0.223331 0.650219 0.224866 0.650219 0.225633 0.644737 0.22947 0.64364 0.22947 0.641447 0.231005 0.640351 0.231005 0.635965 0.234075 0.634868 0.234075 0.628289 0.23868 0.628289 0.239447 0.626096 0.240982 0.626096 0.24175 0.621711 0.24482 0.621711 0.245587 0.620614 0.246355 0.620614 0.247122 0.619518 0.247889 0.619518 0.250192 0.622807 0.250192 0.623904 0.249424 0.629386 0.249424 0.629386 0.248657 0.630482 0.247889 0.630482 0.247122 0.631579 0.246355 0.631579 0.245587 0.635965 0.242517 0.637061 0.242517 0.64364 0.237913 0.64364 0.236378 0.645833 0.234843 0.64693 0.234843 0.648026 0.234075 0.650219 0.234075 0.651316 0.233308 0.653509 0.233308 0.654605 0.23254 0.655702 0.23254 0.657895 0.231005 0.658991 0.231005 0.660088 0.230238 0.660088 0.22947 0.662281 0.227936 0.662281 0.227168 0.663377 0.226401 0.663377 0.225633 0.664474 0.224866 0.664474 0.224098 0.66557 0.223331 0.66557 0.221796 0.666667 0.221028 0.666667 0.219493 0.66557 0.218726 0.66557 0.217191
0 0.401316 0.213354 0.400219 0.214121 0.400219 0.214889 0.404605 0.214889 0.404605 0.214121 0.403509 0.213354
0 0.516447 0.186493 0.515351 0.18726 0.510965 0.18726 0.509868 0.188028 0.506579 0.188028 0.506579 0.19033 0.505482 0.191097 0.505482 0.194935 0.506579 0.195702 0.508772 0.195702 0.512061 0.198005 0.516447 0.198005 0.517544 0.197237 0.51864 0.197237 0.519737 0.19647 0.519737 0.195702 0.520833 0.194935 0.520833 0.1934 0.52193 0.192632 0.52193 0.191097 0.520833 0.19033 0.520833 0.189563 0.51864 0.188028 0.51864 0.18726 0.517544 0.186493
0 0.680921 0.165771 0.679825 0.166539 0.679825 0.168074 0.680921 0.168841 0.680921 0.170376 0.682018 0.170376 0.682018 0.166539
0 0.506579 0.162701 0.505482 0.163469 0.504386 0.163469 0.503289 0.164236 0.501096 0.164236 0.501096 0.167306 0.503289 0.167306 0.506579 0.165004 0.506579 0.164236 0.507675 0.163469
0 0.476974 0.159632 0.476974 0.160399 0.47807 0.160399 0.47807 0.159632
0 0.607456 0.150422 0.60636 0.15119 0.60636 0.153492 0.607456 0.153492 0.608553 0.154259 0.610746 0.154259 0.611842 0.153492 0.611842 0.151957 0.610746 0.15119 0.609649 0.15119 0.608553 0.150422
0 0.58443 0.135073 0.582237 0.136608 0.582237 0.141213 0.58443 0.142748 0.585526 0.142748 0.586623 0.14198 0.588816 0.14198 0.588816 0.138143 0.587719 0.137375 0.587719 0.13584 0.586623 0.135073
0 0.614035 0.132771 0.611842 0.134305 0.611842 0.137375 0.612939 0.138143 0.612939 0.13891 0.614035 0.139678 0.614035 0.141213 0.616228 0.142748 0.620614 0.142748 0.620614 0.140445 0.619518 0.139678 0.619518 0.138143 0.618421 0.137375 0.618421 0.136608 0.617325 0.13584 0.617325 0.134305 0.615132 0.132771
