0 0.253289 0.819647 0.253289 0.820414 0.254386 0.820414 0.254386 0.819647
0 0.190789 0.805833 0.189693 0.8066 0.189693 0.807368 0.190789 0.807368
0 0.191886 0.792786 0.191886 0.793553 0.190789 0.794321 0.190789 0.796623 0.191886 0.795856
0 0.321272 0.769762 0.321272 0.771297 0.322368 0.772064 0.323465 0.772064 0.323465 0.77053 0.322368 0.769762
0 0.20943 0.768227 0.208333 0.768995 0.208333 0.769762 0.20943 0.769762 0.210526 0.768995
0 0.244518 0.762087 0.243421 0.762855 0.243421 0.763622 0.244518 0.763622
0 0.274123 0.752878 0.273026 0.753645 0.274123 0.754413 0.274123 0.75518 0.275219 0.75518 0.275219 0.753645
0 0.322368 0.743668 0.322368 0.746738 0.323465 0.747506 0.325658 0.747506 0.326754 0.746738 0.326754 0.744436 0.325658 0.743668
0 0.162281 0.726784 0.162281 0.727552 0.163377 0.727552 0.163377 0.726784
0 0.394737 0.702993 0.395833 0.703761 0.395833 0.702993
0 0.451754 0.696086 0.451754 0.696853 0.453947 0.698388 0.455044 0.698388 0.45614 0.699156 0.455044 0.698388 0.455044 0.697621 0.453947 0.696853 0.452851 0.696853
0 0.395833 0.684574 0.39693 0.685342 0.39693 0.684574
0 0.444079 0.678434 0.444079 0.679202 0.447368 0.679202 0.448465 0.678434 0.446272 0.678434 0.445175 0.679202
0 0.41886 0.677667 0.41886 0.678434 0.419956 0.678434 0.419956 0.677667
0 0.371711 0.672295 0.369518 0.67383 0.369518 0.677667 0.370614 0.678434 0.372807 0.678434 0.375 0.676899 0.375 0.673062 0.373904 0.672295
0 0.169956 0.660783 0.16886 0.66155 0.169956 0.66155
0 0.398026 0.659248 0.398026 0.660783 0.400219 0.660783 0.400219 0.660015 0.399123 0.659248
0 0.191886 0.656946 0.191886 0.657713 0.192982 0.657713
0 0.177632 0.656946 0.178728 0.657713 0.179825 0.656946
0 0.47807 0.615503 0.47807 0.618573 0.479167 0.617805 0.479167 0.615503
0 0.391447 0.613968 0.390351 0.614735 0.390351 0.615503 0.391447 0.61627 0.392544 0.61627 0.39364 0.615503 0.392544 0.614735 0.392544 0.613968
0 0.440789 0.6132 0.440789 0.613968 0.441886 0.613968 0.441886 0.6132
0 0.276316 0.602456 0.274123 0.603991 0.274123 0.604758 0.273026 0.605526 0.273026 0.606293 0.270833 0.607828 0.270833 0.608596 0.269737 0.609363 0.269737 0.61013 0.26864 0.610898 0.26864 0.611665 0.266447 0.6132 0.266447 0.617038 0.267544 0.617805 0.267544 0.618573 0.269737 0.620107 0.27193 0.620107 0.273026 0.620875 0.275219 0.620875 0.276316 0.620107 0.277412 0.620107 0.277412 0.618573 0.278509 0.617805 0.278509 0.617038 0.280702 0.615503 0.280702 0.614735 0.281798 0.613968 0.281798 0.609363 0.280702 0.608596 0.280702 0.607061 0.279605 0.606293 0.279605 0.605526 0.278509 0.604758 0.278509 0.603223 0.277412 0.602456
0 0.466009 0.600153 0.463816 0.601688 0.463816 0.602456 0.464912 0.603223 0.467105 0.603223 0.469298 0.601688 0.469298 0.600921 0.468202 0.600153
0 0.169956 0.599386 0.16886 0.600153 0.169956 0.600153
0 0.175439 0.595549 0.174342 0.596316 0.174342 0.597084 0.175439 0.597084
0 0.20943 0.593246 0.20943 0.594014 0.210526 0.594014 0.210526 0.593246
0 0.226974 0.575595 0.225877 0.576362 0.225877 0.57713 0.22807 0.578665 0.230263 0.578665 0.23136 0.579432 0.232456 0.578665 0.234649 0.578665 0.234649 0.577897 0.235746 0.57713 0.235746 0.576362 0.234649 0.575595
0 0.361842 0.567153 0.360746 0.56792 0.358553 0.56792 0.357456 0.568688 0.35636 0.568688 0.355263 0.569455 0.354167 0.569455 0.351974 0.57099 0.351974 0.571757 0.350877 0.572525 0.350877 0.573292 0.351974 0.57406 0.351974 0.575595 0.350877 0.576362 0.350877 0.57713 0.35307 0.578665 0.35307 0.5802 0.354167 0.580967 0.35636 0.580967 0.357456 0.581734 0.358553 0.581734 0.359649 0.582502 0.364035 0.582502 0.366228 0.580967 0.366228 0.579432 0.367325 0.578665 0.367325 0.577897 0.368421 0.57713 0.368421 0.576362 0.369518 0.575595 0.369518 0.57406 0.370614 0.573292 0.370614 0.571757 0.369518 0.57099 0.369518 0.570223 0.367325 0.568688 0.366228 0.568688 0.365132 0.56792 0.362939 0.56792
0 0.25 0.567153 0.25 0.56792 0.251096 0.56792 0.251096 0.567153
0 0.508772 0.56485 0.508772 0.567153 0.509868 0.56792 0.512061 0.56792 0.512061 0.566385 0.509868 0.56485
0 0.229167 0.564083 0.22807 0.56485 0.22807 0.567153 0.229167 0.56792 0.230263 0.56792 0.230263 0.56485
0 0.301535 0.559478 0.301535 0.561013 0.304825 0.561013 0.304825 0.560246 0.303728 0.559478
0 0.347588 0.557943 0.346491 0.558711 0.346491 0.560246 0.347588 0.561013 0.347588 0.562548 0.345395 0.564083 0.345395 0.56485 0.344298 0.565618 0.344298 0.566385 0.348684 0.563315 0.349781 0.563315 0.350877 0.562548 0.351974 0.562548 0.350877 0.562548 0.348684 0.561013 0.348684 0.557943
0 0.427632 0.531082 0.423246 0.534152 0.422149 0.534152 0.421053 0.534919 0.417763 0.534919 0.416667 0.535687 0.416667 0.536454 0.413377 0.538757 0.412281 0.538757 0.411184 0.539524 0.408991 0.539524 0.408991 0.541059 0.410088 0.541827 0.410088 0.544129 0.408991 0.544896 0.408991 0.547199 0.406798 0.548734 0.405702 0.548734 0.404605 0.549501 0.403509 0.549501 0.402412 0.550269 0.401316 0.550269 0.400219 0.551036 0.399123 0.551036 0.398026 0.551804 0.39693 0.551804 0.395833 0.552571 0.39364 0.552571 0.391447 0.554106 0.391447 0.555641 0.390351 0.556408 0.391447 0.557176 0.391447 0.557943 0.392544 0.558711 0.392544 0.559478 0.39364 0.560246 0.39693 0.560246 0.398026 0.561013 0.400219 0.561013 0.401316 0.561781 0.402412 0.561781 0.403509 0.562548 0.403509 0.564083 0.402412 0.56485 0.402412 0.565618 0.39693 0.569455 0.398026 0.569455 0.402412 0.566385 0.402412 0.565618 0.403509 0.56485 0.403509 0.563315 0.405702 0.561781 0.406798 0.561781 0.407895 0.561013 0.411184 0.561013 0.412281 0.561781 0.41557 0.561781 0.41557 0.558711 0.416667 0.557943 0.416667 0.554873 0.417763 0.554106 0.417763 0.553338 0.41886 0.552571 0.41886 0.551804 0.417763 0.551036 0.417763 0.549501 0.416667 0.548734 0.416667 0.544896 0.41557 0.544129 0.41557 0.542594 0.41886 0.540292 0.422149 0.540292 0.423246 0.539524 0.425439 0.539524 0.426535 0.538757 0.426535 0.537989 0.430921 0.534919 0.430921 0.534152 0.433114 0.532617 0.432018 0.53185 0.430921 0.53185 0.429825 0.531082
0 0.604167 0.524942 0.60307 0.52571 0.60307 0.526477 0.604167 0.526477 0.605263 0.52571 0.605263 0.524942
0 0.285088 0.51957 0.285088 0.520338 0.283991 0.521105 0.283991 0.521873 0.286184 0.523408 0.288377 0.521873 0.288377 0.521105 0.286184 0.51957
0 0.3125 0.517268 0.311404 0.518035 0.309211 0.518035 0.308114 0.518803 0.308114 0.521873 0.307018 0.52264 0.308114 0.523408 0.308114 0.524942 0.309211 0.52571 0.309211 0.526477 0.308114 0.527245 0.307018 0.527245 0.305921 0.528012 0.302632 0.528012 0.300439 0.529547 0.300439 0.532617 0.301535 0.533384 0.301535 0.534152 0.302632 0.534919 0.302632 0.535687 0.304825 0.537222 0.304825 0.541059 0.302632 0.542594 0.302632 0.544129 0.301535 0.544896 0.301535 0.547199 0.302632 0.547966 0.302632 0.549501 0.303728 0.550269 0.303728 0.551036 0.311404 0.556408 0.3125 0.556408 0.313596 0.557176 0.313596 0.557943 0.315789 0.557943 0.316886 0.558711 0.317982 0.557943 0.320175 0.557943 0.321272 0.557176 0.321272 0.553338 0.320175 0.552571 0.319079 0.552571 0.317982 0.551804 0.317982 0.551036 0.314693 0.548734 0.314693 0.547966 0.313596 0.547199 0.313596 0.544129 0.311404 0.542594 0.311404 0.539524 0.313596 0.537989 0.315789 0.537989 0.320175 0.534919 0.320175 0.53185 0.319079 0.531082 0.319079 0.52878 0.320175 0.528012 0.321272 0.528012 0.324561 0.52571 0.324561 0.52264 0.323465 0.521873 0.323465 0.521105 0.320175 0.518803 0.319079 0.518803 0.316886 0.517268
0 0.241228 0.5165 0.241228 0.517268 0.242325 0.518035 0.243421 0.517268 0.244518 0.517268 0.244518 0.5165
0 0.265351 0.515733 0.265351 0.518035 0.267544 0.51957 0.26864 0.51957 0.26864 0.517268 0.266447 0.515733
0 0.664474 0.510361 0.664474 0.511128 0.66557 0.511896 0.66557 0.511128
0 0.258772 0.510361 0.257675 0.511128 0.257675 0.511896 0.260965 0.511896 0.262061 0.511128 0.260965 0.510361
0 0.247807 0.502686 0.248904 0.503454 0.25 0.503454 0.248904 0.502686
0 0.561404 0.499616 0.560307 0.500384 0.560307 0.501151 0.561404 0.501919 0.561404 0.502686 0.563596 0.502686 0.563596 0.499616
0 0.248904 0.498849 0.247807 0.499616 0.248904 0.499616 0.25 0.498849
0 0.530702 0.490407 0.529605 0.491174 0.528509 0.491174 0.529605 0.491942 0.529605 0.492709 0.530702 0.493477 0.531798 0.493477 0.532895 0.494244 0.533991 0.493477 0.536184 0.493477 0.536184 0.492709 0.535088 0.491942 0.536184 0.491174 0.535088 0.490407
0 0.304825 0.470453 0.304825 0.47122 0.305921 0.471988 0.305921 0.472755 0.307018 0.472755 0.307018 0.470453
0 0.616228 0.46815 0.617325 0.468918 0.617325 0.46815
0 0.537281 0.465848 0.529605 0.47122 0.529605 0.475825 0.532895 0.475825 0.537281 0.472755 0.537281 0.471988 0.538377 0.47122 0.538377 0.470453 0.542763 0.467383 0.541667 0.466616 0.541667 0.465848
0 0.3125 0.464313 0.3125 0.465081 0.314693 0.465081 0.315789 0.464313
0 0.600877 0.449731 0.600877 0.450499 0.601974 0.451266 0.60307 0.450499 0.604167 0.450499 0.604167 0.449731
0 0.666667 0.418266 0.666667 0.419033 0.667763 0.419033 0.66886 0.4198 0.669956 0.4198 0.671053 0.420568 0.674342 0.420568 0.675439 0.421335 0.679825 0.421335 0.678728 0.420568 0.675439 0.420568 0.674342 0.4198 0.673246 0.4198 0.672149 0.419033 0.671053 0.419033 0.669956 0.418266
0 0.279605 0.411358 0.279605 0.412126 0.280702 0.412126 0.280702 0.411358
0 0.630482 0.410591 0.629386 0.411358 0.629386 0.415196 0.632675 0.415196 0.633772 0.414428 0.633772 0.412126 0.632675 0.411358 0.631579 0.411358
0 0.658991 0.409823 0.658991 0.412126 0.656798 0.413661 0.656798 0.414428 0.657895 0.415196 0.658991 0.415196 0.660088 0.414428 0.661184 0.414428 0.662281 0.413661 0.662281 0.412893 0.663377 0.412126 0.662281 0.411358 0.662281 0.410591 0.661184 0.409823
0 0.373904 0.409823 0.372807 0.410591 0.371711 0.410591 0.371711 0.411358 0.375 0.411358 0.375 0.410591
0 0.248904 0.408289 0.247807 0.409056 0.248904 0.409823 0.25 0.409056
0 0.41886 0.400614 0.417763 0.401381 0.417763 0.402149 0.41886 0.402916 0.421053 0.402916 0.422149 0.402149 0.422149 0.400614
0 0.609649 0.393707 0.607456 0.395242 0.607456 0.398312 0.610746 0.398312 0.612939 0.396777 0.612939 0.395242 0.610746 0.393707
0 0.244518 0.388335 0.244518 0.389102 0.245614 0.38987 0.245614 0.389102
0 0.427632 0.378358 0.426535 0.379125 0.425439 0.379125 0.425439 0.379893 0.424342 0.38066 0.424342 0.382195 0.425439 0.382962 0.425439 0.38373 0.426535 0.384497 0.427632 0.384497 0.428728 0.385265 0.429825 0.385265 0.430921 0.384497 0.432018 0.384497 0.433114 0.38373 0.433114 0.38066 0.432018 0.379893 0.432018 0.379125 0.430921 0.379125 0.429825 0.378358
0 0.220395 0.373753 0.220395 0.375288 0.221491 0.376055 0.221491 0.37452
0 0.27193 0.366846 0.270833 0.367613 0.274123 0.367613 0.274123 0.366846
0 0.686404 0.363008 0.685307 0.363776 0.686404 0.364543 0.6875 0.364543 0.6875 0.363776
0 0.361842 0.360706 0.360746 0.361474 0.359649 0.361474 0.358553 0.362241 0.358553 0.363776 0.359649 0.364543 0.35636 0.366846 0.355263 0.366846 0.35307 0.368381 0.351974 0.368381 0.350877 0.369148 0.350877 0.369916 0.351974 0.369148 0.354167 0.369148 0.362939 0.363008 0.362939 0.361474
0 0.447368 0.353799 0.445175 0.355334 0.445175 0.356101 0.444079 0.356869 0.444079 0.357636 0.442982 0.358404 0.442982 0.359171 0.441886 0.359939 0.441886 0.363776 0.442982 0.364543 0.442982 0.365311 0.444079 0.366078 0.444079 0.366846 0.449561 0.370683 0.452851 0.370683 0.453947 0.37145 0.45614 0.37145 0.457237 0.370683 0.458333 0.370683 0.45943 0.369916 0.460526 0.369916 0.463816 0.367613 0.463816 0.366846 0.464912 0.366078 0.464912 0.365311 0.463816 0.364543 0.463816 0.362241 0.461623 0.360706 0.461623 0.359171 0.45943 0.357636 0.45943 0.356869 0.45614 0.354566 0.45614 0.353799
0 0.463816 0.346124 0.462719 0.346892 0.462719 0.347659 0.464912 0.347659 0.464912 0.346124
0 0.455044 0.345357 0.453947 0.346124 0.452851 0.346124 0.450658 0.347659 0.450658 0.349194 0.449561 0.349962 0.451754 0.349962 0.452851 0.349194 0.452851 0.348427 0.453947 0.347659 0.458333 0.347659 0.45943 0.346892 0.45943 0.346124 0.458333 0.345357
0 0.285088 0.34152 0.285088 0.342287 0.286184 0.343054 0.287281 0.342287 0.286184 0.34152
0 0.685307 0.340752 0.684211 0.34152 0.684211 0.342287 0.685307 0.342287 0.686404 0.34152
0 0.367325 0.339985 0.366228 0.340752 0.366228 0.342287 0.365132 0.343054 0.365132 0.343822 0.366228 0.344589 0.366228 0.345357 0.367325 0.345357 0.368421 0.344589 0.369518 0.344589 0.369518 0.343054 0.370614 0.342287 0.370614 0.340752 0.369518 0.339985
0 0.344298 0.331543 0.343202 0.33231 0.341009 0.33231 0.339912 0.333078 0.333333 0.333078 0.332237 0.333845 0.333333 0.333845 0.33443 0.334612 0.339912 0.334612 0.341009 0.333845 0.343202 0.333845 0.344298 0.333078 0.347588 0.333078 0.347588 0.331543
0 0.502193 0.330775 0.501096 0.331543 0.5 0.331543 0.498904 0.33231 0.497807 0.331543 0.494518 0.331543 0.493421 0.33231 0.493421 0.333078 0.489035 0.336147 0.489035 0.336915 0.485746 0.339217 0.485746 0.339985 0.482456 0.342287 0.48136 0.342287 0.480263 0.343054 0.480263 0.344589 0.48136 0.345357 0.484649 0.345357 0.485746 0.344589 0.489035 0.344589 0.491228 0.343054 0.492325 0.343054 0.493421 0.342287 0.494518 0.342287 0.496711 0.340752 0.496711 0.339217 0.497807 0.33845 0.497807 0.337682 0.498904 0.336915 0.5 0.336915 0.501096 0.336147 0.502193 0.336147 0.504386 0.337682 0.504386 0.33845 0.505482 0.339217 0.506579 0.33845 0.506579 0.337682 0.508772 0.336147 0.508772 0.33538 0.509868 0.334612 0.508772 0.333845 0.509868 0.333078 0.507675 0.331543 0.506579 0.331543 0.505482 0.330775
0 0.52193 0.32617 0.519737 0.327705 0.519737 0.328473 0.51864 0.32924 0.51864 0.330008 0.517544 0.330775 0.517544 0.336147 0.517544 0.33538 0.519737 0.333845 0.520833 0.333845 0.520833 0.33231 0.52193 0.331543
0 0.561404 0.317728 0.560307 0.318496 0.558114 0.318496 0.557018 0.319263 0.557018 0.320031 0.555921 0.320798 0.555921 0.323101 0.557018 0.323868 0.558114 0.323868 0.559211 0.324635 0.563596 0.324635 0.565789 0.323101 0.565789 0.320031 0.563596 0.318496 0.563596 0.317728
0 0.650219 0.304682 0.649123 0.305449 0.648026 0.305449 0.645833 0.306984 0.645833 0.307751 0.648026 0.307751 0.649123 0.306984 0.650219 0.306984 0.652412 0.305449 0.652412 0.304682
0 0.621711 0.304682 0.621711 0.306216 0.623904 0.307751 0.626096 0.307751 0.627193 0.308519 0.628289 0.307751 0.628289 0.306216 0.627193 0.306216 0.625 0.304682
0 0.383772 0.298542 0.383772 0.299309 0.384868 0.300077 0.384868 0.304682 0.385965 0.305449 0.385965 0.307751 0.387061 0.308519 0.387061 0.310821 0.390351 0.313124 0.39364 0.313124 0.394737 0.312356 0.395833 0.312356 0.395833 0.311589 0.39693 0.310821 0.39693 0.310054 0.398026 0.309286 0.398026 0.306216 0.399123 0.305449 0.399123 0.303147 0.398026 0.302379 0.398026 0.301612 0.39693 0.300844 0.39693 0.300077 0.39364 0.300077 0.392544 0.299309 0.384868 0.299309
0 0.322368 0.278588 0.322368 0.280123 0.324561 0.281658 0.325658 0.281658 0.326754 0.282425 0.326754 0.280123 0.325658 0.279355 0.324561 0.279355 0.323465 0.278588
0 0.321272 0.266309 0.321272 0.267076 0.322368 0.267076 0.322368 0.266309
0 0.345395 0.264774 0.344298 0.265541 0.344298 0.266309 0.345395 0.267076 0.346491 0.267076 0.346491 0.264774
0 0.630482 0.240215 0.629386 0.240982 0.628289 0.240982 0.626096 0.242517 0.626096 0.243285 0.620614 0.247122 0.619518 0.247122 0.618421 0.247889 0.618421 0.248657 0.616228 0.250192 0.615132 0.250192 0.615132 0.250959 0.60636 0.257099 0.60636 0.257866 0.604167 0.259401 0.604167 0.260169 0.601974 0.261704 0.601974 0.263239 0.60307 0.264006 0.60307 0.267076 0.607456 0.270146 0.609649 0.270146 0.610746 0.269378 0.610746 0.266309 0.609649 0.265541 0.610746 0.264774 0.610746 0.264006 0.617325 0.259401 0.618421 0.259401 0.620614 0.257866 0.620614 0.257099 0.623904 0.254797 0.623904 0.253262 0.625 0.252494 0.625 0.251727 0.626096 0.250959 0.626096 0.250192 0.628289 0.248657 0.628289 0.247889 0.629386 0.247122 0.629386 0.245587 0.630482 0.24482 0.630482 0.244052 0.631579 0.243285 0.631579 0.240982 0.632675 0.240215
0 0.680921 0.230238 0.679825 0.231005 0.679825 0.234075 0.682018 0.23561 0.684211 0.23561 0.6875 0.237913 0.6875 0.23868 0.688596 0.239447 0.692982 0.239447 0.694079 0.23868 0.694079 0.237913 0.692982 0.237145 0.690789 0.237145 0.689693 0.236378 0.686404 0.236378 0.685307 0.23561 0.686404 0.234843 0.686404 0.23254 0.685307 0.231773 0.685307 0.231005 0.684211 0.230238
0 0.669956 0.210284 0.66886 0.211051 0.66886 0.211819 0.66557 0.214121 0.66557 0.214889 0.664474 0.215656 0.664474 0.217959 0.66557 0.218726 0.66557 0.219493 0.666667 0.220261 0.66886 0.220261 0.672149 0.217959 0.673246 0.217959 0.674342 0.217191 0.674342 0.216424 0.675439 0.215656 0.675439 0.210284
0 0.505482 0.188028 0.504386 0.188795 0.504386 0.189563 0.503289 0.19033 0.503289 0.1934 0.502193 0.194167 0.503289 0.194935 0.503289 0.195702 0.504386 0.19647 0.504386 0.197237 0.505482 0.197237 0.506579 0.198005 0.508772 0.198005 0.509868 0.198772 0.512061 0.198772 0.513158 0.198005 0.515351 0.198005 0.517544 0.19647 0.517544 0.194935 0.51864 0.194167 0.51864 0.1934 0.517544 0.192632 0.517544 0.189563 0.515351 0.188028
0 0.45614 0.178818 0.455044 0.179586 0.453947 0.179586 0.453947 0.180353 0.452851 0.18112 0.455044 0.18112 0.457237 0.179586 0.457237 0.178818
0 0.501096 0.171911 0.501096 0.172678 0.5 0.173446 0.501096 0.174213 0.501096 0.174981 0.502193 0.174981 0.503289 0.174213 0.503289 0.172678 0.502193 0.171911
0 0.482456 0.159632 0.482456 0.166539 0.483553 0.167306 0.484649 0.167306 0.484649 0.164236 0.483553 0.163469 0.483553 0.160399
0 0.610746 0.149655 0.609649 0.150422 0.609649 0.151957 0.610746 0.152724 0.612939 0.152724 0.615132 0.15119 0.615132 0.150422 0.614035 0.149655
0 0.487939 0.148887 0.487939 0.150422 0.490132 0.148887
0 0.493421 0.141213 0.493421 0.142748 0.494518 0.143515 0.494518 0.14198
0 0.58443 0.133538 0.583333 0.134305 0.582237 0.134305 0.582237 0.135073 0.58114 0.13584 0.58114 0.136608 0.580044 0.137375 0.580044 0.138143 0.582237 0.139678 0.582237 0.140445 0.585526 0.140445 0.586623 0.139678 0.587719 0.139678 0.587719 0.13891 0.588816 0.138143 0.588816 0.135073 0.586623 0.133538
0 0.616228 0.128933 0.615132 0.129701 0.615132 0.130468 0.614035 0.131236 0.614035 0.135073 0.615132 0.13584 0.616228 0.135073 0.617325 0.135073 0.618421 0.134305 0.619518 0.134305 0.619518 0.133538 0.620614 0.132771 0.620614 0.130468 0.619518 0.129701 0.619518 0.128933
