0 0.257675 0.815042 0.256579 0.81581 0.258772 0.81581
0 0.216009 0.80046 0.214912 0.801228 0.214912 0.801995 0.213816 0.802763 0.213816 0.80353 0.212719 0.804298 0.212719 0.805065 0.211623 0.805833 0.211623 0.807368 0.210526 0.808135 0.210526 0.81274 0.211623 0.813507 0.211623 0.81581 0.212719 0.816577 0.212719 0.817345 0.212719 0.81581 0.211623 0.815042 0.211623 0.807368 0.212719 0.8066 0.212719 0.805065 0.216009 0.802763 0.216009 0.801995 0.217105 0.801228 0.217105 0.80046
0 0.202851 0.778972 0.202851 0.779739 0.201754 0.780507 0.201754 0.781274 0.202851 0.781274 0.205044 0.779739 0.205044 0.778972
0 0.319079 0.766692 0.319079 0.768227 0.320175 0.768995 0.321272 0.768227
0 0.219298 0.762087 0.217105 0.763622 0.217105 0.76439 0.216009 0.765157 0.216009 0.766692 0.219298 0.766692 0.219298 0.765925 0.220395 0.765157 0.220395 0.762855
0 0.371711 0.749808 0.372807 0.750576 0.378289 0.750576 0.377193 0.749808
0 0.254386 0.749041 0.25 0.752111 0.25 0.752878 0.251096 0.753645 0.251096 0.754413 0.251096 0.752111 0.254386 0.749808 0.257675 0.749808 0.257675 0.749041
0 0.366228 0.748273 0.366228 0.749808 0.368421 0.749808 0.368421 0.749041 0.367325 0.748273
0 0.324561 0.744436 0.324561 0.748273 0.325658 0.749041 0.327851 0.749041 0.328947 0.748273 0.330044 0.748273 0.330044 0.746738 0.326754 0.744436
0 0.263158 0.743668 0.263158 0.748273 0.264254 0.749041 0.264254 0.750576 0.265351 0.751343 0.265351 0.752111 0.266447 0.752111 0.266447 0.751343 0.267544 0.750576 0.266447 0.749808 0.266447 0.749041 0.265351 0.749041 0.264254 0.748273 0.264254 0.746738 0.265351 0.745971 0.266447 0.746738 0.266447 0.744436 0.265351 0.743668
0 0.16557 0.726017 0.16557 0.726784 0.166667 0.726784
0 0.375 0.71911 0.375 0.719877 0.376096 0.719877 0.376096 0.71911
0 0.391447 0.703761 0.391447 0.705295 0.392544 0.705295 0.392544 0.703761
0 0.433114 0.686876 0.433114 0.687644 0.435307 0.689179 0.436404 0.689179 0.436404 0.688411 0.434211 0.686876
0 0.395833 0.681504 0.39693 0.682272 0.39693 0.681504
0 0.460526 0.678434 0.460526 0.679202 0.461623 0.679969 0.462719 0.679969 0.463816 0.680737
0 0.166667 0.677667 0.166667 0.679202 0.167763 0.679202 0.16886 0.678434 0.167763 0.677667
0 0.411184 0.674597 0.412281 0.675365 0.412281 0.674597
0 0.428728 0.671527 0.429825 0.672295 0.429825 0.673062 0.430921 0.67383 0.429825 0.674597 0.429825 0.676899 0.432018 0.676899 0.432018 0.675365 0.430921 0.674597 0.430921 0.673062
0 0.378289 0.668457 0.378289 0.669225 0.377193 0.669992 0.377193 0.671527 0.376096 0.672295 0.376096 0.673062 0.380482 0.673062 0.380482 0.672295 0.381579 0.671527 0.381579 0.668457
0 0.158991 0.663853 0.157895 0.66462 0.156798 0.66462 0.156798 0.665388 0.157895 0.665388 0.158991 0.66462
0 0.163377 0.663085 0.164474 0.663853 0.16557 0.663853 0.16557 0.663085
0 0.398026 0.660015 0.398026 0.66155 0.400219 0.66155 0.400219 0.660015
0 0.252193 0.657713 0.252193 0.660783 0.253289 0.660783 0.253289 0.65848
0 0.260965 0.631619 0.259868 0.632387 0.258772 0.632387 0.256579 0.633922 0.256579 0.634689 0.255482 0.635457 0.255482 0.636224 0.254386 0.636992 0.254386 0.640829 0.253289 0.641596 0.253289 0.646969 0.255482 0.648503 0.252193 0.650806 0.252193 0.651573 0.253289 0.652341 0.253289 0.650806 0.254386 0.650038 0.254386 0.649271 0.255482 0.648503 0.255482 0.647736 0.256579 0.646969 0.256579 0.646201 0.260965 0.643131 0.260965 0.641596 0.262061 0.640829 0.262061 0.639294 0.263158 0.638526 0.263158 0.637759 0.263158 0.638526 0.262061 0.639294 0.260965 0.638526 0.260965 0.636992 0.262061 0.636224 0.264254 0.636224 0.264254 0.633922 0.263158 0.633154 0.263158 0.631619
0 0.436404 0.621642 0.435307 0.62241 0.433114 0.62241 0.429825 0.624712 0.429825 0.62548 0.428728 0.626247 0.428728 0.627015 0.429825 0.627015 0.429825 0.62548 0.433114 0.623177 0.434211 0.623177 0.435307 0.62241 0.436404 0.62241
0 0.167763 0.617805 0.16886 0.618573 0.169956 0.618573 0.169956 0.617805
0 0.39364 0.612433 0.392544 0.6132 0.39364 0.613968 0.395833 0.613968 0.395833 0.612433
0 0.47807 0.607061 0.47807 0.609363 0.479167 0.61013 0.480263 0.609363 0.480263 0.607061
0 0.480263 0.601688 0.479167 0.602456 0.479167 0.603223 0.480263 0.603991 0.48136 0.603991 0.48136 0.602456
0 0.197368 0.597851 0.198465 0.598619 0.198465 0.597851
0 0.278509 0.579432 0.276316 0.580967 0.276316 0.581734 0.274123 0.583269 0.274123 0.584804 0.273026 0.585572 0.273026 0.587107 0.269737 0.589409 0.26864 0.589409 0.26864 0.591711 0.269737 0.592479 0.269737 0.598619 0.26864 0.599386 0.269737 0.600153 0.269737 0.602456 0.270833 0.603223 0.270833 0.605526 0.27193 0.606293 0.27193 0.607828 0.275219 0.61013 0.278509 0.61013 0.279605 0.609363 0.281798 0.609363 0.282895 0.608596 0.283991 0.608596 0.283991 0.607061 0.285088 0.606293 0.285088 0.605526 0.286184 0.604758 0.285088 0.603991 0.285088 0.600153 0.283991 0.599386 0.283991 0.597851 0.282895 0.597084 0.282895 0.594014 0.281798 0.593246 0.281798 0.592479 0.282895 0.591711 0.282895 0.590944 0.285088 0.589409 0.285088 0.587107 0.286184 0.586339 0.286184 0.582502 0.287281 0.581734 0.287281 0.5802 0.286184 0.579432 0.285088 0.579432 0.283991 0.5802 0.281798 0.5802 0.280702 0.579432
0 0.557018 0.577897 0.557018 0.578665 0.559211 0.578665 0.560307 0.579432 0.561404 0.579432 0.5625 0.5802 0.564693 0.5802 0.565789 0.580967 0.566886 0.580967 0.565789 0.580967 0.563596 0.579432 0.560307 0.579432 0.558114 0.577897
0 0.54386 0.574827 0.544956 0.575595 0.544956 0.574827
0 0.237939 0.570223 0.236842 0.57099 0.236842 0.57406 0.235746 0.574827 0.236842 0.575595 0.236842 0.57713 0.239035 0.57713 0.240132 0.576362 0.240132 0.57406 0.241228 0.573292 0.241228 0.57099 0.240132 0.570223
0 0.515351 0.565618 0.515351 0.566385 0.514254 0.567153 0.514254 0.56792 0.515351 0.568688 0.516447 0.56792 0.51864 0.56792 0.51864 0.566385 0.517544 0.565618
0 0.241228 0.56485 0.241228 0.565618 0.242325 0.566385 0.243421 0.566385 0.242325 0.565618 0.242325 0.56485
0 0.23136 0.562548 0.230263 0.563315 0.230263 0.567153 0.232456 0.567153 0.234649 0.568688 0.235746 0.568688 0.235746 0.56792 0.233553 0.566385 0.233553 0.563315 0.232456 0.562548
0 0.287281 0.561781 0.287281 0.563315 0.289474 0.563315 0.288377 0.562548 0.288377 0.561781
0 0.326754 0.536454 0.325658 0.537222 0.325658 0.537989 0.324561 0.538757 0.327851 0.541059 0.327851 0.547199 0.328947 0.547966 0.328947 0.548734 0.330044 0.549501 0.330044 0.550269 0.332237 0.551804 0.333333 0.551804 0.33443 0.552571 0.335526 0.552571 0.336623 0.553338 0.336623 0.554873 0.337719 0.554873 0.338816 0.555641 0.338816 0.560246 0.337719 0.561013 0.337719 0.561781 0.338816 0.562548 0.338816 0.564083 0.339912 0.56485 0.339912 0.56792 0.341009 0.568688 0.341009 0.569455 0.343202 0.57099 0.343202 0.573292 0.346491 0.575595 0.346491 0.576362 0.347588 0.576362 0.350877 0.578665 0.350877 0.579432 0.351974 0.5802 0.354167 0.5802 0.355263 0.580967 0.35636 0.580967 0.358553 0.582502 0.359649 0.582502 0.360746 0.583269 0.362939 0.583269 0.364035 0.584037 0.367325 0.584037 0.368421 0.583269 0.377193 0.583269 0.378289 0.582502 0.382675 0.582502 0.387061 0.579432 0.387061 0.578665 0.388158 0.577897 0.389254 0.577897 0.390351 0.57713 0.391447 0.57713 0.392544 0.576362 0.392544 0.575595 0.39364 0.574827 0.395833 0.574827 0.399123 0.572525 0.399123 0.571757 0.400219 0.57099 0.400219 0.570223 0.401316 0.569455 0.401316 0.568688 0.402412 0.56792 0.402412 0.566385 0.403509 0.565618 0.403509 0.562548 0.405702 0.561013 0.406798 0.561013 0.406798 0.557943 0.404605 0.556408 0.403509 0.556408 0.402412 0.555641 0.390351 0.555641 0.389254 0.556408 0.388158 0.556408 0.387061 0.557176 0.385965 0.557176 0.385965 0.557943 0.382675 0.560246 0.382675 0.561013 0.381579 0.561781 0.381579 0.562548 0.380482 0.563315 0.380482 0.564083 0.379386 0.56485 0.379386 0.568688 0.377193 0.570223 0.376096 0.570223 0.375 0.57099 0.373904 0.570223 0.372807 0.570223 0.370614 0.571757 0.369518 0.571757 0.368421 0.572525 0.362939 0.572525 0.361842 0.571757 0.361842 0.57099 0.359649 0.569455 0.359649 0.56792 0.358553 0.567153 0.358553 0.564083 0.359649 0.563315 0.361842 0.563315 0.361842 0.562548 0.360746 0.561781 0.360746 0.561013 0.359649 0.560246 0.359649 0.558711 0.358553 0.557943 0.358553 0.557176 0.357456 0.556408 0.357456 0.554873 0.35636 0.554106 0.35636 0.553338 0.354167 0.551804 0.354167 0.551036 0.35307 0.550269 0.35307 0.549501 0.351974 0.548734 0.351974 0.547966 0.350877 0.547199 0.350877 0.546431 0.347588 0.544129 0.347588 0.543361 0.346491 0.543361 0.342105 0.540292 0.341009 0.540292 0.339912 0.539524 0.338816 0.539524 0.337719 0.538757 0.335526 0.538757 0.333333 0.537222 0.33114 0.537222 0.330044 0.536454
0 0.597588 0.529547 0.597588 0.530315 0.598684 0.530315
0 0.656798 0.52571 0.656798 0.526477 0.658991 0.528012 0.658991 0.526477 0.657895 0.52571
0 0.270833 0.521873 0.269737 0.52264 0.269737 0.524942 0.273026 0.524942 0.273026 0.52264 0.27193 0.52264
0 0.285088 0.521105 0.283991 0.521873 0.282895 0.521873 0.282895 0.524175 0.283991 0.524942 0.285088 0.524942 0.286184 0.524175 0.286184 0.521873
0 0.3125 0.520338 0.311404 0.521105 0.310307 0.521105 0.309211 0.521873 0.309211 0.52264 0.308114 0.523408 0.308114 0.524175 0.305921 0.52571 0.305921 0.526477 0.302632 0.52878 0.302632 0.529547 0.301535 0.530315 0.301535 0.531082 0.300439 0.53185 0.300439 0.532617 0.299342 0.533384 0.300439 0.534152 0.300439 0.534919 0.299342 0.535687 0.299342 0.536454 0.300439 0.537222 0.300439 0.537989 0.301535 0.538757 0.301535 0.539524 0.307018 0.543361 0.307018 0.544896 0.308114 0.545664 0.309211 0.545664 0.311404 0.544129 0.311404 0.539524 0.313596 0.537989 0.313596 0.537222 0.314693 0.536454 0.315789 0.536454 0.315789 0.535687 0.316886 0.534919 0.316886 0.533384 0.324561 0.528012 0.324561 0.527245 0.325658 0.526477 0.325658 0.524942 0.324561 0.524175 0.324561 0.523408 0.323465 0.523408 0.321272 0.521873 0.320175 0.521873 0.317982 0.520338 0.316886 0.520338 0.315789 0.521105 0.314693 0.521105 0.313596 0.520338
0 0.252193 0.513431 0.252193 0.514965 0.253289 0.514965 0.253289 0.514198
0 0.252193 0.508058 0.252193 0.508826 0.253289 0.508826 0.253289 0.508058
0 0.538377 0.492709 0.538377 0.493477 0.537281 0.494244 0.537281 0.495012 0.538377 0.495779 0.538377 0.497314 0.539474 0.498081 0.539474 0.498849 0.541667 0.500384 0.542763 0.500384 0.542763 0.498849 0.54386 0.498081 0.54386 0.497314 0.542763 0.496546 0.542763 0.495012 0.541667 0.494244 0.541667 0.493477 0.54057 0.493477 0.539474 0.492709
0 0.310307 0.476592 0.310307 0.47736 0.311404 0.47736 0.311404 0.476592
0 0.620614 0.469685 0.620614 0.470453 0.621711 0.47122 0.622807 0.47122 0.622807 0.470453 0.621711 0.469685
0 0.322368 0.461243 0.321272 0.462011 0.321272 0.462778 0.322368 0.462778 0.323465 0.462011 0.323465 0.461243
0 0.589912 0.451266 0.589912 0.452034 0.592105 0.453569 0.593202 0.453569 0.593202 0.452034 0.592105 0.451266
0 0.656798 0.450499 0.657895 0.451266 0.658991 0.451266 0.660088 0.452034 0.662281 0.452034 0.663377 0.452801 0.664474 0.452801 0.66557 0.453569 0.666667 0.453569 0.66886 0.455104 0.66886 0.454336 0.669956 0.453569 0.678728 0.453569 0.667763 0.453569 0.666667 0.452801 0.66557 0.452801 0.664474 0.452034 0.662281 0.452034 0.661184 0.451266 0.660088 0.451266 0.658991 0.450499
0 0.633772 0.43515 0.633772 0.435917 0.634868 0.436685 0.634868 0.435917
0 0.35636 0.426708 0.355263 0.427475 0.354167 0.427475 0.354167 0.428243 0.355263 0.428243 0.35636 0.427475
0 0.642544 0.42287 0.642544 0.424405 0.64364 0.425173 0.644737 0.424405 0.644737 0.42287
0 0.64693 0.412893 0.645833 0.413661 0.649123 0.413661 0.648026 0.412893
0 0.283991 0.411358 0.283991 0.412126 0.285088 0.411358
0 0.388158 0.409823 0.387061 0.410591 0.385965 0.410591 0.385965 0.411358 0.387061 0.412126 0.389254 0.410591
0 0.251096 0.407521 0.251096 0.409056 0.252193 0.409056 0.252193 0.407521
0 0.633772 0.405219 0.632675 0.405986 0.631579 0.405986 0.631579 0.406754 0.630482 0.407521 0.630482 0.408289 0.629386 0.409056 0.629386 0.411358 0.630482 0.412126 0.630482 0.412893 0.631579 0.412893 0.633772 0.414428 0.634868 0.414428 0.634868 0.413661 0.635965 0.412893 0.635965 0.410591 0.638158 0.409056 0.638158 0.405986 0.637061 0.405219
0 0.416667 0.400614 0.41557 0.401381 0.41557 0.402149 0.416667 0.402916 0.41886 0.402916 0.419956 0.402149 0.419956 0.401381 0.41886 0.401381 0.417763 0.400614
0 0.604167 0.399079 0.604167 0.399847 0.60307 0.400614 0.60307 0.401381 0.601974 0.402149 0.601974 0.405219 0.60307 0.405986 0.605263 0.405986 0.60636 0.405219 0.60636 0.400614 0.605263 0.399847 0.605263 0.399079
0 0.232456 0.38373 0.232456 0.384497 0.234649 0.384497 0.235746 0.38373
0 0.429825 0.382195 0.428728 0.382962 0.427632 0.382962 0.426535 0.38373 0.426535 0.387567 0.429825 0.38987 0.433114 0.38987 0.434211 0.389102 0.434211 0.388335 0.435307 0.387567 0.435307 0.385265 0.434211 0.384497 0.434211 0.38373 0.432018 0.382195
0 0.282895 0.366846 0.282895 0.368381 0.283991 0.367613 0.283991 0.366846
0 0.682018 0.365311 0.682018 0.366078 0.683114 0.366078 0.684211 0.366846 0.685307 0.366846 0.685307 0.366078 0.684211 0.365311
0 0.369518 0.358404 0.369518 0.360706 0.371711 0.360706 0.372807 0.359939 0.371711 0.359171 0.371711 0.358404
0 0.455044 0.354566 0.453947 0.355334 0.449561 0.355334 0.448465 0.356101 0.448465 0.357636 0.447368 0.358404 0.447368 0.359939 0.446272 0.360706 0.446272 0.361474 0.445175 0.362241 0.445175 0.363008 0.440789 0.366078 0.440789 0.367613 0.439693 0.368381 0.439693 0.372218 0.440789 0.372985 0.440789 0.37452 0.441886 0.375288 0.441886 0.376055 0.446272 0.379125 0.446272 0.379893 0.452851 0.379893 0.455044 0.378358 0.45614 0.378358 0.463816 0.372985 0.463816 0.372218 0.462719 0.37145 0.463816 0.370683 0.464912 0.370683 0.464912 0.369148 0.463816 0.368381 0.463816 0.359939 0.461623 0.358404 0.461623 0.357636 0.457237 0.354566
0 0.464912 0.346892 0.464912 0.349962 0.466009 0.349962 0.468202 0.351497 0.473684 0.351497 0.474781 0.350729 0.47807 0.350729 0.479167 0.349962 0.48136 0.349962 0.482456 0.349194 0.484649 0.349194 0.485746 0.348427 0.486842 0.348427 0.487939 0.347659 0.482456 0.347659 0.48136 0.346892 0.480263 0.346892 0.479167 0.347659 0.468202 0.347659 0.467105 0.346892
0 0.296053 0.343054 0.294956 0.343822 0.29386 0.343822 0.29386 0.345357 0.294956 0.345357 0.294956 0.344589 0.296053 0.343822
0 0.372807 0.337682 0.372807 0.33845 0.371711 0.339217 0.371711 0.340752 0.372807 0.34152 0.372807 0.342287 0.376096 0.342287 0.376096 0.34152 0.377193 0.340752 0.377193 0.33845 0.376096 0.337682
0 0.519737 0.331543 0.517544 0.333078 0.515351 0.333078 0.512061 0.33538 0.510965 0.334612 0.509868 0.334612 0.509868 0.340752 0.509868 0.339985 0.512061 0.33845 0.513158 0.33845 0.514254 0.339217 0.516447 0.339217 0.516447 0.33845 0.519737 0.336147 0.519737 0.33538 0.520833 0.334612 0.520833 0.331543
0 0.289474 0.327705 0.288377 0.328473 0.289474 0.32924 0.29057 0.32924 0.291667 0.328473 0.291667 0.327705
0 0.549342 0.319263 0.547149 0.320798 0.547149 0.322333 0.548246 0.323101 0.548246 0.323868 0.550439 0.325403 0.551535 0.325403 0.552632 0.32617 0.554825 0.32617 0.555921 0.326938 0.557018 0.326938 0.558114 0.327705 0.559211 0.327705 0.560307 0.326938 0.5625 0.326938 0.5625 0.32617 0.558114 0.323101 0.558114 0.322333 0.554825 0.320031 0.553728 0.320031 0.552632 0.319263
0 0.39364 0.303914 0.392544 0.304682 0.390351 0.304682 0.389254 0.305449 0.388158 0.305449 0.387061 0.306216 0.384868 0.306216 0.383772 0.306984 0.384868 0.307751 0.384868 0.309286 0.385965 0.310054 0.385965 0.310821 0.387061 0.311589 0.387061 0.312356 0.388158 0.313124 0.388158 0.314658 0.389254 0.315426 0.389254 0.316193 0.392544 0.318496 0.39364 0.318496 0.394737 0.319263 0.395833 0.319263 0.399123 0.316961 0.399123 0.316193 0.400219 0.315426 0.400219 0.314658 0.401316 0.313891 0.401316 0.310054 0.400219 0.309286 0.400219 0.306984 0.395833 0.303914
0 0.33114 0.284728 0.330044 0.285495 0.33114 0.286262 0.333333 0.286262 0.33443 0.285495 0.33443 0.284728
0 0.599781 0.264006 0.598684 0.264774 0.595395 0.264774 0.594298 0.265541 0.594298 0.266309 0.592105 0.267843 0.592105 0.268611 0.591009 0.269378 0.591009 0.272448 0.589912 0.273216 0.589912 0.274751 0.591009 0.275518 0.591009 0.276285 0.592105 0.277053 0.592105 0.27782 0.593202 0.277053 0.594298 0.277053 0.595395 0.276285 0.596491 0.276285 0.599781 0.273983 0.600877 0.273983 0.605263 0.270913 0.605263 0.270146 0.60636 0.269378 0.60636 0.268611 0.607456 0.267843 0.607456 0.267076 0.60636 0.266309 0.60636 0.264774 0.604167 0.264774 0.60307 0.264006
0 0.345395 0.261704 0.346491 0.262471 0.347588 0.262471 0.347588 0.261704
0 0.323465 0.260936 0.323465 0.261704 0.324561 0.261704
0 0.316886 0.254029 0.315789 0.254797 0.316886 0.254797 0.317982 0.255564 0.317982 0.254797
0 0.391447 0.23561 0.391447 0.236378 0.392544 0.236378 0.39364 0.23561
0 0.695175 0.221028 0.695175 0.221796 0.696272 0.222563 0.696272 0.221028
0 0.676535 0.206447 0.676535 0.207214 0.674342 0.208749 0.674342 0.209517 0.672149 0.211051 0.672149 0.214121 0.674342 0.215656 0.676535 0.215656 0.677632 0.214889 0.678728 0.214889 0.679825 0.214121 0.680921 0.214121 0.682018 0.213354 0.682018 0.212586 0.683114 0.211819 0.683114 0.209517 0.682018 0.209517 0.679825 0.207982 0.679825 0.207214 0.678728 0.206447
0 0.504386 0.188795 0.503289 0.189563 0.503289 0.19033 0.502193 0.191097 0.502193 0.191865 0.5 0.1934 0.5 0.194167 0.498904 0.194935 0.498904 0.195702 0.5 0.19647 0.5 0.197237 0.503289 0.19954 0.506579 0.19954 0.507675 0.200307 0.508772 0.200307 0.509868 0.19954 0.510965 0.19954 0.513158 0.198005 0.513158 0.197237 0.514254 0.19647 0.514254 0.192632 0.513158 0.191865 0.513158 0.191097 0.510965 0.189563 0.507675 0.189563 0.506579 0.188795
0 0.461623 0.177283 0.461623 0.178818 0.462719 0.178818 0.462719 0.178051
0 0.506579 0.174213 0.505482 0.174981 0.505482 0.176516 0.506579 0.177283 0.508772 0.177283 0.509868 0.176516 0.509868 0.174213
0 0.504386 0.164236 0.503289 0.165004 0.5 0.165004 0.497807 0.166539 0.496711 0.166539 0.495614 0.167306 0.494518 0.167306 0.492325 0.168841 0.491228 0.168841 0.489035 0.170376 0.489035 0.171144 0.491228 0.171144 0.492325 0.170376 0.493421 0.170376 0.494518 0.169609 0.496711 0.169609 0.498904 0.168074 0.5 0.168074 0.501096 0.167306 0.502193 0.167306 0.504386 0.165771
0 0.617325 0.143515 0.616228 0.144282 0.616228 0.145817 0.617325 0.146585 0.617325 0.14812 0.619518 0.146585 0.619518 0.144282 0.618421 0.143515
0 0.578947 0.135073 0.577851 0.13584 0.575658 0.13584 0.573465 0.137375 0.573465 0.140445 0.575658 0.14198 0.576754 0.14198 0.577851 0.141213 0.578947 0.141213 0.58114 0.139678 0.583333 0.139678 0.58443 0.13891 0.58443 0.136608 0.583333 0.13584 0.582237 0.13584 0.58114 0.135073
0 0.629386 0.125096 0.628289 0.125863 0.626096 0.125863 0.625 0.126631 0.623904 0.126631 0.620614 0.128933 0.620614 0.130468 0.621711 0.131236 0.623904 0.131236 0.627193 0.128933 0.628289 0.128933 0.629386 0.129701 0.630482 0.128933 0.632675 0.128933 0.633772 0.129701 0.634868 0.129701 0.635965 0.130468 0.638158 0.130468 0.639254 0.131236 0.640351 0.130468 0.64364 0.130468 0.644737 0.129701 0.645833 0.129701 0.645833 0.128166 0.64693 0.127398 0.64693 0.126631 0.645833 0.125863 0.638158 0.125863 0.637061 0.125096
0 0.700658 0.101305 0.700658 0.102072 0.702851 0.102072 0.702851 0.101305
0 0.641447 0.0844206 0.640351 0.085188 0.641447 0.0859555
