0 0.304825 0.81581 0.305921 0.81581 0.307018 0.816577 0.308114 0.81581
0 0.264254 0.811205 0.264254 0.811972 0.265351 0.811205
0 0.341009 0.788949 0.339912 0.789716 0.339912 0.791251 0.341009 0.791251
0 0.319079 0.766692 0.317982 0.76746 0.317982 0.768995 0.320175 0.768995 0.320175 0.76746
0 0.22807 0.75518 0.230263 0.756715 0.229167 0.757483 0.22807 0.757483 0.226974 0.756715 0.226974 0.757483 0.22807 0.75825 0.229167 0.75825 0.23136 0.756715 0.230263 0.755948 0.230263 0.75518
0 0.324561 0.745203 0.324561 0.749041 0.325658 0.749808 0.328947 0.749808 0.330044 0.749041 0.330044 0.747506 0.328947 0.746738 0.328947 0.745971 0.327851 0.745971 0.326754 0.745203
0 0.361842 0.742901 0.361842 0.744436 0.362939 0.744436 0.362939 0.743668
0 0.162281 0.733691 0.160088 0.735226 0.160088 0.737529 0.158991 0.738296 0.158991 0.739064 0.160088 0.739064 0.160088 0.738296 0.161184 0.737529 0.161184 0.736761 0.162281 0.735994
0 0.256579 0.728319 0.256579 0.731389 0.262061 0.735226 0.264254 0.735226 0.264254 0.734459 0.265351 0.733691 0.265351 0.732157 0.260965 0.729087 0.259868 0.729087 0.258772 0.728319
0 0.16886 0.717575 0.16886 0.720645 0.171053 0.71911 0.169956 0.718342 0.169956 0.717575
0 0.375 0.71604 0.375 0.716807 0.376096 0.716807
0 0.39364 0.704528 0.39364 0.706063 0.394737 0.706063 0.39364 0.705295
0 0.421053 0.679202 0.421053 0.680737 0.422149 0.681504 0.424342 0.681504 0.424342 0.679969 0.423246 0.679202
0 0.169956 0.676899 0.16886 0.677667 0.16886 0.678434 0.169956 0.679202 0.171053 0.678434 0.171053 0.676899
0 0.407895 0.673062 0.408991 0.67383 0.410088 0.67383 0.408991 0.673062
0 0.398026 0.673062 0.398026 0.675365 0.399123 0.674597 0.399123 0.673062
0 0.401316 0.66155 0.401316 0.66462 0.402412 0.66462 0.402412 0.663853 0.403509 0.663085
0 0.384868 0.65848 0.383772 0.659248 0.383772 0.663853 0.382675 0.66462 0.382675 0.665388 0.383772 0.666155 0.383772 0.666922 0.384868 0.66769 0.385965 0.666922 0.385965 0.66462 0.387061 0.663853 0.387061 0.663085 0.385965 0.662318 0.387061 0.66155 0.387061 0.659248 0.385965 0.65848
0 0.257675 0.638526 0.255482 0.640061 0.255482 0.640829 0.254386 0.641596 0.254386 0.642364 0.253289 0.643131 0.253289 0.646201 0.254386 0.646969 0.254386 0.649271 0.253289 0.650038 0.253289 0.651573 0.252193 0.652341 0.252193 0.660015 0.251096 0.660783 0.251096 0.663085 0.25 0.663853 0.25 0.66462 0.248904 0.665388 0.248904 0.666922 0.247807 0.66769 0.247807 0.668457 0.246711 0.669225 0.246711 0.67076 0.245614 0.671527 0.245614 0.67383 0.244518 0.674597 0.244518 0.677667 0.243421 0.678434 0.243421 0.679202 0.242325 0.679969 0.242325 0.683039 0.241228 0.683807 0.241228 0.686876 0.240132 0.687644 0.240132 0.689179 0.241228 0.689946 0.245614 0.689946 0.247807 0.688411 0.248904 0.688411 0.251096 0.686876 0.251096 0.686109 0.252193 0.685342 0.252193 0.684574 0.253289 0.683807 0.253289 0.676132 0.254386 0.675365 0.254386 0.67383 0.255482 0.673062 0.255482 0.671527 0.256579 0.67076 0.256579 0.669225 0.257675 0.668457 0.257675 0.656946 0.258772 0.656178 0.258772 0.641596 0.259868 0.640829 0.258772 0.640061 0.258772 0.639294
0 0.395833 0.6132 0.394737 0.613968 0.395833 0.614735 0.395833 0.615503 0.39693 0.615503 0.398026 0.61627 0.399123 0.615503 0.399123 0.614735 0.39693 0.6132
0 0.27193 0.607828 0.269737 0.609363 0.26864 0.609363 0.26864 0.61013 0.267544 0.610898 0.267544 0.611665 0.266447 0.612433 0.266447 0.6132 0.265351 0.613968 0.265351 0.614735 0.264254 0.615503 0.264254 0.617805 0.263158 0.618573 0.263158 0.620875 0.262061 0.621642 0.262061 0.623177 0.260965 0.623945 0.260965 0.62548 0.259868 0.626247 0.259868 0.627782 0.260965 0.62855 0.260965 0.631619 0.262061 0.632387 0.262061 0.634689 0.263158 0.635457 0.264254 0.635457 0.266447 0.633922 0.266447 0.632387 0.267544 0.631619 0.267544 0.629317 0.26864 0.62855 0.26864 0.627015 0.269737 0.626247 0.269737 0.62548 0.270833 0.624712 0.270833 0.623945 0.27193 0.623177 0.27193 0.62241 0.273026 0.621642 0.273026 0.615503 0.274123 0.614735 0.274123 0.610898 0.275219 0.61013 0.275219 0.608596 0.274123 0.607828
0 0.479167 0.607061 0.47807 0.607828 0.47807 0.608596 0.480263 0.608596 0.480263 0.607828
0 0.498904 0.603991 0.498904 0.605526 0.5 0.604758 0.5 0.603991
0 0.188596 0.600153 0.186404 0.601688 0.186404 0.602456 0.1875 0.602456 0.1875 0.601688 0.188596 0.600921 0.189693 0.600921
0 0.197368 0.597084 0.197368 0.597851 0.198465 0.597851 0.198465 0.597084
0 0.282895 0.577897 0.280702 0.579432 0.280702 0.5802 0.281798 0.580967 0.281798 0.581734 0.282895 0.581734 0.283991 0.582502 0.285088 0.582502 0.287281 0.584037 0.291667 0.584037 0.292763 0.583269 0.292763 0.582502 0.291667 0.581734 0.291667 0.579432 0.29057 0.579432 0.288377 0.577897
0 0.379386 0.572525 0.379386 0.573292 0.378289 0.57406 0.379386 0.574827 0.379386 0.575595 0.380482 0.576362 0.380482 0.57713 0.380482 0.574827 0.379386 0.57406
0 0.244518 0.568688 0.243421 0.569455 0.242325 0.569455 0.241228 0.570223 0.241228 0.571757 0.244518 0.57406 0.245614 0.57406 0.247807 0.575595 0.251096 0.575595 0.252193 0.576362 0.259868 0.576362 0.260965 0.575595 0.260965 0.574827 0.259868 0.57406 0.259868 0.573292 0.258772 0.572525 0.257675 0.572525 0.256579 0.571757 0.255482 0.571757 0.253289 0.570223 0.252193 0.570223 0.251096 0.569455 0.247807 0.569455 0.246711 0.568688
0 0.528509 0.567153 0.528509 0.56792 0.529605 0.568688 0.529605 0.569455 0.530702 0.570223 0.530702 0.57099 0.536184 0.574827 0.536184 0.576362 0.537281 0.57713 0.537281 0.578665 0.538377 0.579432 0.538377 0.57713 0.537281 0.576362 0.537281 0.574827 0.538377 0.57406 0.536184 0.572525 0.535088 0.572525 0.532895 0.57099 0.532895 0.569455 0.529605 0.567153
0 0.286184 0.563315 0.286184 0.56485 0.289474 0.56485 0.289474 0.563315
0 0.303728 0.539524 0.302632 0.540292 0.300439 0.540292 0.298246 0.541827 0.298246 0.544896 0.299342 0.545664 0.299342 0.546431 0.300439 0.546431 0.301535 0.547199 0.305921 0.547199 0.307018 0.546431 0.307018 0.545664 0.308114 0.544896 0.308114 0.541059 0.305921 0.539524
0 0.591009 0.531082 0.591009 0.53185 0.592105 0.532617 0.593202 0.532617 0.593202 0.53185 0.592105 0.531082
0 0.278509 0.52571 0.275219 0.528012 0.273026 0.528012 0.27193 0.527245 0.270833 0.527245 0.270833 0.52878 0.27193 0.52878 0.273026 0.529547 0.277412 0.529547 0.278509 0.52878 0.279605 0.52878 0.281798 0.527245 0.281798 0.52571
0 0.316886 0.52264 0.315789 0.523408 0.3125 0.523408 0.310307 0.524942 0.310307 0.526477 0.309211 0.527245 0.308114 0.527245 0.308114 0.528012 0.307018 0.52878 0.307018 0.531082 0.309211 0.532617 0.310307 0.532617 0.311404 0.533384 0.3125 0.533384 0.317982 0.537222 0.317982 0.541827 0.319079 0.542594 0.319079 0.543361 0.322368 0.545664 0.322368 0.546431 0.325658 0.546431 0.326754 0.547199 0.330044 0.547199 0.33114 0.547966 0.33114 0.548734 0.333333 0.550269 0.333333 0.551036 0.33443 0.551804 0.33443 0.552571 0.335526 0.553338 0.33443 0.554106 0.33443 0.555641 0.335526 0.556408 0.335526 0.557176 0.337719 0.558711 0.337719 0.560246 0.339912 0.561781 0.339912 0.563315 0.342105 0.56485 0.342105 0.565618 0.349781 0.57099 0.349781 0.571757 0.350877 0.572525 0.350877 0.573292 0.351974 0.57406 0.351974 0.574827 0.35307 0.574827 0.357456 0.577897 0.358553 0.57713 0.358553 0.576362 0.359649 0.575595 0.359649 0.574827 0.361842 0.573292 0.361842 0.565618 0.360746 0.56485 0.360746 0.561013 0.359649 0.560246 0.359649 0.558711 0.358553 0.557943 0.358553 0.555641 0.357456 0.554873 0.357456 0.553338 0.35636 0.552571 0.35636 0.551036 0.355263 0.550269 0.355263 0.548734 0.354167 0.547966 0.354167 0.547199 0.35307 0.546431 0.35307 0.545664 0.351974 0.544896 0.351974 0.543361 0.350877 0.542594 0.350877 0.541827 0.347588 0.539524 0.347588 0.538757 0.345395 0.537222 0.345395 0.536454 0.344298 0.535687 0.344298 0.534152 0.343202 0.533384 0.343202 0.532617 0.342105 0.53185 0.342105 0.529547 0.341009 0.52878 0.337719 0.52878 0.336623 0.528012 0.332237 0.528012 0.33114 0.527245 0.330044 0.527245 0.328947 0.526477 0.327851 0.526477 0.325658 0.524942 0.324561 0.524942 0.323465 0.524175 0.320175 0.524175 0.319079 0.523408 0.317982 0.523408
0 0.637061 0.5165 0.635965 0.517268 0.633772 0.517268 0.632675 0.518035 0.632675 0.518803 0.633772 0.518803 0.634868 0.518035 0.635965 0.518035 0.638158 0.51957 0.641447 0.51957 0.642544 0.520338 0.64364 0.520338 0.64364 0.51957 0.641447 0.518035 0.640351 0.518035 0.639254 0.517268 0.638158 0.517268
0 0.310307 0.4835 0.311404 0.484267 0.311404 0.4835
0 0.629386 0.47736 0.630482 0.478127 0.630482 0.478895 0.631579 0.478895 0.631579 0.47736
0 0.182018 0.462778 0.183114 0.463546 0.184211 0.463546 0.184211 0.462778
0 0.33114 0.458941 0.330044 0.459708 0.33114 0.459708
0 0.616228 0.456639 0.616228 0.457406 0.618421 0.457406 0.619518 0.458173 0.623904 0.458173 0.622807 0.458173 0.621711 0.457406 0.619518 0.457406 0.618421 0.456639
0 0.585526 0.452801 0.58443 0.453569 0.585526 0.454336 0.587719 0.454336 0.587719 0.453569 0.586623 0.452801
0 0.23136 0.435917 0.230263 0.436685 0.23136 0.437452 0.232456 0.436685 0.232456 0.435917
0 0.365132 0.42901 0.366228 0.429777 0.366228 0.42901
0 0.630482 0.426708 0.630482 0.428243 0.629386 0.42901 0.630482 0.429777 0.630482 0.430545 0.630482 0.42901 0.631579 0.428243 0.631579 0.427475 0.632675 0.426708
0 0.637061 0.423638 0.635965 0.424405 0.634868 0.424405 0.635965 0.425173 0.638158 0.425173 0.638158 0.424405
0 0.656798 0.411358 0.656798 0.412893 0.660088 0.412893 0.661184 0.412126 0.661184 0.411358 0.660088 0.411358 0.658991 0.412126 0.657895 0.411358
0 0.288377 0.410591 0.289474 0.411358 0.289474 0.410591
0 0.410088 0.404451 0.410088 0.405219 0.411184 0.405986 0.412281 0.405219 0.412281 0.404451
0 0.254386 0.404451 0.253289 0.405219 0.253289 0.405986 0.254386 0.405986
0 0.416667 0.402149 0.41557 0.402916 0.41557 0.404451 0.416667 0.405219 0.417763 0.405219 0.41886 0.404451 0.41886 0.402149
0 0.640351 0.400614 0.638158 0.402149 0.638158 0.402916 0.637061 0.403684 0.637061 0.407521 0.639254 0.409056 0.641447 0.409056 0.642544 0.408289 0.64364 0.408289 0.644737 0.407521 0.644737 0.406754 0.645833 0.405986 0.645833 0.404451 0.644737 0.403684 0.644737 0.402916 0.64364 0.402149 0.64364 0.401381 0.642544 0.400614
0 0.255482 0.400614 0.254386 0.401381 0.255482 0.401381
0 0.622807 0.397544 0.621711 0.398312 0.619518 0.398312 0.612939 0.402916 0.609649 0.402916 0.608553 0.403684 0.60636 0.403684 0.605263 0.402916 0.60307 0.402916 0.601974 0.403684 0.600877 0.403684 0.598684 0.405219 0.598684 0.409823 0.599781 0.409823 0.600877 0.409056 0.608553 0.409056 0.609649 0.408289 0.612939 0.408289 0.614035 0.407521 0.617325 0.407521 0.618421 0.406754 0.619518 0.406754 0.621711 0.405219 0.622807 0.405219 0.625 0.403684 0.626096 0.403684 0.626096 0.402916 0.627193 0.402149 0.627193 0.399847 0.628289 0.399079 0.628289 0.398312 0.627193 0.397544
0 0.406798 0.397544 0.405702 0.398312 0.405702 0.402149 0.406798 0.402149
0 0.703947 0.3868 0.705044 0.387567 0.70614 0.387567 0.707237 0.388335 0.707237 0.389102 0.708333 0.389102 0.70943 0.38987 0.710526 0.38987 0.711623 0.390637 0.712719 0.390637 0.713816 0.391404 0.718202 0.391404 0.717105 0.390637 0.713816 0.390637 0.712719 0.38987 0.711623 0.38987 0.710526 0.389102 0.70943 0.389102 0.707237 0.387567 0.70614 0.387567 0.705044 0.3868
0 0.428728 0.3868 0.426535 0.388335 0.425439 0.388335 0.424342 0.389102 0.424342 0.391404 0.423246 0.392172 0.424342 0.392939 0.424342 0.394474 0.425439 0.395242 0.427632 0.395242 0.430921 0.392939 0.432018 0.392939 0.433114 0.392172 0.433114 0.388335 0.430921 0.3868
0 0.244518 0.384497 0.244518 0.386032 0.245614 0.385265
0 0.285088 0.369148 0.285088 0.369916 0.286184 0.370683 0.287281 0.370683 0.287281 0.369148
0 0.677632 0.365311 0.677632 0.366846 0.678728 0.367613 0.680921 0.367613 0.680921 0.366846 0.679825 0.366078 0.678728 0.366078
0 0.453947 0.365311 0.452851 0.366078 0.452851 0.366846 0.448465 0.369916 0.446272 0.369916 0.442982 0.372218 0.441886 0.372218 0.440789 0.372985 0.440789 0.373753 0.439693 0.37452 0.439693 0.375288 0.438596 0.376055 0.438596 0.376823 0.439693 0.37759 0.439693 0.38066 0.438596 0.381427 0.439693 0.382195 0.439693 0.382962 0.440789 0.38373 0.440789 0.385265 0.441886 0.386032 0.441886 0.3868 0.442982 0.387567 0.442982 0.388335 0.445175 0.38987 0.446272 0.38987 0.447368 0.389102 0.448465 0.389102 0.45943 0.381427 0.45943 0.38066 0.461623 0.379125 0.461623 0.378358 0.462719 0.37759 0.462719 0.376823 0.463816 0.376055 0.462719 0.375288 0.462719 0.373753 0.461623 0.372985 0.461623 0.372218 0.460526 0.37145 0.460526 0.369148 0.455044 0.365311
0 0.372807 0.356869 0.371711 0.357636 0.371711 0.359171 0.372807 0.359939 0.373904 0.359939 0.376096 0.358404 0.376096 0.356869
0 0.230263 0.356101 0.23136 0.356869 0.23136 0.356101
0 0.464912 0.353031 0.463816 0.353799 0.458333 0.353799 0.457237 0.354566 0.457237 0.357636 0.458333 0.358404 0.45943 0.358404 0.460526 0.359171 0.461623 0.359171 0.462719 0.358404 0.462719 0.356869 0.464912 0.355334 0.468202 0.355334 0.469298 0.354566 0.471491 0.354566 0.471491 0.353799 0.470395 0.353799 0.469298 0.353031
0 0.294956 0.346892 0.296053 0.347659 0.297149 0.347659 0.297149 0.346892
0 0.377193 0.337682 0.375 0.339217 0.375 0.34152 0.377193 0.343054 0.378289 0.343054 0.379386 0.342287 0.379386 0.34152 0.380482 0.340752 0.380482 0.339985 0.379386 0.339217 0.379386 0.33845 0.378289 0.33845
0 0.300439 0.324635 0.298246 0.32617 0.299342 0.32617 0.300439 0.325403
0 0.394737 0.309286 0.39364 0.310054 0.391447 0.310054 0.389254 0.311589 0.387061 0.311589 0.387061 0.313891 0.388158 0.314658 0.388158 0.316193 0.389254 0.316961 0.389254 0.318496 0.390351 0.319263 0.390351 0.320031 0.39364 0.322333 0.394737 0.322333 0.395833 0.323101 0.398026 0.323101 0.402412 0.320031 0.402412 0.313124 0.401316 0.312356 0.401316 0.311589 0.400219 0.310821 0.399123 0.310821 0.39693 0.309286
0 0.554825 0.308519 0.551535 0.310821 0.551535 0.311589 0.550439 0.312356 0.549342 0.312356 0.549342 0.313124 0.548246 0.313891 0.548246 0.314658 0.547149 0.315426 0.547149 0.317728 0.546053 0.318496 0.547149 0.319263 0.547149 0.320031 0.546053 0.320798 0.549342 0.323101 0.555921 0.318496 0.555921 0.317728 0.558114 0.316193 0.558114 0.315426 0.559211 0.314658 0.559211 0.312356 0.560307 0.311589 0.560307 0.310054 0.559211 0.309286 0.555921 0.309286
0 0.285088 0.308519 0.285088 0.309286 0.286184 0.309286
0 0.338816 0.286262 0.338816 0.28703 0.339912 0.287797 0.344298 0.287797 0.345395 0.28703 0.344298 0.286262
0 0.589912 0.271681 0.587719 0.273216 0.587719 0.273983 0.586623 0.274751 0.585526 0.274751 0.582237 0.277053 0.58114 0.277053 0.580044 0.27782 0.580044 0.278588 0.578947 0.279355 0.578947 0.280123 0.577851 0.28089 0.577851 0.281658 0.576754 0.282425 0.576754 0.285495 0.577851 0.286262 0.577851 0.28703 0.576754 0.287797 0.576754 0.2901 0.577851 0.290867 0.577851 0.292402 0.576754 0.29317 0.576754 0.293937 0.574561 0.295472 0.572368 0.295472 0.5625 0.302379 0.5625 0.303914 0.563596 0.304682 0.564693 0.304682 0.564693 0.303914 0.569079 0.300844 0.573465 0.300844 0.575658 0.299309 0.575658 0.298542 0.576754 0.297774 0.576754 0.296239 0.578947 0.294705 0.578947 0.293937 0.582237 0.291635 0.582237 0.290867 0.583333 0.2901 0.58443 0.2901 0.585526 0.289332 0.585526 0.288565 0.589912 0.285495 0.589912 0.284728 0.593202 0.282425 0.593202 0.281658 0.594298 0.28089 0.594298 0.279355 0.595395 0.278588 0.595395 0.276285 0.594298 0.275518 0.594298 0.273216 0.593202 0.272448 0.592105 0.272448 0.591009 0.271681
0 0.348684 0.265541 0.348684 0.267076 0.349781 0.267076 0.350877 0.266309 0.350877 0.265541
0 0.333333 0.224866 0.333333 0.225633 0.335526 0.227168 0.336623 0.227168 0.337719 0.227936 0.337719 0.227168 0.336623 0.227168 0.335526 0.226401 0.335526 0.225633 0.33443 0.224866
0 0.682018 0.208749 0.679825 0.210284 0.679825 0.211051 0.678728 0.211819 0.678728 0.212586 0.680921 0.214121 0.680921 0.214889 0.686404 0.214889 0.6875 0.214121 0.686404 0.213354 0.686404 0.211819 0.685307 0.211051 0.685307 0.210284 0.683114 0.208749
0 0.689693 0.19954 0.688596 0.200307 0.688596 0.201842 0.690789 0.203377 0.691886 0.203377 0.694079 0.204912 0.696272 0.204912 0.697368 0.204144 0.695175 0.202609 0.695175 0.201842 0.694079 0.201842 0.691886 0.200307 0.690789 0.200307
0 0.503289 0.191097 0.502193 0.191865 0.5 0.191865 0.498904 0.192632 0.496711 0.192632 0.495614 0.1934 0.495614 0.194167 0.493421 0.195702 0.492325 0.195702 0.492325 0.19647 0.491228 0.197237 0.491228 0.19954 0.493421 0.201074 0.502193 0.201074 0.506579 0.198005 0.506579 0.197237 0.507675 0.19647 0.507675 0.195702 0.504386 0.1934 0.504386 0.192632 0.503289 0.191865
0 0.45614 0.178818 0.45614 0.179586 0.457237 0.180353 0.458333 0.179586 0.458333 0.178818
0 0.720395 0.163469 0.720395 0.165771 0.721491 0.165771 0.721491 0.163469
0 0.70614 0.162701 0.70614 0.165004 0.707237 0.165771 0.707237 0.166539 0.70943 0.168074 0.70943 0.165771 0.708333 0.165004 0.708333 0.164236
0 0.514254 0.158097 0.514254 0.161167 0.510965 0.163469 0.509868 0.163469 0.507675 0.165004 0.507675 0.165771 0.503289 0.168841 0.503289 0.169609 0.501096 0.171144 0.501096 0.171911 0.497807 0.174213 0.497807 0.174981 0.496711 0.175748 0.5 0.175748 0.501096 0.174981 0.502193 0.174981 0.503289 0.174213 0.505482 0.174213 0.507675 0.172678 0.507675 0.168841 0.509868 0.167306 0.509868 0.166539 0.512061 0.165004 0.512061 0.164236 0.513158 0.163469 0.513158 0.162701 0.516447 0.160399 0.516447 0.158864 0.515351 0.158097
0 0.449561 0.15119 0.449561 0.151957 0.450658 0.151957 0.451754 0.152724 0.452851 0.152724 0.450658 0.15119
0 0.512061 0.14505 0.512061 0.146585 0.513158 0.147352 0.513158 0.145817
0 0.622807 0.140445 0.622807 0.141213 0.621711 0.14198 0.623904 0.143515 0.626096 0.14198 0.626096 0.140445
0 0.572368 0.133538 0.569079 0.13584 0.569079 0.138143 0.570175 0.13891 0.572368 0.13891 0.575658 0.136608 0.575658 0.135073 0.574561 0.134305 0.573465 0.134305
0 0.649123 0.124328 0.64693 0.125863 0.64693 0.129701 0.649123 0.129701 0.651316 0.128166 0.651316 0.125096 0.650219 0.124328
0 0.692982 0.105142 0.691886 0.105909 0.691886 0.106677 0.694079 0.105142
0 0.596491 0.104375 0.595395 0.105142 0.596491 0.105142
0 0.64693 0.0974674 0.64693 0.0990023 0.645833 0.0997698 0.645833 0.100537 0.644737 0.101305 0.644737 0.102072 0.64364 0.10284 0.64364 0.103607 0.642544 0.104375 0.642544 0.105142 0.644737 0.103607 0.644737 0.10284 0.645833 0.102072 0.645833 0.101305 0.64693 0.100537 0.64693 0.0990023 0.648026 0.0982348 0.648026 0.0974674
