0 0.29386 0.805065 0.292763 0.805833 0.292763 0.807368 0.29386 0.807368 0.294956 0.8066 0.294956 0.805833
0 0.262061 0.804298 0.264254 0.805833 0.265351 0.805833 0.264254 0.805065 0.264254 0.804298
0 0.252193 0.788949 0.252193 0.790483 0.253289 0.790483 0.253289 0.789716
0 0.33114 0.778972 0.33114 0.779739 0.332237 0.779739
0 0.195175 0.76439 0.194079 0.765157 0.192982 0.765157 0.191886 0.765925 0.191886 0.766692 0.192982 0.766692 0.196272 0.76439
0 0.320175 0.759018 0.320175 0.762087 0.319079 0.762855 0.319079 0.765157 0.320175 0.765157 0.322368 0.763622 0.322368 0.759785 0.321272 0.759018
0 0.221491 0.750576 0.221491 0.751343 0.223684 0.752878 0.223684 0.751343 0.222588 0.750576
0 0.325658 0.749041 0.324561 0.749808 0.323465 0.749808 0.322368 0.750576 0.322368 0.752878 0.324561 0.754413 0.324561 0.75518 0.326754 0.756715 0.327851 0.756715 0.328947 0.755948 0.328947 0.751343 0.326754 0.749808 0.326754 0.749041
0 0.236842 0.740599 0.235746 0.741366 0.234649 0.741366 0.232456 0.742901 0.232456 0.745203 0.23136 0.745971 0.23136 0.752878 0.233553 0.752878 0.233553 0.752111 0.234649 0.751343 0.234649 0.748273 0.235746 0.747506 0.235746 0.746738 0.236842 0.745971 0.236842 0.744436 0.237939 0.743668 0.237939 0.740599
0 0.245614 0.739831 0.243421 0.741366 0.243421 0.743668 0.245614 0.743668 0.246711 0.742901 0.246711 0.740599
0 0.359649 0.738296 0.359649 0.739831 0.360746 0.740599 0.361842 0.739831 0.360746 0.739064 0.360746 0.738296
0 0.14364 0.722947 0.142544 0.723715 0.14364 0.723715
0 0.150219 0.719877 0.149123 0.720645 0.148026 0.720645 0.14693 0.721412 0.148026 0.721412 0.149123 0.720645 0.150219 0.720645
0 0.169956 0.713738 0.16886 0.714505 0.171053 0.71604 0.171053 0.714505
0 0.39693 0.701458 0.39693 0.703761 0.398026 0.703761 0.399123 0.702993
0 0.173246 0.693784 0.172149 0.694551 0.173246 0.694551 0.174342 0.695318 0.174342 0.693784
0 0.245614 0.691481 0.245614 0.692249 0.244518 0.693016 0.244518 0.693784 0.243421 0.694551 0.243421 0.695318 0.242325 0.696086 0.243421 0.696853 0.243421 0.698388 0.244518 0.699156 0.244518 0.714505 0.245614 0.715272 0.244518 0.71604 0.244518 0.716807 0.241228 0.71911 0.241228 0.719877 0.237939 0.72218 0.236842 0.72218 0.235746 0.722947 0.234649 0.722947 0.234649 0.725249 0.233553 0.726017 0.233553 0.726784 0.232456 0.727552 0.232456 0.728319 0.23136 0.729087 0.232456 0.729854 0.23136 0.730622 0.229167 0.730622 0.22807 0.731389 0.22807 0.732157 0.230263 0.732157 0.232456 0.730622 0.233553 0.730622 0.233553 0.729854 0.234649 0.729087 0.234649 0.728319 0.235746 0.727552 0.235746 0.726017 0.234649 0.725249 0.236842 0.723715 0.240132 0.723715 0.242325 0.725249 0.242325 0.726017 0.243421 0.726784 0.243421 0.729087 0.245614 0.730622 0.248904 0.728319 0.248904 0.721412 0.25 0.720645 0.25 0.719877 0.251096 0.71911 0.252193 0.71911 0.253289 0.718342 0.252193 0.717575 0.252193 0.71297 0.251096 0.712203 0.252193 0.711435 0.252193 0.70683 0.253289 0.706063 0.253289 0.699156 0.252193 0.698388 0.252193 0.696853 0.251096 0.696086 0.251096 0.695318 0.25 0.694551 0.25 0.693784 0.246711 0.691481
0 0.411184 0.671527 0.410088 0.672295 0.410088 0.673062 0.412281 0.674597 0.412281 0.675365 0.413377 0.676132 0.414474 0.676132 0.41557 0.675365 0.41557 0.67383 0.414474 0.673062 0.414474 0.672295 0.413377 0.671527
0 0.400219 0.663853 0.399123 0.66462 0.399123 0.665388 0.399123 0.66462 0.400219 0.663853 0.401316 0.66462 0.401316 0.666155 0.402412 0.665388 0.402412 0.663853
0 0.388158 0.652341 0.387061 0.653108 0.387061 0.659248 0.388158 0.659248 0.389254 0.65848 0.389254 0.657713 0.390351 0.656946 0.390351 0.653876
0 0.160088 0.636992 0.160088 0.637759 0.161184 0.637759 0.161184 0.636992
0 0.403509 0.618573 0.402412 0.61934 0.402412 0.620875 0.405702 0.620875 0.405702 0.61934 0.404605 0.618573
0 0.285088 0.582502 0.282895 0.584037 0.280702 0.584037 0.279605 0.584804 0.279605 0.585572 0.278509 0.586339 0.278509 0.587107 0.277412 0.587874 0.277412 0.588642 0.280702 0.590944 0.280702 0.593246 0.277412 0.595549 0.276316 0.595549 0.275219 0.596316 0.275219 0.597084 0.274123 0.597851 0.274123 0.603223 0.273026 0.603991 0.273026 0.604758 0.274123 0.605526 0.274123 0.607061 0.275219 0.607828 0.277412 0.607828 0.279605 0.606293 0.279605 0.603223 0.281798 0.601688 0.281798 0.600921 0.282895 0.600153 0.282895 0.599386 0.283991 0.598619 0.283991 0.597851 0.285088 0.597084 0.285088 0.593246 0.286184 0.592479 0.288377 0.592479 0.289474 0.591711 0.29057 0.591711 0.291667 0.590944 0.291667 0.590177 0.292763 0.589409 0.291667 0.588642 0.291667 0.584037 0.29057 0.583269 0.29057 0.582502
0 0.541667 0.5802 0.541667 0.580967 0.542763 0.580967 0.542763 0.5802
0 0.200658 0.563315 0.200658 0.564083 0.201754 0.564083 0.201754 0.563315
0 0.615132 0.556408 0.616228 0.557176 0.617325 0.557176 0.616228 0.556408
0 0.299342 0.547966 0.298246 0.548734 0.297149 0.548734 0.297149 0.549501 0.296053 0.550269 0.296053 0.551036 0.294956 0.551804 0.294956 0.553338 0.29386 0.554106 0.29386 0.555641 0.292763 0.556408 0.292763 0.557176 0.291667 0.557943 0.291667 0.558711 0.29057 0.559478 0.289474 0.559478 0.289474 0.560246 0.285088 0.563315 0.285088 0.564083 0.283991 0.56485 0.283991 0.566385 0.277412 0.57099 0.276316 0.57099 0.274123 0.572525 0.273026 0.572525 0.273026 0.574827 0.276316 0.574827 0.278509 0.573292 0.279605 0.573292 0.281798 0.571757 0.282895 0.571757 0.283991 0.57099 0.285088 0.57099 0.287281 0.569455 0.288377 0.569455 0.296053 0.564083 0.296053 0.563315 0.297149 0.562548 0.297149 0.561781 0.298246 0.561013 0.298246 0.560246 0.299342 0.559478 0.299342 0.558711 0.300439 0.557943 0.300439 0.557176 0.302632 0.555641 0.302632 0.554873 0.303728 0.554106 0.303728 0.553338 0.304825 0.552571 0.304825 0.548734 0.303728 0.548734 0.302632 0.547966
0 0.585526 0.529547 0.58443 0.530315 0.585526 0.531082
0 0.316886 0.526477 0.314693 0.528012 0.313596 0.528012 0.313596 0.52878 0.3125 0.529547 0.3125 0.53185 0.311404 0.532617 0.311404 0.534152 0.3125 0.534919 0.3125 0.537989 0.313596 0.538757 0.313596 0.539524 0.314693 0.540292 0.314693 0.541059 0.315789 0.541827 0.315789 0.542594 0.316886 0.543361 0.316886 0.544129 0.319079 0.545664 0.322368 0.545664 0.323465 0.546431 0.326754 0.546431 0.326754 0.545664 0.327851 0.544896 0.33114 0.544896 0.332237 0.544129 0.33443 0.544129 0.335526 0.543361 0.336623 0.543361 0.337719 0.542594 0.339912 0.542594 0.339912 0.541827 0.341009 0.541059 0.341009 0.540292 0.342105 0.539524 0.343202 0.539524 0.343202 0.537989 0.344298 0.537222 0.342105 0.535687 0.342105 0.534919 0.341009 0.534152 0.339912 0.534152 0.336623 0.53185 0.335526 0.53185 0.33443 0.531082 0.333333 0.531082 0.330044 0.52878 0.328947 0.52878 0.327851 0.528012 0.326754 0.528012 0.325658 0.527245 0.323465 0.527245 0.322368 0.526477
0 0.608553 0.5165 0.608553 0.518803 0.609649 0.518803 0.610746 0.518035 0.610746 0.5165
0 0.620614 0.478895 0.619518 0.479662 0.621711 0.481197 0.623904 0.481197 0.623904 0.479662 0.622807 0.479662 0.621711 0.478895
0 0.195175 0.461243 0.194079 0.462011 0.192982 0.462011 0.194079 0.462778 0.196272 0.462778 0.197368 0.462011 0.196272 0.461243
0 0.586623 0.457406 0.586623 0.458173 0.587719 0.458941 0.588816 0.458941 0.589912 0.459708 0.592105 0.459708 0.592105 0.458941 0.591009 0.458173 0.589912 0.458173 0.588816 0.457406
0 0.594298 0.455104 0.594298 0.456639 0.595395 0.455871 0.595395 0.455104
0 0.235746 0.435917 0.235746 0.436685 0.236842 0.436685 0.236842 0.435917
0 0.328947 0.430545 0.326754 0.43208 0.326754 0.433615 0.327851 0.432847 0.327851 0.43208 0.328947 0.431312
0 0.630482 0.429777 0.631579 0.430545 0.631579 0.429777
0 0.381579 0.425173 0.381579 0.42594 0.382675 0.42594 0.382675 0.425173
0 0.299342 0.412893 0.298246 0.413661 0.299342 0.414428 0.300439 0.414428 0.300439 0.413661
0 0.70614 0.412126 0.705044 0.412893 0.70614 0.412893 0.707237 0.413661 0.711623 0.413661 0.70943 0.413661 0.708333 0.412893 0.707237 0.412893
0 0.317982 0.410591 0.316886 0.411358 0.317982 0.411358
0 0.41557 0.405219 0.41557 0.407521 0.417763 0.409056 0.419956 0.409056 0.41886 0.408289 0.41886 0.406754 0.416667 0.405219
0 0.246711 0.405219 0.246711 0.405986 0.247807 0.405986 0.247807 0.405219
0 0.600877 0.404451 0.597588 0.406754 0.594298 0.406754 0.593202 0.407521 0.592105 0.407521 0.588816 0.409823 0.588816 0.412893 0.589912 0.413661 0.589912 0.414428 0.592105 0.415963 0.593202 0.415963 0.593202 0.415196 0.594298 0.414428 0.594298 0.413661 0.596491 0.412126 0.597588 0.412126 0.598684 0.411358 0.605263 0.411358 0.60636 0.410591 0.607456 0.410591 0.608553 0.409823 0.608553 0.409056 0.609649 0.408289 0.609649 0.407521 0.60636 0.405219 0.605263 0.405219 0.604167 0.404451
0 0.260965 0.399079 0.259868 0.399847 0.257675 0.399847 0.256579 0.400614 0.256579 0.402149 0.257675 0.402149 0.258772 0.401381 0.262061 0.401381 0.262061 0.399847
0 0.639254 0.397544 0.638158 0.398312 0.638158 0.399079 0.633772 0.402149 0.632675 0.402149 0.631579 0.402916 0.631579 0.405219 0.641447 0.405219 0.640351 0.404451 0.640351 0.403684 0.641447 0.402916 0.641447 0.399847 0.642544 0.399079 0.642544 0.398312 0.641447 0.397544
0 0.326754 0.396009 0.327851 0.396777 0.327851 0.396009
0 0.422149 0.390637 0.421053 0.391404 0.419956 0.391404 0.419956 0.393707 0.421053 0.394474 0.421053 0.395242 0.422149 0.396009 0.426535 0.396009 0.428728 0.394474 0.428728 0.392172 0.426535 0.390637
0 0.252193 0.387567 0.252193 0.388335 0.253289 0.388335 0.253289 0.387567
0 0.675439 0.38373 0.674342 0.384497 0.672149 0.384497 0.674342 0.384497 0.675439 0.38373 0.676535 0.384497 0.683114 0.384497 0.684211 0.385265 0.686404 0.385265 0.684211 0.38373
0 0.453947 0.373753 0.452851 0.37452 0.450658 0.37452 0.449561 0.375288 0.448465 0.375288 0.446272 0.376823 0.445175 0.376823 0.444079 0.37759 0.442982 0.37759 0.438596 0.38066 0.438596 0.381427 0.4375 0.382195 0.436404 0.382195 0.436404 0.3868 0.4375 0.387567 0.4375 0.38987 0.436404 0.390637 0.4375 0.391404 0.4375 0.392939 0.438596 0.393707 0.438596 0.394474 0.439693 0.395242 0.439693 0.396009 0.440789 0.396009 0.441886 0.396777 0.442982 0.396777 0.444079 0.396009 0.444079 0.395242 0.445175 0.394474 0.445175 0.393707 0.450658 0.38987 0.450658 0.388335 0.453947 0.386032 0.453947 0.385265 0.460526 0.38066 0.460526 0.379893 0.461623 0.379125 0.461623 0.375288 0.460526 0.37452 0.455044 0.37452
0 0.650219 0.372985 0.649123 0.373753 0.648026 0.373753 0.648026 0.37452 0.64693 0.375288 0.645833 0.375288 0.645833 0.376823 0.644737 0.37759 0.645833 0.378358 0.645833 0.379125 0.648026 0.38066 0.650219 0.38066 0.650219 0.375288 0.651316 0.37452 0.651316 0.372985
0 0.287281 0.37145 0.287281 0.372985 0.288377 0.372985 0.288377 0.37145
0 0.673246 0.363008 0.672149 0.363776 0.671053 0.363776 0.666667 0.366846 0.666667 0.367613 0.66557 0.368381 0.666667 0.367613 0.667763 0.367613 0.673246 0.363776 0.674342 0.364543 0.677632 0.364543 0.675439 0.363008
0 0.239035 0.363008 0.239035 0.363776 0.241228 0.363776 0.240132 0.363008
0 0.381579 0.357636 0.381579 0.358404 0.382675 0.359171 0.384868 0.359171 0.384868 0.358404 0.383772 0.357636
0 0.276316 0.349194 0.275219 0.349962 0.275219 0.350729 0.276316 0.350729
0 0.297149 0.346892 0.297149 0.347659 0.298246 0.348427 0.299342 0.347659 0.299342 0.346892
0 0.379386 0.33845 0.378289 0.339217 0.377193 0.339217 0.377193 0.34152 0.378289 0.34152 0.381579 0.343822 0.381579 0.344589 0.382675 0.345357 0.382675 0.346892 0.380482 0.348427 0.376096 0.348427 0.375 0.349194 0.375 0.350729 0.373904 0.351497 0.373904 0.353031 0.375 0.353799 0.376096 0.353799 0.377193 0.353031 0.377193 0.352264 0.380482 0.349962 0.381579 0.349962 0.382675 0.349194 0.387061 0.349194 0.388158 0.348427 0.390351 0.348427 0.39364 0.350729 0.39364 0.351497 0.394737 0.351497 0.394737 0.350729 0.39693 0.349194 0.39693 0.348427 0.39364 0.346124 0.392544 0.346124 0.390351 0.344589 0.389254 0.344589 0.380482 0.33845
0 0.310307 0.323101 0.310307 0.323868 0.311404 0.324635 0.3125 0.324635 0.3125 0.323101
0 0.395833 0.313891 0.394737 0.314658 0.390351 0.314658 0.389254 0.315426 0.390351 0.316193 0.390351 0.320031 0.391447 0.320798 0.391447 0.321566 0.392544 0.322333 0.392544 0.323101 0.395833 0.325403 0.39693 0.325403 0.399123 0.326938 0.400219 0.32617 0.401316 0.32617 0.403509 0.324635 0.403509 0.323101 0.404605 0.322333 0.404605 0.319263 0.403509 0.318496 0.403509 0.317728 0.402412 0.316961 0.402412 0.316193 0.401316 0.316193 0.399123 0.314658 0.398026 0.314658 0.39693 0.313891
0 0.291667 0.312356 0.291667 0.313124 0.292763 0.313124
0 0.303728 0.304682 0.302632 0.305449 0.303728 0.305449
0 0.58114 0.28703 0.580044 0.287797 0.577851 0.287797 0.575658 0.289332 0.575658 0.292402 0.574561 0.29317 0.574561 0.293937 0.573465 0.294705 0.573465 0.295472 0.572368 0.296239 0.572368 0.297007 0.571272 0.297774 0.571272 0.298542 0.558114 0.307751 0.558114 0.308519 0.557018 0.309286 0.557018 0.311589 0.559211 0.313124 0.560307 0.313124 0.561404 0.312356 0.563596 0.312356 0.564693 0.311589 0.564693 0.310821 0.566886 0.309286 0.566886 0.308519 0.570175 0.306216 0.570175 0.305449 0.573465 0.303147 0.573465 0.302379 0.575658 0.300844 0.575658 0.300077 0.577851 0.298542 0.577851 0.297774 0.578947 0.297007 0.578947 0.296239 0.58114 0.294705 0.58114 0.293937 0.582237 0.29317 0.582237 0.290867 0.583333 0.2901 0.583333 0.28703
0 0.348684 0.284728 0.347588 0.285495 0.347588 0.28703 0.348684 0.28703 0.349781 0.286262 0.349781 0.285495
0 0.673246 0.27782 0.674342 0.278588 0.676535 0.278588 0.677632 0.279355 0.678728 0.279355 0.677632 0.278588 0.674342 0.278588
0 0.351974 0.271681 0.351974 0.272448 0.35307 0.273216 0.354167 0.273216 0.354167 0.272448 0.35307 0.272448
0 0.695175 0.233308 0.695175 0.234075 0.697368 0.234075 0.697368 0.233308
0 0.360746 0.227168 0.360746 0.227936 0.361842 0.227936 0.362939 0.227168
0 0.35307 0.224866 0.351974 0.225633 0.35307 0.226401 0.355263 0.226401
0 0.365132 0.211051 0.365132 0.211819 0.366228 0.211819 0.366228 0.211051
0 0.398026 0.204912 0.398026 0.206447 0.399123 0.206447 0.399123 0.205679
0 0.684211 0.204144 0.684211 0.205679 0.683114 0.206447 0.683114 0.207982 0.680921 0.209517 0.680921 0.211051 0.682018 0.211819 0.682018 0.213354 0.683114 0.213354 0.684211 0.214121 0.685307 0.214121 0.686404 0.213354 0.6875 0.213354 0.690789 0.211051 0.691886 0.211051 0.692982 0.210284 0.695175 0.210284 0.696272 0.209517 0.698465 0.209517 0.699561 0.208749 0.700658 0.208749 0.698465 0.207214 0.697368 0.207214 0.696272 0.207982 0.694079 0.207982 0.692982 0.207214 0.690789 0.207214 0.686404 0.204144
0 0.492325 0.192632 0.487939 0.195702 0.487939 0.19647 0.483553 0.19954 0.483553 0.202609 0.486842 0.204912 0.491228 0.204912 0.492325 0.204144 0.493421 0.204144 0.497807 0.201074 0.497807 0.200307 0.498904 0.19954 0.498904 0.198772 0.496711 0.197237 0.496711 0.195702 0.495614 0.194935 0.495614 0.1934 0.494518 0.192632
0 0.491228 0.178818 0.490132 0.179586 0.487939 0.179586 0.485746 0.18112 0.485746 0.183423 0.490132 0.183423 0.492325 0.181888 0.492325 0.18112 0.493421 0.180353
0 0.452851 0.178051 0.451754 0.178818 0.452851 0.179586 0.453947 0.178818 0.453947 0.178051
0 0.400219 0.162701 0.400219 0.163469 0.401316 0.164236 0.401316 0.165771 0.403509 0.165771 0.403509 0.165004
0 0.516447 0.158097 0.514254 0.159632 0.514254 0.160399 0.515351 0.160399 0.51864 0.158097
0 0.726974 0.156562 0.725877 0.157329 0.725877 0.158097 0.726974 0.158097
0 0.515351 0.147352 0.514254 0.14812 0.516447 0.14812
0 0.717105 0.14505 0.716009 0.145817 0.717105 0.145817 0.718202 0.14505
0 0.632675 0.135073 0.631579 0.13584 0.631579 0.137375 0.632675 0.138143 0.633772 0.137375 0.633772 0.135073
0 0.566886 0.129701 0.565789 0.130468 0.565789 0.135073 0.566886 0.13584 0.566886 0.136608 0.570175 0.136608 0.573465 0.134305 0.572368 0.133538 0.572368 0.132771 0.567982 0.129701
0 0.720395 0.122026 0.717105 0.124328 0.717105 0.125096 0.716009 0.125863 0.716009 0.126631 0.714912 0.127398 0.714912 0.128166 0.713816 0.128933 0.713816 0.129701 0.712719 0.130468 0.712719 0.134305 0.713816 0.133538 0.713816 0.130468 0.714912 0.129701 0.714912 0.127398 0.716009 0.126631 0.716009 0.125863 0.721491 0.122026
0 0.650219 0.119724 0.64693 0.122026 0.64693 0.124328 0.649123 0.125863 0.650219 0.125863 0.651316 0.125096 0.651316 0.124328 0.652412 0.123561 0.652412 0.119724
0 0.573465 0.111282 0.574561 0.112049 0.574561 0.111282
0 0.688596 0.110514 0.688596 0.111282 0.689693 0.111282 0.689693 0.110514
0 0.652412 0.107444 0.652412 0.108979 0.653509 0.109747 0.653509 0.110514 0.654605 0.109747 0.654605 0.108212 0.653509 0.107444
0 0.583333 0.107444 0.582237 0.108212 0.582237 0.109747 0.58114 0.110514 0.58114 0.111282 0.582237 0.111282 0.583333 0.110514
