0 0.27193 0.821949 0.27193 0.823484 0.270833 0.824252 0.27193 0.824252 0.273026 0.823484 0.273026 0.822717 0.274123 0.821949
0 0.259868 0.807368 0.259868 0.808903 0.260965 0.808903 0.260965 0.807368
0 0.29057 0.801228 0.29057 0.801995 0.291667 0.802763 0.292763 0.801995 0.29386 0.801995 0.292763 0.801228
0 0.380482 0.784344 0.380482 0.785879 0.381579 0.785879 0.381579 0.784344
0 0.325658 0.778972 0.325658 0.779739 0.326754 0.779739 0.326754 0.778972
0 0.247807 0.777437 0.247807 0.778204 0.248904 0.778972 0.248904 0.779739 0.25 0.779739 0.25 0.778972
0 0.371711 0.773599 0.371711 0.776669 0.372807 0.776669 0.372807 0.774367
0 0.322368 0.757483 0.322368 0.76132 0.323465 0.762087 0.324561 0.762087 0.325658 0.762855 0.326754 0.762087 0.326754 0.759018 0.324561 0.757483
0 0.241228 0.756715 0.240132 0.757483 0.240132 0.76439 0.241228 0.763622 0.241228 0.762087 0.242325 0.76132 0.242325 0.757483
0 0.219298 0.735994 0.217105 0.737529 0.217105 0.739064 0.218202 0.739064 0.219298 0.738296 0.220395 0.738296 0.220395 0.737529 0.221491 0.736761 0.220395 0.735994
0 0.360746 0.735226 0.360746 0.737529 0.362939 0.737529 0.362939 0.735994 0.361842 0.735226
0 0.378289 0.714505 0.378289 0.715272 0.379386 0.715272 0.379386 0.714505
0 0.161184 0.713738 0.161184 0.714505 0.162281 0.713738
0 0.410088 0.71297 0.410088 0.714505 0.411184 0.715272 0.411184 0.71604 0.412281 0.71604 0.411184 0.715272 0.411184 0.713738
0 0.172149 0.707598 0.171053 0.708365 0.169956 0.708365 0.169956 0.709133 0.167763 0.710668 0.167763 0.71297 0.169956 0.71297 0.169956 0.712203 0.171053 0.711435 0.171053 0.710668 0.172149 0.7099
0 0.174342 0.699923 0.174342 0.703761 0.173246 0.704528 0.174342 0.704528
0 0.392544 0.698388 0.392544 0.699156 0.39364 0.699923 0.39364 0.701458 0.395833 0.702993 0.395833 0.703761 0.39693 0.704528 0.39693 0.703761 0.398026 0.702993 0.398026 0.701458 0.39693 0.700691 0.39693 0.699923 0.394737 0.698388
0 0.173246 0.693784 0.172149 0.694551 0.173246 0.695318 0.174342 0.695318 0.174342 0.694551
0 0.400219 0.662318 0.400219 0.665388 0.401316 0.666155 0.401316 0.666922 0.402412 0.666922 0.403509 0.66769 0.405702 0.66769 0.405702 0.666922 0.404605 0.666155 0.405702 0.665388 0.404605 0.66462 0.404605 0.663853 0.402412 0.662318
0 0.39364 0.651573 0.391447 0.653108 0.391447 0.655411 0.392544 0.656178 0.394737 0.656178 0.395833 0.655411 0.39693 0.655411 0.398026 0.654643 0.398026 0.653876 0.39693 0.653108 0.39693 0.652341 0.395833 0.652341 0.394737 0.651573
0 0.449561 0.647736 0.449561 0.648503 0.452851 0.650806 0.452851 0.651573 0.452851 0.650806 0.451754 0.650038 0.451754 0.649271
0 0.440789 0.643899 0.439693 0.644666 0.440789 0.645434 0.441886 0.644666 0.441886 0.643899
0 0.163377 0.637759 0.164474 0.638526 0.16557 0.638526 0.16557 0.637759
0 0.449561 0.630852 0.449561 0.631619 0.451754 0.631619 0.450658 0.630852
0 0.410088 0.62855 0.410088 0.630084 0.411184 0.630084 0.411184 0.62855
0 0.178728 0.617805 0.178728 0.618573 0.179825 0.618573 0.180921 0.61934 0.180921 0.620107 0.182018 0.620875 0.183114 0.620875 0.184211 0.621642 0.185307 0.621642 0.185307 0.620875 0.184211 0.620875 0.179825 0.617805
0 0.537281 0.599386 0.538377 0.600153 0.538377 0.600921 0.539474 0.600921 0.538377 0.600153 0.538377 0.599386
0 0.287281 0.581734 0.287281 0.583269 0.281798 0.587107 0.281798 0.587874 0.280702 0.588642 0.280702 0.592479 0.281798 0.593246 0.281798 0.594781 0.282895 0.594781 0.283991 0.595549 0.285088 0.594781 0.289474 0.594781 0.289474 0.594014 0.292763 0.591711 0.292763 0.590177 0.29386 0.589409 0.29386 0.587874 0.294956 0.587107 0.294956 0.583269 0.29386 0.582502 0.29386 0.581734
0 0.216009 0.56485 0.216009 0.565618 0.217105 0.565618
0 0.611842 0.556408 0.612939 0.557176 0.612939 0.556408
0 0.58443 0.541827 0.58443 0.544896 0.58443 0.542594 0.585526 0.541827
0 0.319079 0.52878 0.313596 0.532617 0.313596 0.533384 0.3125 0.534152 0.3125 0.540292 0.313596 0.541059 0.313596 0.541827 0.315789 0.543361 0.315789 0.544896 0.317982 0.546431 0.319079 0.546431 0.320175 0.547199 0.322368 0.547199 0.323465 0.547966 0.328947 0.547966 0.330044 0.547199 0.333333 0.547199 0.33443 0.546431 0.335526 0.546431 0.336623 0.545664 0.337719 0.545664 0.337719 0.544896 0.342105 0.541827 0.342105 0.540292 0.343202 0.539524 0.343202 0.538757 0.342105 0.537989 0.342105 0.536454 0.339912 0.534919 0.338816 0.534919 0.337719 0.534152 0.336623 0.534152 0.33443 0.532617 0.333333 0.532617 0.33114 0.531082 0.330044 0.531082 0.327851 0.529547 0.325658 0.529547 0.324561 0.52878
0 0.604167 0.521873 0.604167 0.523408 0.601974 0.524942 0.600877 0.524942 0.599781 0.52571 0.598684 0.52571 0.597588 0.526477 0.596491 0.526477 0.595395 0.527245 0.596491 0.528012 0.597588 0.528012 0.599781 0.526477 0.60307 0.526477 0.604167 0.52571 0.60636 0.52571 0.60636 0.524942 0.607456 0.524175 0.607456 0.52264 0.60636 0.521873
0 0.220395 0.491174 0.218202 0.492709 0.218202 0.493477 0.220395 0.491942
0 0.662281 0.489639 0.663377 0.490407 0.663377 0.489639
0 0.599781 0.468918 0.598684 0.469685 0.598684 0.471988 0.599781 0.472755 0.601974 0.472755 0.60307 0.471988 0.60307 0.470453 0.601974 0.469685 0.600877 0.469685
0 0.207237 0.460476 0.20614 0.461243 0.20614 0.462011 0.207237 0.462011 0.208333 0.461243
0 0.286184 0.437452 0.286184 0.438219 0.287281 0.438987 0.287281 0.438219
0 0.325658 0.436685 0.324561 0.437452 0.325658 0.437452
0 0.237939 0.436685 0.236842 0.437452 0.236842 0.439754 0.235746 0.440522 0.235746 0.442057 0.234649 0.442824 0.234649 0.444359 0.233553 0.445127 0.233553 0.446662 0.234649 0.447429 0.235746 0.446662 0.235746 0.444359 0.236842 0.443592 0.236842 0.442057 0.237939 0.441289 0.237939 0.440522 0.239035 0.439754 0.239035 0.438987 0.240132 0.438219 0.240132 0.437452 0.239035 0.436685
0 0.237939 0.432847 0.237939 0.433615 0.239035 0.434382 0.239035 0.433615
0 0.267544 0.429777 0.267544 0.430545 0.26864 0.430545
0 0.236842 0.42594 0.237939 0.426708 0.237939 0.42594
0 0.398026 0.422103 0.39693 0.42287 0.395833 0.42287 0.394737 0.423638 0.394737 0.424405 0.395833 0.423638 0.39693 0.423638 0.398026 0.42287
0 0.305921 0.414428 0.305921 0.415196 0.308114 0.415196 0.308114 0.414428
0 0.314693 0.413661 0.314693 0.414428 0.315789 0.414428 0.315789 0.413661
0 0.589912 0.410591 0.588816 0.411358 0.586623 0.411358 0.585526 0.412126 0.585526 0.416731 0.586623 0.417498 0.586623 0.419033 0.587719 0.4198 0.587719 0.420568 0.588816 0.420568 0.588816 0.4198 0.589912 0.419033 0.591009 0.419033 0.593202 0.417498 0.593202 0.415963 0.594298 0.415196 0.594298 0.411358 0.593202 0.411358 0.592105 0.410591
0 0.266447 0.402149 0.266447 0.404451 0.26864 0.404451 0.26864 0.402149
0 0.239035 0.402149 0.239035 0.402916 0.240132 0.403684 0.241228 0.402916 0.243421 0.404451 0.244518 0.404451 0.242325 0.402916 0.241228 0.402916 0.240132 0.402149
0 0.406798 0.401381 0.406798 0.402916 0.405702 0.403684 0.405702 0.406754 0.405702 0.405219 0.406798 0.404451
0 0.64364 0.398312 0.645833 0.399847 0.649123 0.399847 0.650219 0.400614 0.650219 0.399847 0.649123 0.399847 0.648026 0.399079 0.64693 0.399079 0.645833 0.398312
0 0.327851 0.397544 0.326754 0.398312 0.327851 0.399079
0 0.627193 0.395242 0.627193 0.399079 0.628289 0.399847 0.628289 0.400614 0.629386 0.400614 0.630482 0.401381 0.634868 0.401381 0.635965 0.400614 0.635965 0.399847 0.632675 0.397544 0.632675 0.396777 0.630482 0.395242
0 0.653509 0.389102 0.652412 0.38987 0.652412 0.391404 0.656798 0.391404 0.656798 0.390637 0.654605 0.389102
0 0.641447 0.38373 0.639254 0.385265 0.638158 0.385265 0.638158 0.386032 0.637061 0.3868 0.638158 0.387567 0.639254 0.387567 0.640351 0.3868 0.641447 0.3868 0.642544 0.386032 0.64693 0.386032 0.648026 0.385265 0.648026 0.38373
0 0.652412 0.382962 0.652412 0.384497 0.653509 0.385265 0.655702 0.385265 0.655702 0.384497 0.653509 0.382962
0 0.270833 0.382195 0.267544 0.384497 0.265351 0.384497 0.266447 0.385265 0.267544 0.385265 0.26864 0.384497 0.27193 0.384497 0.273026 0.385265 0.279605 0.385265 0.280702 0.384497 0.281798 0.384497 0.283991 0.382962 0.282895 0.382195
0 0.453947 0.38066 0.451754 0.382195 0.444079 0.382195 0.442982 0.382962 0.440789 0.382962 0.440789 0.38373 0.439693 0.384497 0.439693 0.385265 0.4375 0.3868 0.4375 0.387567 0.436404 0.388335 0.436404 0.389102 0.435307 0.38987 0.435307 0.390637 0.434211 0.391404 0.433114 0.391404 0.430921 0.392939 0.429825 0.392172 0.425439 0.392172 0.424342 0.392939 0.423246 0.392939 0.423246 0.393707 0.422149 0.394474 0.422149 0.395242 0.425439 0.397544 0.425439 0.398312 0.427632 0.399847 0.428728 0.399847 0.430921 0.401381 0.434211 0.401381 0.435307 0.402149 0.436404 0.402149 0.4375 0.402916 0.439693 0.402916 0.439693 0.402149 0.440789 0.401381 0.440789 0.400614 0.441886 0.399847 0.441886 0.399079 0.442982 0.398312 0.442982 0.397544 0.445175 0.396009 0.445175 0.395242 0.446272 0.394474 0.446272 0.392939 0.448465 0.391404 0.448465 0.390637 0.449561 0.38987 0.449561 0.389102 0.451754 0.387567 0.451754 0.3868 0.455044 0.384497 0.455044 0.38373 0.45943 0.38066
0 0.29057 0.373753 0.29057 0.376823 0.286184 0.379893 0.286184 0.38066 0.291667 0.38066 0.292763 0.379893 0.296053 0.379893 0.298246 0.378358 0.291667 0.373753
0 0.389254 0.360706 0.389254 0.362241 0.390351 0.363008 0.391447 0.363008 0.392544 0.362241 0.390351 0.360706
0 0.263158 0.360706 0.262061 0.361474 0.264254 0.363008 0.265351 0.362241
0 0.369518 0.351497 0.369518 0.352264 0.370614 0.352264 0.370614 0.351497
0 0.300439 0.344589 0.300439 0.346124 0.301535 0.346124 0.301535 0.344589
0 0.404605 0.339217 0.403509 0.339985 0.403509 0.343822 0.404605 0.344589 0.404605 0.345357 0.405702 0.346124 0.405702 0.348427 0.406798 0.349194 0.406798 0.349962 0.405702 0.350729 0.405702 0.351497 0.406798 0.351497 0.408991 0.349962 0.408991 0.349194 0.410088 0.348427 0.410088 0.343822 0.408991 0.343054 0.408991 0.342287 0.407895 0.34152 0.407895 0.339985 0.406798 0.339217
0 0.642544 0.330775 0.642544 0.331543 0.640351 0.333078 0.640351 0.333845 0.639254 0.334612 0.639254 0.33538 0.638158 0.336147 0.638158 0.336915 0.640351 0.336915 0.644737 0.333845 0.644737 0.331543 0.64364 0.330775
0 0.3125 0.326938 0.3125 0.328473 0.313596 0.32924 0.314693 0.328473 0.314693 0.327705 0.313596 0.326938
0 0.394737 0.318496 0.39364 0.319263 0.392544 0.319263 0.392544 0.320031 0.391447 0.320798 0.391447 0.321566 0.392544 0.322333 0.392544 0.325403 0.394737 0.326938 0.394737 0.328473 0.395833 0.328473 0.39693 0.32924 0.398026 0.32924 0.399123 0.330008 0.399123 0.330775 0.404605 0.330775 0.404605 0.330008 0.405702 0.32924 0.405702 0.322333 0.401316 0.319263 0.398026 0.319263 0.39693 0.318496
0 0.300439 0.318496 0.299342 0.319263 0.300439 0.319263
0 0.567982 0.303914 0.566886 0.304682 0.564693 0.304682 0.560307 0.307751 0.560307 0.308519 0.559211 0.309286 0.559211 0.310821 0.558114 0.311589 0.558114 0.312356 0.557018 0.313124 0.557018 0.313891 0.554825 0.315426 0.554825 0.316193 0.553728 0.316961 0.553728 0.318496 0.557018 0.318496 0.558114 0.317728 0.559211 0.317728 0.560307 0.316961 0.561404 0.316961 0.5625 0.316193 0.5625 0.315426 0.565789 0.313124 0.565789 0.312356 0.566886 0.311589 0.566886 0.310821 0.567982 0.310054 0.567982 0.309286 0.569079 0.308519 0.569079 0.306984 0.570175 0.306216 0.570175 0.305449 0.569079 0.304682 0.569079 0.303914
0 0.376096 0.296239 0.375 0.297007 0.375 0.298542 0.373904 0.299309 0.373904 0.300077 0.375 0.300844 0.375 0.301612 0.377193 0.303147 0.377193 0.303914 0.379386 0.303914 0.380482 0.303147 0.380482 0.300077 0.379386 0.299309 0.379386 0.298542 0.378289 0.297774 0.378289 0.297007 0.377193 0.297007
0 0.325658 0.295472 0.324561 0.296239 0.321272 0.296239 0.322368 0.296239 0.323465 0.297007 0.324561 0.296239 0.33114 0.296239 0.332237 0.295472
0 0.351974 0.282425 0.350877 0.283193 0.350877 0.285495 0.351974 0.285495 0.35307 0.284728 0.35307 0.28396 0.354167 0.283193 0.35307 0.282425
0 0.360746 0.279355 0.360746 0.282425 0.362939 0.28396 0.362939 0.284728 0.364035 0.285495 0.365132 0.285495 0.365132 0.284728 0.366228 0.28396 0.366228 0.282425 0.362939 0.280123 0.361842 0.280123
0 0.355263 0.273983 0.355263 0.274751 0.35636 0.274751 0.357456 0.273983
0 0.677632 0.264006 0.676535 0.264774 0.676535 0.267076 0.677632 0.266309
0 0.368421 0.214121 0.368421 0.215656 0.370614 0.215656 0.370614 0.214889 0.369518 0.214121
0 0.398026 0.212586 0.399123 0.213354 0.399123 0.212586
0 0.719298 0.211819 0.719298 0.212586 0.720395 0.212586 0.720395 0.211819
0 0.691886 0.211051 0.691886 0.213354 0.692982 0.214121 0.694079 0.214121 0.695175 0.214889 0.696272 0.214889 0.697368 0.214121 0.698465 0.214121 0.699561 0.213354 0.700658 0.213354 0.700658 0.212586 0.701754 0.211819 0.700658 0.211051
0 0.707237 0.205679 0.705044 0.207214 0.70614 0.207982 0.707237 0.207982 0.708333 0.208749 0.70943 0.207982 0.710526 0.207982 0.710526 0.207214 0.708333 0.205679
0 0.743421 0.201074 0.742325 0.201842 0.741228 0.201842 0.743421 0.201842 0.744518 0.201074
0 0.682018 0.19647 0.682018 0.200307 0.683114 0.201074 0.683114 0.201842 0.684211 0.202609 0.685307 0.202609 0.685307 0.201842 0.686404 0.201074 0.686404 0.197237 0.685307 0.197237 0.684211 0.19647
0 0.487939 0.194167 0.486842 0.194935 0.486842 0.195702 0.484649 0.197237 0.484649 0.198005 0.483553 0.198772 0.483553 0.19954 0.482456 0.200307 0.482456 0.201074 0.48136 0.201842 0.48136 0.204144 0.482456 0.204912 0.482456 0.205679 0.483553 0.206447 0.484649 0.206447 0.485746 0.207214 0.489035 0.207214 0.490132 0.206447 0.491228 0.206447 0.496711 0.202609 0.496711 0.201074 0.495614 0.200307 0.494518 0.200307 0.491228 0.198005 0.491228 0.194935 0.490132 0.194935 0.489035 0.194167
0 0.482456 0.179586 0.482456 0.180353 0.48136 0.18112 0.48136 0.181888 0.482456 0.182655 0.482456 0.183423 0.483553 0.18419 0.484649 0.18419 0.486842 0.182655 0.487939 0.182655 0.487939 0.181888 0.486842 0.18112 0.486842 0.180353 0.485746 0.179586
0 0.408991 0.178051 0.407895 0.178818 0.411184 0.18112 0.411184 0.180353 0.410088 0.179586 0.410088 0.178818
0 0.453947 0.176516 0.452851 0.177283 0.452851 0.178818 0.455044 0.178818 0.45614 0.178051 0.45614 0.177283 0.455044 0.176516
0 0.439693 0.160399 0.438596 0.161167 0.438596 0.163469 0.4375 0.164236 0.4375 0.165771 0.438596 0.165771 0.438596 0.165004 0.439693 0.164236
0 0.514254 0.147352 0.514254 0.150422 0.515351 0.150422 0.515351 0.14812
0 0.639254 0.128933 0.639254 0.129701 0.638158 0.130468 0.638158 0.132003 0.639254 0.132771 0.640351 0.132003 0.640351 0.129701
0 0.652412 0.122026 0.651316 0.122794 0.651316 0.123561 0.652412 0.124328 0.653509 0.124328 0.653509 0.122026
0 0.571272 0.121259 0.570175 0.122026 0.570175 0.125096 0.571272 0.125863 0.572368 0.125863 0.573465 0.125096 0.573465 0.124328 0.574561 0.123561 0.574561 0.122026 0.573465 0.121259
0 0.660088 0.115119 0.661184 0.115886 0.661184 0.115119
0 0.650219 0.105142 0.649123 0.105909 0.649123 0.107444 0.650219 0.107444 0.650219 0.106677 0.651316 0.105909
0 0.532895 0.102072 0.532895 0.10284 0.531798 0.103607 0.531798 0.104375 0.530702 0.105142 0.530702 0.105909 0.531798 0.106677 0.531798 0.110514 0.532895 0.109747 0.532895 0.105909 0.531798 0.105142 0.531798 0.104375 0.532895 0.103607 0.532895 0.10284 0.533991 0.102072
0 0.537281 0.0982348 0.536184 0.0990023 0.536184 0.0997698 0.535088 0.100537 0.536184 0.100537 0.536184 0.0997698 0.537281 0.0990023
0 0.539474 0.0890253 0.539474 0.0913277 0.54057 0.0905602 0.54057 0.0897928
