0 0.27193 0.831926 0.27193 0.833461 0.273026 0.832694 0.273026 0.831926
0 0.333333 0.831159 0.333333 0.831926 0.33443 0.831926 0.33443 0.831159
0 0.263158 0.80353 0.262061 0.804298 0.262061 0.805065 0.260965 0.805833 0.260965 0.808903 0.263158 0.808903 0.265351 0.807368 0.265351 0.805065 0.264254 0.804298 0.264254 0.80353
0 0.177632 0.781274 0.175439 0.782809 0.175439 0.783576 0.174342 0.784344 0.175439 0.784344 0.176535 0.785111 0.176535 0.783576 0.177632 0.782809
0 0.304825 0.776669 0.302632 0.778204 0.302632 0.778972 0.300439 0.780507 0.299342 0.780507 0.297149 0.782041 0.296053 0.781274 0.296053 0.780507 0.294956 0.780507 0.29386 0.781274 0.291667 0.781274 0.29057 0.782041 0.288377 0.782041 0.279605 0.788181 0.278509 0.788181 0.277412 0.788949 0.277412 0.789716 0.276316 0.790483 0.276316 0.792018 0.275219 0.792786 0.274123 0.792786 0.273026 0.793553 0.273026 0.798158 0.274123 0.798158 0.275219 0.798926 0.276316 0.798158 0.277412 0.798158 0.279605 0.796623 0.279605 0.795088 0.281798 0.793553 0.282895 0.793553 0.286184 0.791251 0.286184 0.790483 0.287281 0.789716 0.287281 0.788949 0.29057 0.786646 0.292763 0.786646 0.29386 0.787414 0.296053 0.787414 0.297149 0.786646 0.300439 0.786646 0.301535 0.785879 0.301535 0.785111 0.302632 0.784344 0.304825 0.784344 0.305921 0.783576 0.307018 0.783576 0.309211 0.782041 0.309211 0.780507 0.310307 0.779739 0.307018 0.777437 0.305921 0.777437
0 0.33443 0.77053 0.33443 0.771297 0.333333 0.772064 0.333333 0.772832 0.332237 0.773599 0.332237 0.775902 0.33443 0.774367 0.33443 0.772832 0.335526 0.772064 0.33443 0.771297
0 0.371711 0.768995 0.371711 0.771297 0.372807 0.771297 0.373904 0.77053 0.372807 0.769762 0.372807 0.768995
0 0.335526 0.768227 0.335526 0.768995 0.336623 0.768227
0 0.348684 0.76439 0.348684 0.766692 0.349781 0.766692 0.350877 0.76746 0.350877 0.768227 0.35307 0.768227 0.351974 0.76746 0.351974 0.766692
0 0.347588 0.742901 0.346491 0.743668 0.345395 0.743668 0.344298 0.744436 0.342105 0.744436 0.339912 0.745971 0.339912 0.746738 0.337719 0.748273 0.33443 0.748273 0.332237 0.749808 0.33114 0.749808 0.328947 0.751343 0.327851 0.751343 0.327851 0.752111 0.324561 0.754413 0.324561 0.75518 0.323465 0.755948 0.323465 0.757483 0.322368 0.75825 0.320175 0.75825 0.319079 0.759018 0.319079 0.759785 0.316886 0.76132 0.316886 0.762087 0.315789 0.762855 0.315789 0.763622 0.316886 0.76439 0.316886 0.765925 0.317982 0.766692 0.324561 0.766692 0.325658 0.765925 0.325658 0.765157 0.326754 0.76439 0.326754 0.76132 0.327851 0.760553 0.328947 0.760553 0.330044 0.759785 0.33114 0.759785 0.332237 0.759018 0.333333 0.759018 0.335526 0.757483 0.336623 0.757483 0.339912 0.75518 0.339912 0.754413 0.341009 0.753645 0.341009 0.752878 0.342105 0.752111 0.342105 0.751343 0.343202 0.750576 0.345395 0.750576 0.346491 0.749808 0.347588 0.749808 0.348684 0.749041 0.348684 0.748273 0.350877 0.746738 0.350877 0.745203 0.349781 0.744436 0.349781 0.743668 0.348684 0.743668
0 0.217105 0.742901 0.216009 0.743668 0.216009 0.744436 0.214912 0.745203 0.214912 0.746738 0.213816 0.747506 0.214912 0.748273 0.216009 0.747506 0.217105 0.747506 0.217105 0.745971 0.218202 0.745203 0.218202 0.744436 0.217105 0.743668
0 0.361842 0.738296 0.361842 0.739064 0.362939 0.739831 0.364035 0.739831 0.365132 0.739064 0.364035 0.738296
0 0.381579 0.713738 0.381579 0.714505 0.382675 0.714505 0.382675 0.713738
0 0.174342 0.693784 0.173246 0.694551 0.173246 0.696853 0.176535 0.696853 0.176535 0.695318
0 0.395833 0.693016 0.394737 0.693784 0.394737 0.694551 0.39364 0.695318 0.394737 0.696086 0.394737 0.696853 0.395833 0.696853 0.39693 0.697621 0.398026 0.696853 0.398026 0.696086 0.399123 0.695318 0.399123 0.694551 0.39693 0.693016
0 0.182018 0.679202 0.180921 0.679969 0.182018 0.680737 0.182018 0.682272
0 0.132675 0.672295 0.133772 0.673062 0.134868 0.673062 0.137061 0.674597 0.138158 0.674597 0.139254 0.675365 0.139254 0.676132 0.139254 0.675365 0.138158 0.674597 0.138158 0.67383 0.137061 0.67383 0.135965 0.673062 0.134868 0.673062 0.133772 0.672295
0 0.189693 0.66462 0.189693 0.665388 0.190789 0.666155 0.190789 0.665388
0 0.398026 0.663085 0.398026 0.663853 0.39693 0.66462 0.39693 0.669992 0.398026 0.67076 0.400219 0.67076 0.401316 0.669992 0.401316 0.668457 0.402412 0.66769 0.402412 0.66462 0.400219 0.663085
0 0.464912 0.65848 0.463816 0.659248 0.462719 0.659248 0.462719 0.660015
0 0.196272 0.653876 0.196272 0.656946 0.197368 0.656178 0.197368 0.653876
0 0.435307 0.650038 0.435307 0.651573 0.434211 0.652341 0.434211 0.654643 0.435307 0.654643 0.435307 0.653876 0.436404 0.653108 0.436404 0.652341 0.4375 0.651573 0.4375 0.650038
0 0.402412 0.648503 0.401316 0.649271 0.401316 0.650038 0.400219 0.650806 0.400219 0.652341 0.402412 0.653876 0.403509 0.653876 0.404605 0.653108 0.405702 0.653108 0.406798 0.652341 0.407895 0.652341 0.407895 0.651573 0.408991 0.650806 0.407895 0.650038 0.407895 0.649271 0.406798 0.648503
0 0.169956 0.636992 0.16886 0.637759 0.169956 0.638526 0.171053 0.638526 0.171053 0.637759
0 0.186404 0.636224 0.186404 0.636992 0.188596 0.636992 0.188596 0.636224
0 0.412281 0.627015 0.411184 0.627782 0.411184 0.629317 0.412281 0.630084 0.413377 0.629317 0.412281 0.629317 0.411184 0.62855 0.411184 0.627782 0.412281 0.627015 0.413377 0.627782
0 0.528509 0.596316 0.528509 0.597851 0.529605 0.597851 0.529605 0.597084
0 0.229167 0.584804 0.226974 0.586339 0.224781 0.586339 0.226974 0.586339 0.22807 0.587107 0.229167 0.586339
0 0.29057 0.57713 0.289474 0.577897 0.289474 0.579432 0.288377 0.5802 0.288377 0.580967 0.287281 0.581734 0.287281 0.582502 0.286184 0.583269 0.286184 0.587107 0.287281 0.587874 0.288377 0.587874 0.289474 0.588642 0.289474 0.589409 0.292763 0.589409 0.298246 0.585572 0.298246 0.584037 0.299342 0.583269 0.299342 0.581734 0.298246 0.580967 0.298246 0.577897 0.297149 0.577897 0.296053 0.57713
0 0.195175 0.570223 0.194079 0.57099 0.192982 0.57099 0.194079 0.571757 0.197368 0.571757 0.197368 0.570223
0 0.218202 0.556408 0.217105 0.557176 0.217105 0.558711 0.218202 0.558711 0.219298 0.557943 0.222588 0.557943 0.224781 0.559478 0.225877 0.559478 0.226974 0.560246 0.226974 0.561781 0.230263 0.561781 0.23136 0.562548 0.234649 0.562548 0.234649 0.561781 0.233553 0.561781 0.229167 0.558711 0.229167 0.557943 0.22807 0.558711 0.226974 0.558711 0.225877 0.557943 0.224781 0.557943 0.223684 0.557176 0.222588 0.557176 0.221491 0.556408
0 0.634868 0.554873 0.637061 0.556408 0.638158 0.556408 0.637061 0.555641 0.635965 0.555641
0 0.60307 0.554106 0.60636 0.556408 0.607456 0.556408 0.604167 0.554106
0 0.628289 0.549501 0.628289 0.550269 0.629386 0.551036 0.630482 0.551036
0 0.630482 0.542594 0.630482 0.543361 0.631579 0.544129 0.631579 0.543361
0 0.592105 0.536454 0.592105 0.537222 0.593202 0.537222
0 0.320175 0.531082 0.3125 0.536454 0.3125 0.538757 0.311404 0.539524 0.3125 0.540292 0.3125 0.543361 0.314693 0.544896 0.314693 0.545664 0.322368 0.551036 0.323465 0.551036 0.324561 0.551804 0.326754 0.551804 0.327851 0.551036 0.332237 0.551036 0.333333 0.550269 0.336623 0.550269 0.338816 0.548734 0.339912 0.548734 0.339912 0.547966 0.342105 0.546431 0.342105 0.544129 0.343202 0.543361 0.343202 0.541827 0.342105 0.541059 0.342105 0.540292 0.341009 0.539524 0.341009 0.538757 0.336623 0.535687 0.335526 0.535687 0.333333 0.534152 0.332237 0.534152 0.328947 0.53185 0.326754 0.53185 0.325658 0.531082
0 0.605263 0.524942 0.605263 0.527245 0.607456 0.52878 0.608553 0.52878 0.609649 0.528012 0.608553 0.527245 0.608553 0.526477 0.607456 0.52571 0.60636 0.52571
0 0.211623 0.51957 0.211623 0.520338 0.212719 0.520338 0.212719 0.51957
0 0.649123 0.491174 0.649123 0.491942 0.650219 0.491942 0.651316 0.492709 0.653509 0.492709 0.652412 0.491942 0.651316 0.491942 0.650219 0.491174
0 0.225877 0.489639 0.225877 0.490407 0.226974 0.491174 0.226974 0.490407 0.22807 0.489639
0 0.598684 0.47429 0.598684 0.475825 0.601974 0.478127 0.60307 0.478127 0.604167 0.47736 0.60307 0.476592 0.60307 0.475058 0.601974 0.47429
0 0.213816 0.454336 0.212719 0.455104 0.212719 0.456639 0.211623 0.457406 0.211623 0.458173 0.212719 0.458173 0.213816 0.457406
0 0.225877 0.448964 0.225877 0.449731 0.22807 0.449731 0.229167 0.448964
0 0.288377 0.439754 0.288377 0.440522 0.289474 0.441289 0.289474 0.439754
0 0.241228 0.43515 0.240132 0.435917 0.240132 0.438219 0.241228 0.438987 0.242325 0.438987 0.243421 0.438219 0.243421 0.435917 0.242325 0.435917
0 0.264254 0.429777 0.264254 0.430545 0.265351 0.430545 0.265351 0.429777
0 0.411184 0.418266 0.411184 0.4198 0.412281 0.420568 0.413377 0.4198 0.413377 0.418266
0 0.229167 0.416731 0.22807 0.417498 0.229167 0.418266 0.230263 0.417498
0 0.311404 0.414428 0.311404 0.415963 0.3125 0.415963 0.3125 0.414428
0 0.580044 0.413661 0.578947 0.414428 0.577851 0.414428 0.577851 0.418266 0.578947 0.419033 0.578947 0.420568 0.580044 0.421335 0.580044 0.422103 0.583333 0.424405 0.583333 0.423638 0.587719 0.420568 0.587719 0.4198 0.591009 0.417498 0.591009 0.416731 0.588816 0.415196 0.588816 0.414428 0.587719 0.413661
0 0.320175 0.409056 0.317982 0.410591 0.317982 0.412126 0.319079 0.412126 0.319079 0.411358 0.321272 0.409823 0.321272 0.409056
0 0.253289 0.405986 0.253289 0.408289 0.255482 0.408289 0.255482 0.405986
0 0.292763 0.398312 0.292763 0.399079 0.291667 0.399847 0.291667 0.401381 0.292763 0.402149 0.296053 0.402149 0.298246 0.400614 0.298246 0.399847 0.297149 0.399079 0.297149 0.398312
0 0.282895 0.398312 0.281798 0.399079 0.280702 0.399079 0.278509 0.400614 0.278509 0.401381 0.274123 0.404451 0.273026 0.404451 0.27193 0.405219 0.27193 0.406754 0.273026 0.407521 0.276316 0.407521 0.278509 0.405986 0.279605 0.405986 0.280702 0.405219 0.280702 0.404451 0.281798 0.403684 0.282895 0.403684 0.282895 0.402916 0.283991 0.402149 0.283991 0.401381 0.286184 0.399847 0.286184 0.399079 0.285088 0.398312
0 0.64693 0.393707 0.64693 0.394474 0.648026 0.395242 0.651316 0.395242 0.651316 0.394474 0.650219 0.394474 0.649123 0.393707
0 0.630482 0.392939 0.629386 0.393707 0.629386 0.395242 0.630482 0.396009 0.633772 0.396009 0.638158 0.399079 0.639254 0.398312 0.638158 0.397544 0.637061 0.397544 0.634868 0.396009 0.634868 0.395242 0.633772 0.394474 0.633772 0.393707 0.632675 0.393707 0.631579 0.392939
0 0.449561 0.385265 0.448465 0.386032 0.444079 0.386032 0.442982 0.3868 0.441886 0.3868 0.440789 0.387567 0.439693 0.387567 0.438596 0.388335 0.4375 0.388335 0.429825 0.393707 0.429825 0.396009 0.428728 0.396777 0.428728 0.399847 0.429825 0.400614 0.429825 0.403684 0.432018 0.405219 0.432018 0.406754 0.434211 0.408289 0.434211 0.409056 0.435307 0.409056 0.438596 0.406754 0.438596 0.405986 0.439693 0.405219 0.439693 0.403684 0.440789 0.402916 0.440789 0.402149 0.441886 0.401381 0.441886 0.399847 0.442982 0.399079 0.442982 0.397544 0.444079 0.396777 0.444079 0.395242 0.445175 0.394474 0.445175 0.393707 0.446272 0.392939 0.446272 0.392172 0.449561 0.38987 0.449561 0.389102 0.453947 0.386032 0.453947 0.385265
0 0.270833 0.379125 0.26864 0.38066 0.26864 0.382195 0.269737 0.382962 0.270833 0.382962 0.27193 0.382195 0.27193 0.379893
0 0.301535 0.37759 0.300439 0.378358 0.299342 0.378358 0.298246 0.379125 0.298246 0.379893 0.301535 0.382195 0.302632 0.381427 0.303728 0.381427 0.303728 0.38066 0.304825 0.379893 0.304825 0.378358 0.303728 0.378358 0.302632 0.37759
0 0.39364 0.366078 0.392544 0.366846 0.39364 0.367613 0.394737 0.367613 0.394737 0.366078
0 0.265351 0.366078 0.265351 0.366846 0.266447 0.367613 0.267544 0.366846 0.266447 0.366078
0 0.246711 0.359939 0.247807 0.360706 0.25 0.360706 0.25 0.359939
0 0.233553 0.357636 0.233553 0.359171 0.234649 0.358404 0.234649 0.357636
0 0.657895 0.355334 0.656798 0.356101 0.658991 0.356101 0.658991 0.355334
0 0.661184 0.353799 0.661184 0.355334 0.663377 0.353799
0 0.20614 0.353031 0.20614 0.353799 0.207237 0.353799
0 0.282895 0.348427 0.282895 0.349962 0.283991 0.349962 0.283991 0.349194
0 0.631579 0.340752 0.630482 0.34152 0.630482 0.342287 0.629386 0.343054 0.629386 0.343822 0.630482 0.344589 0.632675 0.344589 0.633772 0.343822 0.633772 0.34152 0.632675 0.340752
0 0.317982 0.339985 0.316886 0.340752 0.314693 0.340752 0.313596 0.34152 0.3125 0.34152 0.311404 0.342287 0.313596 0.342287 0.314693 0.34152 0.320175 0.34152 0.320175 0.340752 0.319079 0.339985
0 0.391447 0.33845 0.390351 0.339217 0.389254 0.339217 0.389254 0.342287 0.39364 0.345357 0.395833 0.345357 0.39693 0.344589 0.398026 0.344589 0.399123 0.343822 0.400219 0.343822 0.400219 0.34152 0.398026 0.339985 0.39693 0.339985 0.394737 0.33845
0 0.311404 0.32924 0.311404 0.330008 0.3125 0.330775 0.313596 0.330775 0.313596 0.330008 0.3125 0.32924
0 0.39693 0.322333 0.395833 0.323101 0.394737 0.323101 0.394737 0.323868 0.39364 0.324635 0.39364 0.32924 0.394737 0.330008 0.394737 0.331543 0.395833 0.331543 0.39693 0.33231 0.398026 0.33231 0.399123 0.333078 0.401316 0.333078 0.402412 0.333845 0.405702 0.333845 0.406798 0.333078 0.406798 0.33231 0.407895 0.331543 0.406798 0.330775 0.406798 0.32617 0.401316 0.322333
0 0.307018 0.318496 0.305921 0.319263 0.305921 0.321566 0.304825 0.322333 0.304825 0.323101 0.305921 0.323101 0.305921 0.320798 0.307018 0.320031
0 0.563596 0.308519 0.5625 0.309286 0.5625 0.310054 0.554825 0.315426 0.554825 0.317728 0.553728 0.318496 0.553728 0.320031 0.551535 0.321566 0.551535 0.323101 0.550439 0.323868 0.550439 0.324635 0.549342 0.325403 0.549342 0.327705 0.550439 0.328473 0.553728 0.328473 0.558114 0.325403 0.558114 0.324635 0.560307 0.323101 0.560307 0.322333 0.561404 0.321566 0.561404 0.320798 0.5625 0.320031 0.5625 0.318496 0.563596 0.317728 0.563596 0.316961 0.564693 0.316193 0.564693 0.310821 0.565789 0.310054 0.564693 0.309286 0.564693 0.308519
0 0.383772 0.300844 0.381579 0.302379 0.381579 0.304682 0.382675 0.305449 0.384868 0.305449 0.385965 0.304682 0.385965 0.301612 0.384868 0.300844
0 0.349781 0.298542 0.349781 0.299309 0.350877 0.299309 0.351974 0.300077 0.35307 0.300077 0.350877 0.298542
0 0.357456 0.284728 0.357456 0.285495 0.358553 0.286262 0.359649 0.286262 0.358553 0.285495 0.358553 0.284728
0 0.663377 0.259401 0.662281 0.260169 0.663377 0.260936 0.666667 0.260936 0.666667 0.260169 0.66557 0.259401
0 0.378289 0.223331 0.378289 0.224098 0.380482 0.225633 0.381579 0.225633 0.382675 0.226401 0.383772 0.226401 0.383772 0.224866 0.382675 0.224098 0.380482 0.224098 0.379386 0.223331
0 0.703947 0.214889 0.703947 0.215656 0.705044 0.216424 0.710526 0.216424 0.711623 0.217191 0.712719 0.216424 0.716009 0.216424 0.716009 0.215656 0.714912 0.214889 0.711623 0.214889 0.710526 0.215656 0.70943 0.215656 0.708333 0.214889
0 0.398026 0.214121 0.399123 0.214889 0.399123 0.214121
0 0.684211 0.19647 0.683114 0.197237 0.683114 0.19954 0.684211 0.200307 0.686404 0.200307 0.6875 0.19954 0.686404 0.198772 0.686404 0.197237 0.685307 0.19647
0 0.445175 0.192632 0.445175 0.1934 0.446272 0.194167 0.447368 0.194167 0.447368 0.1934 0.446272 0.192632
0 0.483553 0.184958 0.482456 0.185725 0.48136 0.185725 0.480263 0.186493 0.480263 0.18726 0.476974 0.189563 0.476974 0.194935 0.475877 0.195702 0.475877 0.19954 0.476974 0.200307 0.476974 0.205679 0.47807 0.206447 0.47807 0.207214 0.485746 0.207214 0.486842 0.206447 0.489035 0.206447 0.491228 0.204912 0.491228 0.204144 0.492325 0.203377 0.492325 0.19954 0.490132 0.198005 0.490132 0.192632 0.491228 0.191865 0.491228 0.191097 0.492325 0.19033 0.492325 0.188028 0.493421 0.18726 0.492325 0.186493 0.492325 0.184958
0 0.440789 0.178051 0.440789 0.178818 0.441886 0.178818 0.442982 0.178051
0 0.455044 0.177283 0.453947 0.178051 0.453947 0.180353 0.455044 0.18112 0.45614 0.180353 0.45614 0.177283
0 0.484649 0.175748 0.483553 0.176516 0.482456 0.176516 0.482456 0.178818 0.484649 0.180353 0.487939 0.180353 0.490132 0.178818 0.490132 0.177283 0.489035 0.176516 0.487939 0.176516 0.486842 0.175748
0 0.480263 0.170376 0.479167 0.171144 0.479167 0.172678 0.48136 0.171144
0 0.641447 0.128933 0.641447 0.130468 0.64364 0.130468 0.64364 0.129701 0.642544 0.128933
0 0.527412 0.126631 0.527412 0.127398 0.526316 0.128166 0.527412 0.128933 0.528509 0.128166 0.528509 0.126631
0 0.66886 0.122794 0.667763 0.123561 0.662281 0.123561 0.662281 0.124328 0.667763 0.124328 0.66886 0.125096 0.669956 0.125096 0.671053 0.124328 0.671053 0.122794
0 0.576754 0.118956 0.573465 0.121259 0.573465 0.122026 0.574561 0.122794 0.576754 0.122794 0.576754 0.122026 0.577851 0.121259 0.577851 0.118956
0 0.660088 0.115119 0.660088 0.115886 0.661184 0.115886 0.661184 0.115119
0 0.656798 0.0897928 0.655702 0.0905602 0.656798 0.0913277 0.657895 0.0913277 0.658991 0.0905602 0.657895 0.0897928
0 0.577851 0.0828856 0.577851 0.0836531 0.578947 0.0828856
0 0.595395 0.0775134 0.594298 0.0782809 0.594298 0.0790483 0.595395 0.0782809
0 0.60636 0.0744436 0.60636 0.0752111 0.607456 0.0752111 0.607456 0.0744436
0 0.587719 0.0675365 0.586623 0.0683039 0.586623 0.0706063 0.587719 0.0698388
