0 0.327851 0.828089 0.327851 0.828856 0.328947 0.829624 0.328947 0.828856
0 0.267544 0.798926 0.266447 0.799693 0.266447 0.80353 0.267544 0.804298 0.26864 0.804298 0.269737 0.80353 0.270833 0.80353 0.27193 0.802763 0.27193 0.80046 0.269737 0.798926
0 0.280702 0.788949 0.280702 0.789716 0.279605 0.790483 0.279605 0.791251 0.280702 0.792018 0.280702 0.794321 0.282895 0.794321 0.285088 0.792786 0.285088 0.790483 0.282895 0.788949
0 0.186404 0.772064 0.184211 0.773599 0.184211 0.774367 0.1875 0.772064
0 0.350877 0.771297 0.349781 0.772064 0.349781 0.774367 0.35307 0.774367 0.35307 0.771297
0 0.371711 0.765925 0.371711 0.76746 0.372807 0.76746 0.372807 0.766692
0 0.320175 0.762087 0.316886 0.76439 0.315789 0.76439 0.314693 0.765157 0.311404 0.765157 0.310307 0.765925 0.309211 0.765925 0.305921 0.768227 0.305921 0.768995 0.303728 0.77053 0.303728 0.773599 0.302632 0.774367 0.302632 0.779739 0.304825 0.781274 0.309211 0.781274 0.310307 0.780507 0.311404 0.780507 0.314693 0.778204 0.314693 0.777437 0.317982 0.775134 0.317982 0.774367 0.319079 0.773599 0.319079 0.77053 0.321272 0.768995 0.321272 0.765925 0.322368 0.765157 0.322368 0.763622 0.321272 0.762855 0.321272 0.762087
0 0.35307 0.757483 0.350877 0.759018 0.349781 0.759018 0.348684 0.759785 0.348684 0.760553 0.347588 0.76132 0.345395 0.76132 0.344298 0.762087 0.344298 0.763622 0.345395 0.763622 0.346491 0.76439 0.347588 0.76439 0.348684 0.763622 0.349781 0.763622 0.35636 0.759018 0.35636 0.75825 0.355263 0.75825 0.354167 0.757483
0 0.203947 0.757483 0.202851 0.75825 0.202851 0.759018 0.200658 0.760553 0.200658 0.76132 0.199561 0.762087 0.199561 0.762855 0.195175 0.765925 0.195175 0.766692 0.194079 0.76746 0.194079 0.768227 0.192982 0.768995 0.194079 0.768995 0.199561 0.765157 0.199561 0.763622 0.200658 0.762855 0.201754 0.762855 0.202851 0.762087 0.202851 0.76132 0.203947 0.760553
0 0.378289 0.753645 0.378289 0.75518 0.377193 0.755948 0.377193 0.756715 0.376096 0.757483 0.377193 0.75825 0.376096 0.759018 0.375 0.759018 0.375 0.760553 0.372807 0.762087 0.372807 0.762855 0.373904 0.762855 0.373904 0.762087 0.375 0.76132 0.375 0.760553 0.376096 0.759785 0.376096 0.759018 0.378289 0.757483 0.378289 0.756715 0.379386 0.755948 0.379386 0.75518 0.380482 0.754413 0.380482 0.753645
0 0.362939 0.743668 0.362939 0.746738 0.364035 0.747506 0.364035 0.748273 0.365132 0.749041 0.366228 0.748273 0.366228 0.747506 0.365132 0.746738 0.365132 0.744436 0.364035 0.743668
0 0.348684 0.741366 0.346491 0.742901 0.345395 0.742901 0.344298 0.743668 0.344298 0.744436 0.343202 0.745203 0.342105 0.744436 0.342105 0.746738 0.343202 0.747506 0.343202 0.748273 0.345395 0.749808 0.346491 0.749808 0.347588 0.750576 0.351974 0.750576 0.35307 0.749808 0.354167 0.749808 0.354167 0.749041 0.355263 0.748273 0.355263 0.742901 0.35307 0.741366
0 0.383772 0.713738 0.383772 0.714505 0.384868 0.714505 0.384868 0.713738
0 0.407895 0.708365 0.406798 0.709133 0.407895 0.7099 0.408991 0.7099 0.408991 0.709133 0.410088 0.708365
0 0.45943 0.706063 0.460526 0.706063 0.461623 0.70683 0.461623 0.706063
0 0.151316 0.702993 0.151316 0.703761 0.152412 0.703761
0 0.183114 0.687644 0.178728 0.690714 0.178728 0.691481 0.177632 0.692249 0.176535 0.692249 0.175439 0.693016 0.175439 0.695318 0.177632 0.695318 0.179825 0.693784 0.180921 0.693784 0.1875 0.689179 0.1875 0.687644
0 0.403509 0.684574 0.401316 0.686109 0.401316 0.686876 0.400219 0.687644 0.400219 0.688411 0.399123 0.689179 0.399123 0.691481 0.401316 0.693016 0.403509 0.691481 0.403509 0.689946 0.404605 0.689179 0.404605 0.686109 0.403509 0.685342
0 0.140351 0.684574 0.139254 0.685342 0.139254 0.686109 0.141447 0.686109 0.142544 0.686876 0.14364 0.686109 0.14364 0.685342 0.142544 0.685342 0.141447 0.684574
0 0.400219 0.672295 0.399123 0.673062 0.399123 0.675365 0.400219 0.676132 0.400219 0.676899 0.401316 0.677667 0.404605 0.677667 0.404605 0.676899 0.405702 0.676132 0.404605 0.675365 0.404605 0.674597 0.403509 0.67383 0.403509 0.673062 0.402412 0.673062 0.401316 0.672295
0 0.435307 0.663853 0.434211 0.66462 0.433114 0.66462 0.433114 0.666155 0.434211 0.666922 0.4375 0.666922 0.4375 0.666155 0.436404 0.665388 0.436404 0.66462
0 0.186404 0.660015 0.186404 0.660783 0.1875 0.66155 0.1875 0.660783
0 0.199561 0.643899 0.198465 0.644666 0.198465 0.645434 0.199561 0.645434
0 0.408991 0.641596 0.406798 0.643131 0.406798 0.644666 0.405702 0.645434 0.405702 0.646201 0.407895 0.647736 0.408991 0.647736 0.410088 0.648503 0.411184 0.648503 0.412281 0.647736 0.412281 0.643899 0.411184 0.643131 0.411184 0.642364 0.410088 0.642364
0 0.189693 0.637759 0.190789 0.638526 0.191886 0.637759
0 0.413377 0.629317 0.413377 0.632387 0.414474 0.632387 0.41557 0.633154 0.416667 0.633154 0.416667 0.630852 0.414474 0.629317
0 0.461623 0.607828 0.45943 0.609363 0.458333 0.609363 0.45614 0.610898 0.455044 0.610898 0.450658 0.613968 0.450658 0.614735 0.449561 0.615503 0.447368 0.615503 0.445175 0.617038 0.444079 0.617038 0.442982 0.617805 0.440789 0.617805 0.439693 0.618573 0.441886 0.620107 0.442982 0.620107 0.445175 0.621642 0.446272 0.621642 0.447368 0.62241 0.447368 0.623177 0.448465 0.623945 0.448465 0.626247 0.452851 0.629317 0.453947 0.629317 0.455044 0.630084 0.45614 0.630084 0.457237 0.630852 0.458333 0.630852 0.461623 0.633154 0.462719 0.633154 0.463816 0.632387 0.462719 0.631619 0.462719 0.630852 0.460526 0.630852 0.45943 0.630084 0.45943 0.62855 0.458333 0.62855 0.457237 0.627782 0.45614 0.627782 0.453947 0.629317 0.449561 0.626247 0.449561 0.62548 0.450658 0.624712 0.451754 0.62548 0.452851 0.62548 0.451754 0.624712 0.451754 0.623945 0.449561 0.62241 0.449561 0.618573 0.453947 0.615503 0.455044 0.615503 0.45614 0.614735 0.457237 0.614735 0.45943 0.6132 0.460526 0.6132 0.461623 0.612433 0.461623 0.611665 0.462719 0.610898 0.462719 0.61013 0.463816 0.609363 0.463816 0.608596 0.462719 0.607828
0 0.614035 0.601688 0.615132 0.602456 0.615132 0.603223 0.616228 0.603991 0.616228 0.603223
0 0.600877 0.593246 0.600877 0.594014 0.601974 0.594781 0.60307 0.594781 0.604167 0.595549 0.604167 0.594781 0.601974 0.593246
0 0.515351 0.591711 0.513158 0.593246 0.514254 0.593246 0.515351 0.592479 0.51864 0.592479 0.51864 0.591711
0 0.502193 0.590177 0.502193 0.591711 0.504386 0.591711 0.504386 0.590944 0.503289 0.590177
0 0.241228 0.577897 0.240132 0.578665 0.242325 0.578665 0.242325 0.577897
0 0.565789 0.569455 0.565789 0.57099 0.567982 0.57099 0.570175 0.572525 0.570175 0.573292 0.571272 0.57406 0.571272 0.574827 0.572368 0.574827 0.573465 0.575595 0.574561 0.575595 0.574561 0.574827 0.572368 0.573292 0.572368 0.572525 0.571272 0.572525 0.566886 0.569455
0 0.294956 0.569455 0.29386 0.570223 0.29386 0.57099 0.291667 0.572525 0.291667 0.574827 0.29057 0.575595 0.29057 0.576362 0.289474 0.57713 0.289474 0.582502 0.291667 0.584037 0.292763 0.584037 0.29386 0.584804 0.294956 0.584804 0.296053 0.585572 0.297149 0.585572 0.298246 0.584804 0.298246 0.584037 0.300439 0.582502 0.300439 0.581734 0.301535 0.580967 0.301535 0.5802 0.302632 0.579432 0.302632 0.578665 0.303728 0.577897 0.303728 0.57713 0.304825 0.576362 0.304825 0.57406 0.303728 0.573292 0.303728 0.570223 0.302632 0.570223 0.301535 0.569455
0 0.236842 0.563315 0.235746 0.564083 0.234649 0.564083 0.234649 0.566385 0.235746 0.566385 0.236842 0.567153 0.239035 0.567153 0.240132 0.566385 0.240132 0.56485 0.239035 0.564083 0.237939 0.564083
0 0.595395 0.551804 0.595395 0.552571 0.596491 0.552571
0 0.645833 0.540292 0.645833 0.541059 0.648026 0.541059 0.64693 0.540292
0 0.298246 0.539524 0.297149 0.540292 0.297149 0.541827 0.298246 0.542594 0.299342 0.541827 0.299342 0.539524
0 0.627193 0.537989 0.627193 0.538757 0.628289 0.537989
0 0.595395 0.534919 0.595395 0.535687 0.596491 0.535687 0.596491 0.534919
0 0.320175 0.534152 0.317982 0.535687 0.316886 0.535687 0.315789 0.536454 0.315789 0.537222 0.313596 0.538757 0.313596 0.539524 0.3125 0.540292 0.3125 0.545664 0.313596 0.546431 0.313596 0.547199 0.315789 0.548734 0.315789 0.549501 0.316886 0.550269 0.316886 0.551036 0.322368 0.554873 0.323465 0.554873 0.324561 0.555641 0.33114 0.555641 0.332237 0.554873 0.333333 0.554873 0.33443 0.554106 0.336623 0.554106 0.338816 0.552571 0.339912 0.552571 0.342105 0.551036 0.342105 0.548734 0.343202 0.547966 0.343202 0.546431 0.342105 0.545664 0.342105 0.543361 0.341009 0.542594 0.341009 0.541827 0.332237 0.535687 0.33114 0.535687 0.328947 0.534152
0 0.292763 0.530315 0.292763 0.531082 0.29386 0.530315
0 0.60636 0.528012 0.60636 0.530315 0.607456 0.531082 0.609649 0.531082 0.609649 0.52878 0.608553 0.528012
0 0.221491 0.518803 0.221491 0.51957 0.222588 0.51957 0.222588 0.518803
0 0.233553 0.490407 0.232456 0.491174 0.233553 0.491174
0 0.601974 0.478127 0.599781 0.479662 0.599781 0.481965 0.600877 0.482732 0.601974 0.482732 0.60307 0.4835 0.605263 0.481965 0.605263 0.48043 0.604167 0.479662 0.604167 0.478895 0.60307 0.478127
0 0.621711 0.473523 0.620614 0.47429 0.620614 0.475058 0.628289 0.48043 0.628289 0.482732 0.629386 0.4835 0.629386 0.484267 0.630482 0.4835 0.630482 0.481197 0.629386 0.48043 0.629386 0.479662 0.628289 0.478895 0.628289 0.478127
0 0.252193 0.449731 0.251096 0.450499 0.25 0.450499 0.252193 0.450499
0 0.29057 0.444359 0.29057 0.445127 0.291667 0.445894 0.291667 0.444359
0 0.241228 0.437452 0.241228 0.440522 0.242325 0.441289 0.242325 0.442057 0.244518 0.442057 0.245614 0.442824 0.246711 0.442824 0.246711 0.440522 0.245614 0.439754 0.245614 0.438987 0.243421 0.437452
0 0.254386 0.43515 0.252193 0.436685 0.252193 0.437452 0.253289 0.437452 0.254386 0.436685
0 0.330044 0.431312 0.330044 0.43208 0.33114 0.432847 0.33114 0.431312
0 0.412281 0.4198 0.412281 0.421335 0.41557 0.421335 0.41557 0.420568 0.414474 0.4198
0 0.572368 0.416731 0.571272 0.417498 0.570175 0.417498 0.570175 0.4198 0.571272 0.420568 0.571272 0.425173 0.572368 0.42594 0.572368 0.426708 0.573465 0.427475 0.577851 0.427475 0.580044 0.42594 0.580044 0.425173 0.58114 0.424405 0.58114 0.423638 0.582237 0.42287 0.582237 0.422103 0.583333 0.421335 0.583333 0.420568 0.582237 0.4198 0.582237 0.419033 0.580044 0.417498 0.578947 0.417498 0.577851 0.416731
0 0.310307 0.415963 0.310307 0.417498 0.311404 0.417498 0.3125 0.418266 0.314693 0.418266 0.314693 0.417498 0.313596 0.416731 0.313596 0.415963
0 0.233553 0.415963 0.233553 0.416731 0.234649 0.416731 0.234649 0.415963
0 0.248904 0.412126 0.247807 0.412893 0.245614 0.412893 0.244518 0.413661 0.245614 0.414428 0.247807 0.414428 0.248904 0.413661 0.25 0.413661 0.25 0.412126
0 0.450658 0.390637 0.448465 0.392172 0.447368 0.392172 0.446272 0.392939 0.444079 0.392939 0.442982 0.393707 0.441886 0.393707 0.439693 0.395242 0.438596 0.395242 0.438596 0.396009 0.4375 0.396777 0.436404 0.396777 0.430921 0.400614 0.430921 0.401381 0.428728 0.402916 0.428728 0.409823 0.429825 0.410591 0.429825 0.412126 0.430921 0.412893 0.430921 0.414428 0.432018 0.414428 0.433114 0.413661 0.433114 0.412893 0.434211 0.412126 0.434211 0.411358 0.4375 0.409056 0.4375 0.408289 0.438596 0.407521 0.438596 0.406754 0.439693 0.405986 0.439693 0.405219 0.440789 0.404451 0.440789 0.402916 0.441886 0.402149 0.441886 0.400614 0.442982 0.399847 0.442982 0.398312 0.444079 0.397544 0.444079 0.396777 0.445175 0.396009 0.445175 0.395242 0.450658 0.391404
0 0.303728 0.382195 0.301535 0.38373 0.301535 0.386032 0.302632 0.3868 0.302632 0.388335 0.301535 0.389102 0.301535 0.391404 0.300439 0.392172 0.300439 0.392939 0.299342 0.393707 0.299342 0.396009 0.298246 0.396777 0.298246 0.397544 0.297149 0.398312 0.297149 0.401381 0.296053 0.402149 0.296053 0.405219 0.294956 0.405986 0.296053 0.406754 0.296053 0.408289 0.297149 0.409056 0.297149 0.410591 0.299342 0.412126 0.300439 0.411358 0.301535 0.411358 0.302632 0.410591 0.302632 0.409823 0.303728 0.409056 0.302632 0.408289 0.302632 0.407521 0.301535 0.406754 0.301535 0.404451 0.302632 0.403684 0.302632 0.401381 0.303728 0.400614 0.303728 0.396777 0.304825 0.396009 0.304825 0.394474 0.305921 0.393707 0.305921 0.392939 0.307018 0.392172 0.307018 0.391404 0.308114 0.390637 0.308114 0.385265 0.307018 0.384497 0.307018 0.38373 0.304825 0.382195
0 0.392544 0.373753 0.391447 0.37452 0.392544 0.37452
0 0.267544 0.370683 0.266447 0.37145 0.266447 0.372218 0.267544 0.372985 0.267544 0.375288 0.26864 0.376055 0.26864 0.376823 0.269737 0.37759 0.270833 0.37759 0.270833 0.376055 0.269737 0.375288 0.269737 0.37145 0.26864 0.370683
0 0.230263 0.363776 0.230263 0.365311 0.23136 0.364543
0 0.216009 0.359939 0.216009 0.360706 0.217105 0.361474 0.218202 0.361474 0.217105 0.360706 0.217105 0.359939
0 0.645833 0.359171 0.644737 0.359939 0.64364 0.359939 0.641447 0.361474 0.644737 0.361474 0.645833 0.360706 0.648026 0.360706 0.648026 0.359939 0.64693 0.359171
0 0.283991 0.350729 0.283991 0.351497 0.285088 0.351497 0.285088 0.350729
0 0.626096 0.348427 0.622807 0.350729 0.622807 0.351497 0.621711 0.352264 0.622807 0.353031 0.623904 0.353031 0.625 0.352264 0.626096 0.352264 0.626096 0.351497 0.627193 0.350729 0.627193 0.349194
0 0.327851 0.342287 0.327851 0.343054 0.328947 0.343822 0.330044 0.343054 0.330044 0.342287
0 0.316886 0.333845 0.316886 0.33538 0.320175 0.337682 0.320175 0.33845 0.321272 0.339217 0.323465 0.339217 0.322368 0.33845 0.322368 0.336915 0.321272 0.336147 0.321272 0.33538 0.320175 0.33538 0.317982 0.333845
0 0.305921 0.328473 0.305921 0.330008 0.307018 0.330008 0.307018 0.328473
0 0.570175 0.324635 0.570175 0.32617 0.573465 0.32617 0.571272 0.324635
0 0.39693 0.324635 0.39693 0.325403 0.395833 0.32617 0.395833 0.328473 0.39364 0.330008 0.39364 0.330775 0.389254 0.333845 0.389254 0.334612 0.388158 0.33538 0.388158 0.337682 0.387061 0.33845 0.387061 0.339217 0.385965 0.339985 0.385965 0.34152 0.387061 0.342287 0.389254 0.342287 0.39364 0.339217 0.394737 0.339217 0.394737 0.33845 0.39693 0.336915 0.398026 0.336915 0.399123 0.336147 0.402412 0.336147 0.403509 0.33538 0.404605 0.336147 0.405702 0.336147 0.406798 0.33538 0.407895 0.33538 0.408991 0.334612 0.408991 0.330008 0.407895 0.32924 0.407895 0.328473 0.402412 0.324635
0 0.558114 0.315426 0.558114 0.316193 0.557018 0.316961 0.557018 0.317728 0.555921 0.318496 0.555921 0.319263 0.554825 0.320031 0.554825 0.320798 0.553728 0.321566 0.553728 0.322333 0.552632 0.323101 0.552632 0.324635 0.551535 0.325403 0.551535 0.32617 0.549342 0.327705 0.549342 0.328473 0.548246 0.32924 0.548246 0.330008 0.547149 0.330775 0.547149 0.331543 0.546053 0.33231 0.546053 0.334612 0.548246 0.336147 0.553728 0.336147 0.553728 0.33538 0.555921 0.333845 0.555921 0.333078 0.558114 0.331543 0.558114 0.330008 0.559211 0.32924 0.559211 0.326938 0.560307 0.32617 0.560307 0.322333 0.561404 0.321566 0.561404 0.318496 0.560307 0.317728 0.560307 0.315426
0 0.289474 0.306216 0.289474 0.306984 0.29057 0.306984
0 0.370614 0.303914 0.369518 0.304682 0.372807 0.304682 0.371711 0.303914
0 0.26864 0.303914 0.267544 0.304682 0.267544 0.305449 0.270833 0.305449 0.270833 0.304682 0.269737 0.303914
0 0.384868 0.302379 0.384868 0.305449 0.385965 0.306216 0.388158 0.306216 0.388158 0.305449 0.389254 0.304682 0.389254 0.303914 0.388158 0.303147 0.388158 0.302379
0 0.343202 0.282425 0.344298 0.283193 0.345395 0.283193 0.344298 0.282425
0 0.383772 0.278588 0.383772 0.280123 0.385965 0.280123 0.385965 0.278588
0 0.391447 0.277053 0.392544 0.27782 0.392544 0.278588 0.391447 0.279355 0.392544 0.279355 0.392544 0.277053
0 0.377193 0.275518 0.376096 0.276285 0.376096 0.277053 0.377193 0.277053
0 0.620614 0.267843 0.619518 0.268611 0.615132 0.268611 0.614035 0.269378 0.614035 0.270146 0.611842 0.271681 0.610746 0.271681 0.607456 0.273983 0.607456 0.277053 0.608553 0.277053 0.608553 0.276285 0.615132 0.271681 0.616228 0.271681 0.617325 0.270913 0.621711 0.270913 0.622807 0.270146 0.626096 0.270146 0.623904 0.270146 0.622807 0.269378 0.621711 0.269378 0.620614 0.268611
0 0.652412 0.266309 0.652412 0.267076 0.653509 0.267843 0.653509 0.268611 0.653509 0.267076
0 0.637061 0.266309 0.633772 0.268611 0.633772 0.270146 0.634868 0.270146 0.634868 0.268611 0.635965 0.267843 0.637061 0.268611 0.64364 0.268611 0.644737 0.267843 0.645833 0.267843 0.64693 0.267076 0.648026 0.267076 0.645833 0.267076 0.644737 0.266309
0 0.348684 0.256332 0.348684 0.257866 0.349781 0.258634 0.350877 0.258634 0.350877 0.257866
0 0.671053 0.253262 0.669956 0.254029 0.66886 0.254029 0.667763 0.254797 0.666667 0.254797 0.66557 0.255564 0.66557 0.257099 0.666667 0.257099 0.666667 0.256332 0.669956 0.254029 0.672149 0.254029 0.673246 0.253262
0 0.405702 0.224866 0.405702 0.226401 0.406798 0.227168 0.411184 0.227168 0.412281 0.226401 0.411184 0.225633 0.407895 0.225633 0.406798 0.224866
0 0.392544 0.224098 0.391447 0.224866 0.39364 0.224866 0.394737 0.224098
0 0.70614 0.210284 0.70614 0.211051 0.705044 0.211819 0.705044 0.212586 0.70614 0.213354 0.707237 0.213354 0.708333 0.212586 0.708333 0.211051 0.707237 0.211051
0 0.445175 0.19647 0.444079 0.197237 0.444079 0.200307 0.445175 0.200307 0.446272 0.201074 0.448465 0.19954 0.448465 0.197237 0.447368 0.19647
0 0.691886 0.192632 0.691886 0.194167 0.689693 0.195702 0.688596 0.195702 0.688596 0.198005 0.689693 0.198772 0.691886 0.198772 0.692982 0.198005 0.692982 0.197237 0.694079 0.19647 0.694079 0.192632
0 0.375 0.191097 0.377193 0.192632 0.377193 0.194167 0.378289 0.194935 0.378289 0.1934
0 0.697368 0.188028 0.697368 0.188795 0.698465 0.188795 0.698465 0.188028
0 0.701754 0.179586 0.700658 0.180353 0.700658 0.18112 0.699561 0.181888 0.699561 0.18419 0.698465 0.184958 0.699561 0.184958 0.699561 0.18419 0.700658 0.183423 0.700658 0.181888 0.702851 0.180353 0.703947 0.180353 0.705044 0.18112 0.70614 0.18112 0.707237 0.181888 0.708333 0.181888 0.70943 0.182655 0.711623 0.182655 0.712719 0.183423 0.713816 0.182655 0.714912 0.182655 0.716009 0.181888 0.70943 0.181888 0.707237 0.180353 0.705044 0.180353 0.703947 0.179586
0 0.485746 0.178818 0.484649 0.179586 0.484649 0.18112 0.486842 0.18112 0.487939 0.181888 0.487939 0.182655 0.486842 0.183423 0.485746 0.183423 0.484649 0.18419 0.482456 0.18419 0.48136 0.183423 0.479167 0.184958 0.479167 0.186493 0.47807 0.18726 0.47807 0.191097 0.474781 0.1934 0.474781 0.194167 0.473684 0.194935 0.473684 0.195702 0.472588 0.19647 0.472588 0.198772 0.471491 0.19954 0.471491 0.201074 0.470395 0.201842 0.470395 0.205679 0.471491 0.206447 0.471491 0.207982 0.472588 0.208749 0.472588 0.211819 0.474781 0.213354 0.476974 0.213354 0.48136 0.210284 0.48136 0.209517 0.482456 0.208749 0.482456 0.207982 0.484649 0.206447 0.484649 0.205679 0.485746 0.204912 0.485746 0.204144 0.486842 0.203377 0.486842 0.200307 0.487939 0.19954 0.487939 0.198005 0.489035 0.197237 0.489035 0.194167 0.492325 0.191865 0.492325 0.191097 0.493421 0.19033 0.493421 0.189563 0.494518 0.188795 0.494518 0.188028 0.495614 0.18726 0.495614 0.186493 0.494518 0.185725 0.494518 0.184958 0.492325 0.183423 0.492325 0.182655 0.491228 0.181888 0.491228 0.18112 0.490132 0.180353 0.490132 0.179586 0.489035 0.178818
0 0.483553 0.173446 0.482456 0.174213 0.483553 0.174981 0.484649 0.174981 0.484649 0.173446
0 0.641447 0.128166 0.641447 0.129701 0.642544 0.129701 0.642544 0.128166
0 0.526316 0.128166 0.526316 0.129701 0.527412 0.129701 0.527412 0.128166
0 0.676535 0.122794 0.676535 0.124328 0.678728 0.124328 0.678728 0.122794
0 0.582237 0.113584 0.58114 0.114351 0.580044 0.114351 0.580044 0.115119 0.578947 0.115886 0.578947 0.117421 0.580044 0.117421 0.58114 0.116654 0.583333 0.116654 0.583333 0.115119 0.58443 0.114351 0.583333 0.113584
0 0.672149 0.105142 0.671053 0.105909 0.671053 0.107444 0.673246 0.105909
0 0.588816 0.0897928 0.587719 0.0905602 0.587719 0.0913277 0.586623 0.0920952 0.586623 0.0928626 0.585526 0.0936301 0.585526 0.095165 0.58443 0.0959325 0.58443 0.0990023 0.585526 0.0990023 0.585526 0.0982348 0.586623 0.0974674 0.586623 0.095165 0.587719 0.0943975 0.587719 0.0928626 0.588816 0.0920952 0.588816 0.0913277 0.589912 0.0905602 0.589912 0.0897928
0 0.674342 0.0813507 0.673246 0.0821182 0.672149 0.0821182 0.672149 0.0828856 0.671053 0.0836531 0.672149 0.0836531 0.674342 0.0821182
