0 0.325658 0.814275 0.325658 0.815042 0.324561 0.81581 0.324561 0.818112 0.324561 0.817345 0.326754 0.81581 0.327851 0.81581 0.33114 0.818112 0.328947 0.816577 0.328947 0.81581 0.327851 0.81581 0.326754 0.815042 0.326754 0.814275
0 0.219298 0.810437 0.218202 0.811205 0.219298 0.811205
0 0.264254 0.802763 0.263158 0.80353 0.262061 0.80353 0.262061 0.805065 0.264254 0.8066 0.266447 0.8066 0.26864 0.805065 0.26864 0.804298 0.267544 0.80353 0.266447 0.80353 0.265351 0.802763
0 0.277412 0.793553 0.274123 0.795856 0.274123 0.796623 0.270833 0.798926 0.270833 0.799693 0.273026 0.801228 0.279605 0.801228 0.280702 0.80046 0.280702 0.799693 0.281798 0.798926 0.281798 0.795088 0.279605 0.793553
0 0.348684 0.780507 0.347588 0.781274 0.347588 0.782041 0.346491 0.782809 0.346491 0.787414 0.347588 0.788181 0.348684 0.788181 0.349781 0.788949 0.349781 0.786646 0.348684 0.785879 0.348684 0.784344 0.349781 0.783576 0.349781 0.782041 0.348684 0.781274
0 0.35636 0.754413 0.354167 0.755948 0.354167 0.75825 0.355263 0.759018 0.359649 0.759018 0.360746 0.75825 0.360746 0.75518 0.359649 0.754413
0 0.373904 0.750576 0.375 0.751343 0.373904 0.752111 0.373904 0.752878 0.372807 0.753645 0.372807 0.75518 0.373904 0.754413 0.373904 0.753645 0.375 0.752878 0.375 0.750576
0 0.156798 0.749041 0.156798 0.749808 0.155702 0.750576 0.155702 0.752878 0.158991 0.750576 0.158991 0.749041
0 0.401316 0.747506 0.401316 0.749041 0.402412 0.749808 0.402412 0.748273
0 0.35307 0.739831 0.351974 0.740599 0.351974 0.746738 0.35307 0.747506 0.35307 0.748273 0.355263 0.748273 0.358553 0.745971 0.358553 0.742134 0.357456 0.741366 0.357456 0.740599 0.35636 0.739831
0 0.179825 0.691481 0.178728 0.692249 0.179825 0.693016 0.180921 0.693016 0.182018 0.692249 0.180921 0.691481
0 0.155702 0.691481 0.154605 0.692249 0.154605 0.698388 0.155702 0.699156 0.155702 0.701458 0.156798 0.701458 0.157895 0.700691 0.157895 0.699923 0.156798 0.699156 0.155702 0.699156 0.154605 0.698388 0.155702 0.697621 0.155702 0.695318 0.156798 0.694551 0.156798 0.693016 0.155702 0.692249
0 0.152412 0.685342 0.151316 0.686109 0.152412 0.686109 0.153509 0.686876 0.155702 0.686876 0.153509 0.685342
0 0.188596 0.683807 0.1875 0.684574 0.1875 0.685342 0.188596 0.686109 0.188596 0.686876 0.189693 0.687644 0.192982 0.687644 0.192982 0.684574 0.191886 0.683807
0 0.41886 0.660783 0.417763 0.66155 0.41557 0.66155 0.413377 0.663085 0.412281 0.663085 0.412281 0.663853 0.408991 0.666155 0.408991 0.66769 0.407895 0.668457 0.406798 0.668457 0.404605 0.669992 0.403509 0.669992 0.401316 0.671527 0.401316 0.673062 0.402412 0.67383 0.402412 0.675365 0.403509 0.676132 0.406798 0.676132 0.407895 0.675365 0.407895 0.674597 0.408991 0.67383 0.408991 0.672295 0.410088 0.671527 0.410088 0.67076 0.412281 0.669225 0.412281 0.668457 0.414474 0.666922 0.414474 0.666155 0.416667 0.66462 0.417763 0.66462 0.41886 0.663853 0.422149 0.663853 0.424342 0.665388 0.425439 0.665388 0.427632 0.666922 0.428728 0.666922 0.430921 0.668457 0.434211 0.668457 0.434211 0.66769 0.430921 0.665388 0.428728 0.665388 0.426535 0.663853 0.426535 0.663085 0.425439 0.662318 0.424342 0.662318 0.423246 0.66155 0.419956 0.66155
0 0.1875 0.640829 0.1875 0.641596 0.188596 0.641596 0.188596 0.640829
0 0.197368 0.634689 0.196272 0.635457 0.194079 0.635457 0.191886 0.636992 0.191886 0.637759 0.194079 0.637759 0.195175 0.636992 0.197368 0.636992 0.198465 0.636224 0.199561 0.636224 0.199561 0.635457 0.198465 0.635457
0 0.463816 0.633922 0.463816 0.636224 0.464912 0.636992 0.467105 0.636992 0.467105 0.633922
0 0.41557 0.633922 0.414474 0.634689 0.413377 0.634689 0.410088 0.636992 0.410088 0.639294 0.408991 0.640061 0.408991 0.643899 0.410088 0.644666 0.413377 0.644666 0.41557 0.643131 0.41557 0.642364 0.416667 0.641596 0.416667 0.636992 0.417763 0.636224 0.417763 0.634689 0.416667 0.634689
0 0.428728 0.624712 0.427632 0.62548 0.425439 0.62548 0.424342 0.626247 0.423246 0.626247 0.423246 0.627015 0.422149 0.627782 0.421053 0.627782 0.421053 0.62855 0.422149 0.629317 0.423246 0.629317 0.425439 0.627782 0.426535 0.627782 0.427632 0.627015 0.427632 0.626247 0.429825 0.624712
0 0.539474 0.623945 0.54057 0.624712 0.54057 0.62548 0.541667 0.62548 0.541667 0.623945
0 0.476974 0.600153 0.472588 0.603223 0.472588 0.603991 0.471491 0.604758 0.471491 0.606293 0.472588 0.606293 0.473684 0.605526 0.475877 0.605526 0.47807 0.603991 0.47807 0.602456 0.479167 0.601688 0.479167 0.600153
0 0.506579 0.589409 0.506579 0.590944 0.508772 0.590944 0.508772 0.589409
0 0.252193 0.575595 0.251096 0.576362 0.251096 0.57713 0.254386 0.57713 0.254386 0.575595
0 0.527412 0.567153 0.527412 0.56792 0.528509 0.567153
0 0.245614 0.565618 0.244518 0.566385 0.244518 0.567153 0.245614 0.56792 0.246711 0.56792 0.247807 0.568688 0.248904 0.56792 0.25 0.568688 0.252193 0.568688 0.252193 0.567153 0.25 0.565618
0 0.576754 0.564083 0.573465 0.566385 0.573465 0.567153 0.572368 0.56792 0.571272 0.56792 0.570175 0.568688 0.570175 0.569455 0.572368 0.569455 0.574561 0.56792 0.574561 0.567153 0.575658 0.566385 0.575658 0.565618 0.576754 0.56485 0.578947 0.56485 0.577851 0.564083
0 0.592105 0.553338 0.592105 0.554106 0.593202 0.554873 0.594298 0.554873 0.594298 0.554106 0.593202 0.553338
0 0.297149 0.547199 0.297149 0.547966 0.299342 0.547966 0.298246 0.547199
0 0.322368 0.537222 0.321272 0.537989 0.319079 0.537989 0.314693 0.541059 0.314693 0.542594 0.313596 0.543361 0.313596 0.549501 0.314693 0.550269 0.314693 0.551036 0.316886 0.552571 0.316886 0.553338 0.317982 0.554106 0.316886 0.554873 0.313596 0.554873 0.309211 0.557943 0.308114 0.557943 0.307018 0.558711 0.307018 0.559478 0.303728 0.561781 0.303728 0.562548 0.302632 0.563315 0.302632 0.564083 0.298246 0.567153 0.298246 0.568688 0.299342 0.569455 0.299342 0.570223 0.298246 0.57099 0.298246 0.571757 0.296053 0.573292 0.296053 0.57713 0.297149 0.57713 0.298246 0.577897 0.301535 0.577897 0.302632 0.57713 0.305921 0.57713 0.307018 0.576362 0.307018 0.575595 0.3125 0.571757 0.3125 0.568688 0.313596 0.56792 0.313596 0.566385 0.316886 0.564083 0.316886 0.563315 0.317982 0.562548 0.319079 0.562548 0.322368 0.560246 0.323465 0.560246 0.324561 0.559478 0.325658 0.559478 0.326754 0.558711 0.335526 0.558711 0.337719 0.557176 0.338816 0.557176 0.342105 0.554873 0.342105 0.554106 0.343202 0.553338 0.343202 0.549501 0.342105 0.548734 0.342105 0.547199 0.341009 0.546431 0.341009 0.545664 0.338816 0.544129 0.338816 0.543361 0.33443 0.540292 0.33443 0.539524 0.333333 0.539524 0.33114 0.537989 0.327851 0.537989 0.326754 0.537222
0 0.619518 0.533384 0.618421 0.534152 0.618421 0.534919 0.620614 0.536454 0.621711 0.535687 0.621711 0.534152 0.620614 0.533384
0 0.60307 0.532617 0.601974 0.533384 0.600877 0.533384 0.600877 0.534919 0.601974 0.534919 0.601974 0.534152 0.604167 0.532617
0 0.608553 0.518803 0.607456 0.51957 0.607456 0.521105 0.60636 0.521873 0.60636 0.530315 0.607456 0.531082 0.607456 0.53185 0.610746 0.53185 0.610746 0.527245 0.611842 0.526477 0.611842 0.524175 0.612939 0.523408 0.612939 0.51957 0.611842 0.518803
0 0.23136 0.518035 0.23136 0.518803 0.233553 0.518803 0.232456 0.518035
0 0.252193 0.488872 0.252193 0.490407 0.253289 0.491174 0.255482 0.491174 0.254386 0.491174 0.253289 0.490407 0.253289 0.489639
0 0.239035 0.478127 0.239035 0.478895 0.240132 0.478127
0 0.604167 0.47736 0.604167 0.478127 0.60307 0.478895 0.60307 0.479662 0.604167 0.48043 0.604167 0.481197 0.60636 0.481197 0.607456 0.48043 0.611842 0.48043 0.612939 0.479662 0.612939 0.478895 0.611842 0.478127 0.610746 0.478127 0.609649 0.47736
0 0.245614 0.47736 0.244518 0.478127 0.245614 0.478895 0.245614 0.481965 0.243421 0.4835 0.243421 0.484267 0.241228 0.485802 0.241228 0.486569 0.240132 0.487337 0.240132 0.488104 0.239035 0.488872 0.240132 0.489639 0.241228 0.489639 0.242325 0.488872 0.243421 0.488872 0.243421 0.488104 0.246711 0.485802 0.246711 0.481197 0.245614 0.48043 0.245614 0.479662 0.246711 0.478895 0.246711 0.478127
0 0.33443 0.469685 0.33443 0.470453 0.335526 0.469685
0 0.29386 0.446662 0.29386 0.448196 0.294956 0.448196 0.294956 0.446662
0 0.232456 0.446662 0.23136 0.447429 0.23136 0.449731 0.232456 0.450499 0.233553 0.449731 0.234649 0.449731 0.234649 0.448196 0.233553 0.447429 0.233553 0.446662
0 0.252193 0.442824 0.248904 0.445127 0.248904 0.446662 0.247807 0.447429 0.247807 0.448196 0.246711 0.448964 0.246711 0.449731 0.245614 0.450499 0.243421 0.450499 0.242325 0.449731 0.242325 0.448964 0.240132 0.448964 0.240132 0.450499 0.243421 0.452801 0.246711 0.452801 0.247807 0.452034 0.248904 0.452034 0.253289 0.448964 0.255482 0.448964 0.256579 0.448196 0.257675 0.448196 0.258772 0.448964 0.260965 0.448964 0.262061 0.448196 0.263158 0.448196 0.264254 0.448964 0.267544 0.448964 0.26864 0.449731 0.27193 0.449731 0.273026 0.448964 0.273026 0.448196 0.274123 0.447429 0.273026 0.446662 0.273026 0.445894 0.27193 0.445127 0.27193 0.444359 0.270833 0.444359 0.269737 0.443592 0.26864 0.443592 0.267544 0.442824 0.266447 0.442824 0.265351 0.443592 0.262061 0.443592 0.260965 0.442824 0.259868 0.442824 0.258772 0.443592 0.257675 0.443592 0.256579 0.442824
0 0.330044 0.431312 0.330044 0.432847 0.33114 0.432847 0.33114 0.431312
0 0.406798 0.422103 0.404605 0.423638 0.404605 0.424405 0.406798 0.424405 0.407895 0.423638 0.408991 0.423638 0.410088 0.42287 0.410088 0.422103
0 0.565789 0.421335 0.564693 0.422103 0.563596 0.422103 0.563596 0.424405 0.5625 0.425173 0.5625 0.428243 0.563596 0.42901 0.563596 0.429777 0.565789 0.431312 0.571272 0.431312 0.573465 0.429777 0.573465 0.42901 0.574561 0.428243 0.574561 0.427475 0.575658 0.426708 0.575658 0.423638 0.573465 0.422103 0.572368 0.422103 0.571272 0.421335
0 0.314693 0.417498 0.314693 0.419033 0.315789 0.4198 0.319079 0.4198 0.319079 0.418266 0.317982 0.417498
0 0.416667 0.415196 0.41557 0.415963 0.41557 0.418266 0.416667 0.419033 0.417763 0.419033 0.417763 0.415196
0 0.234649 0.414428 0.233553 0.415196 0.234649 0.415196
0 0.304825 0.405219 0.303728 0.405986 0.302632 0.405986 0.300439 0.407521 0.300439 0.411358 0.301535 0.412126 0.301535 0.412893 0.302632 0.412893 0.303728 0.412126 0.309211 0.412126 0.310307 0.411358 0.311404 0.411358 0.311404 0.410591 0.3125 0.409823 0.311404 0.409056 0.311404 0.406754 0.310307 0.405986 0.309211 0.405986 0.308114 0.405219
0 0.450658 0.395242 0.448465 0.396777 0.446272 0.396777 0.445175 0.397544 0.442982 0.397544 0.441886 0.398312 0.439693 0.398312 0.438596 0.399079 0.4375 0.399079 0.436404 0.399847 0.435307 0.399847 0.434211 0.400614 0.433114 0.400614 0.430921 0.402149 0.430921 0.402916 0.428728 0.404451 0.428728 0.405219 0.426535 0.406754 0.426535 0.407521 0.425439 0.408289 0.425439 0.416731 0.426535 0.417498 0.426535 0.419033 0.427632 0.419033 0.428728 0.4198 0.429825 0.4198 0.430921 0.419033 0.430921 0.418266 0.432018 0.417498 0.432018 0.416731 0.434211 0.415196 0.434211 0.414428 0.435307 0.413661 0.435307 0.412126 0.436404 0.411358 0.436404 0.410591 0.4375 0.409823 0.4375 0.409056 0.438596 0.408289 0.438596 0.407521 0.439693 0.406754 0.439693 0.405219 0.440789 0.404451 0.440789 0.403684 0.441886 0.402916 0.441886 0.401381 0.442982 0.400614 0.442982 0.399847 0.446272 0.397544 0.448465 0.397544 0.449561 0.396777 0.449561 0.396009
0 0.319079 0.385265 0.319079 0.386032 0.320175 0.386032 0.321272 0.385265
0 0.631579 0.366846 0.630482 0.367613 0.628289 0.367613 0.626096 0.369148 0.625 0.369148 0.623904 0.369916 0.625 0.369916 0.626096 0.370683 0.627193 0.370683 0.628289 0.369916 0.629386 0.369916 0.630482 0.369148 0.631579 0.369148 0.632675 0.368381 0.633772 0.368381 0.634868 0.367613 0.633772 0.366846
0 0.617325 0.357636 0.616228 0.358404 0.616228 0.359171 0.615132 0.359939 0.615132 0.361474 0.617325 0.361474 0.619518 0.359939 0.619518 0.357636
0 0.286184 0.351497 0.286184 0.353031 0.287281 0.353031 0.288377 0.352264 0.287281 0.351497
0 0.325658 0.340752 0.324561 0.34152 0.324561 0.344589 0.325658 0.345357 0.327851 0.345357 0.327851 0.344589 0.328947 0.343822 0.328947 0.34152 0.327851 0.340752
0 0.729167 0.334612 0.726974 0.336147 0.72807 0.336147 0.729167 0.33538
0 0.219298 0.333078 0.219298 0.333845 0.220395 0.333845 0.220395 0.333078
0 0.310307 0.328473 0.310307 0.32924 0.309211 0.330008 0.310307 0.330775 0.311404 0.330775 0.311404 0.32924
0 0.399123 0.32617 0.399123 0.333845 0.400219 0.334612 0.400219 0.336147 0.402412 0.337682 0.404605 0.337682 0.405702 0.33845 0.408991 0.33845 0.410088 0.337682 0.411184 0.337682 0.410088 0.336915 0.411184 0.336147 0.410088 0.33538 0.410088 0.33231 0.408991 0.331543 0.408991 0.32924 0.407895 0.328473 0.407895 0.327705 0.406798 0.326938 0.405702 0.326938 0.404605 0.32617
0 0.564693 0.324635 0.565789 0.325403 0.566886 0.325403 0.566886 0.324635
0 0.554825 0.323868 0.553728 0.324635 0.553728 0.325403 0.552632 0.32617 0.552632 0.326938 0.551535 0.327705 0.551535 0.328473 0.550439 0.32924 0.550439 0.330008 0.549342 0.330775 0.549342 0.331543 0.548246 0.33231 0.548246 0.333078 0.546053 0.334612 0.546053 0.336147 0.544956 0.336915 0.544956 0.33845 0.546053 0.339217 0.546053 0.34152 0.547149 0.342287 0.549342 0.342287 0.550439 0.343054 0.554825 0.339985 0.554825 0.339217 0.555921 0.33845 0.555921 0.337682 0.557018 0.336915 0.557018 0.33538 0.558114 0.334612 0.558114 0.326938 0.557018 0.32617 0.557018 0.325403 0.555921 0.324635 0.555921 0.323868
0 0.29057 0.308519 0.29057 0.309286 0.291667 0.310054 0.291667 0.308519
0 0.379386 0.307751 0.379386 0.308519 0.380482 0.308519 0.380482 0.307751
0 0.392544 0.303914 0.390351 0.305449 0.390351 0.307751 0.391447 0.308519 0.391447 0.309286 0.392544 0.310054 0.394737 0.310054 0.39693 0.308519 0.398026 0.308519 0.398026 0.305449 0.395833 0.303914
0 0.598684 0.28089 0.597588 0.281658 0.596491 0.281658 0.591009 0.285495 0.591009 0.2901 0.594298 0.2901 0.595395 0.289332 0.595395 0.288565 0.596491 0.287797 0.597588 0.287797 0.597588 0.28703 0.601974 0.28396 0.601974 0.283193 0.60307 0.282425 0.60307 0.281658 0.601974 0.28089 0.600877 0.281658 0.599781 0.28089
0 0.73136 0.274751 0.730263 0.275518 0.729167 0.275518 0.729167 0.276285 0.730263 0.275518 0.73136 0.275518
0 0.39364 0.273216 0.39364 0.273983 0.392544 0.274751 0.39364 0.275518 0.39364 0.27782 0.394737 0.278588 0.394737 0.279355 0.39364 0.280123 0.39364 0.28396 0.39693 0.286262 0.39693 0.28703 0.399123 0.288565 0.399123 0.281658 0.398026 0.28089 0.398026 0.275518 0.39693 0.274751 0.39693 0.273983 0.395833 0.273216
0 0.281798 0.272448 0.281798 0.273216 0.282895 0.273216 0.282895 0.272448
0 0.385965 0.270146 0.384868 0.270913 0.384868 0.271681 0.385965 0.271681 0.387061 0.270913 0.388158 0.270913 0.388158 0.270146
0 0.378289 0.244052 0.378289 0.24482 0.382675 0.247889 0.383772 0.247889 0.384868 0.248657 0.384868 0.247122 0.382675 0.245587 0.381579 0.245587 0.379386 0.244052
0 0.405702 0.223331 0.405702 0.224098 0.406798 0.224866 0.406798 0.225633 0.410088 0.225633 0.410088 0.224866 0.408991 0.224866 0.407895 0.224098 0.406798 0.224098
0 0.417763 0.213354 0.416667 0.214121 0.416667 0.221028 0.417763 0.221796 0.41886 0.221796 0.419956 0.221028 0.419956 0.220261 0.421053 0.219493 0.421053 0.215656 0.419956 0.214889 0.419956 0.214121 0.41886 0.213354
0 0.711623 0.204912 0.710526 0.205679 0.710526 0.206447 0.711623 0.207214 0.712719 0.206447 0.712719 0.205679 0.713816 0.204912
0 0.444079 0.200307 0.442982 0.201074 0.441886 0.201074 0.441886 0.204144 0.442982 0.204912 0.446272 0.204912 0.447368 0.204144 0.447368 0.201074 0.446272 0.201074 0.445175 0.200307
0 0.385965 0.198772 0.387061 0.19954 0.387061 0.200307 0.389254 0.201842 0.389254 0.202609 0.390351 0.202609 0.39693 0.207214 0.39693 0.207982 0.398026 0.208749 0.398026 0.209517 0.400219 0.211051 0.400219 0.211819 0.401316 0.212586 0.401316 0.214121 0.403509 0.215656 0.403509 0.216424 0.404605 0.217191 0.404605 0.215656 0.403509 0.214889 0.403509 0.213354 0.402412 0.212586 0.402412 0.211051 0.400219 0.209517 0.400219 0.207982 0.395833 0.204912 0.395833 0.204144 0.39364 0.202609 0.392544 0.202609 0.391447 0.201842 0.391447 0.201074 0.388158 0.198772
0 0.461623 0.194935 0.458333 0.197237 0.458333 0.200307 0.45943 0.201074 0.45943 0.202609 0.460526 0.203377 0.460526 0.204912 0.462719 0.206447 0.462719 0.209517 0.463816 0.210284 0.462719 0.211051 0.462719 0.211819 0.463816 0.212586 0.463816 0.213354 0.464912 0.214121 0.464912 0.217191 0.466009 0.217959 0.466009 0.221028 0.467105 0.221796 0.470395 0.221796 0.471491 0.221028 0.473684 0.221028 0.475877 0.219493 0.475877 0.218726 0.47807 0.217191 0.47807 0.216424 0.479167 0.215656 0.479167 0.214889 0.480263 0.214121 0.480263 0.213354 0.48136 0.212586 0.48136 0.210284 0.482456 0.209517 0.482456 0.205679 0.48136 0.204912 0.48136 0.204144 0.479167 0.202609 0.479167 0.19954 0.476974 0.198005 0.473684 0.198005 0.471491 0.19954 0.470395 0.19954 0.469298 0.200307 0.467105 0.200307 0.464912 0.198772 0.464912 0.198005 0.463816 0.197237 0.463816 0.195702 0.462719 0.194935
0 0.685307 0.189563 0.684211 0.19033 0.684211 0.1934 0.686404 0.1934 0.6875 0.192632 0.6875 0.19033 0.686404 0.189563
0 0.492325 0.179586 0.487939 0.182655 0.486842 0.182655 0.486842 0.183423 0.483553 0.185725 0.483553 0.188795 0.484649 0.188795 0.485746 0.189563 0.489035 0.189563 0.489035 0.188795 0.490132 0.188028 0.490132 0.18726 0.491228 0.186493 0.491228 0.185725 0.492325 0.184958 0.492325 0.183423 0.493421 0.182655 0.493421 0.18112 0.494518 0.180353 0.493421 0.179586
0 0.483553 0.168841 0.482456 0.169609 0.482456 0.171144 0.484649 0.172678 0.484649 0.171144 0.483553 0.170376
0 0.491228 0.142748 0.491228 0.143515 0.492325 0.142748
0 0.508772 0.141213 0.508772 0.142748 0.510965 0.142748 0.510965 0.14198 0.509868 0.141213
0 0.698465 0.132003 0.698465 0.132771 0.699561 0.132771
0 0.633772 0.120491 0.633772 0.122026 0.634868 0.122026 0.634868 0.121259
0 0.696272 0.0828856 0.696272 0.0844206 0.695175 0.085188 0.695175 0.0859555 0.696272 0.0867229 0.696272 0.0874904 0.695175 0.0882579 0.695175 0.0897928 0.696272 0.0890253
0 0.697368 0.0790483 0.697368 0.0798158 0.698465 0.0790483
0 0.595395 0.0759785 0.595395 0.0775134 0.596491 0.0782809 0.596491 0.0798158 0.597588 0.0790483 0.597588 0.0782809 0.596491 0.0775134 0.596491 0.0759785
