0 0.281798 0.836531 0.281798 0.838833 0.282895 0.839601 0.282895 0.841903 0.286184 0.844206 0.286184 0.846508 0.285088 0.847276 0.285088 0.849578 0.286184 0.84881 0.286184 0.844206 0.283991 0.842671 0.283991 0.841903 0.282895 0.841136 0.282895 0.838066 0.281798 0.837299
0 0.280702 0.830391 0.280702 0.831926 0.281798 0.832694 0.281798 0.833461 0.281798 0.831159
0 0.23136 0.828089 0.23136 0.829624 0.232456 0.830391 0.233553 0.830391 0.233553 0.828856 0.232456 0.828089
0 0.212719 0.807368 0.211623 0.808135 0.211623 0.808903 0.212719 0.80967 0.213816 0.80967 0.216009 0.808135 0.214912 0.807368
0 0.252193 0.80353 0.251096 0.804298 0.251096 0.805065 0.25 0.805833 0.252193 0.807368 0.255482 0.807368 0.256579 0.8066 0.257675 0.8066 0.258772 0.805833 0.258772 0.804298 0.257675 0.804298 0.256579 0.80353
0 0.22807 0.802763 0.22807 0.80353 0.226974 0.804298 0.22807 0.805065 0.229167 0.805065 0.230263 0.804298 0.230263 0.80353 0.229167 0.802763
0 0.266447 0.80046 0.265351 0.801228 0.265351 0.802763 0.267544 0.804298 0.267544 0.805065 0.26864 0.805833 0.27193 0.805833 0.27193 0.80353 0.26864 0.801228 0.267544 0.801228
0 0.371711 0.762855 0.371711 0.763622 0.372807 0.76439 0.372807 0.765925 0.373904 0.766692 0.373904 0.769762 0.372807 0.77053 0.372807 0.772064 0.373904 0.771297 0.373904 0.769762 0.375 0.768995 0.375 0.768227 0.373904 0.76746 0.373904 0.765157 0.372807 0.76439 0.372807 0.763622
0 0.354167 0.75518 0.354167 0.755948 0.35307 0.756715 0.35307 0.757483 0.354167 0.75825 0.354167 0.759018 0.354167 0.75825 0.355263 0.757483 0.35636 0.75825 0.35636 0.759785 0.359649 0.759785 0.359649 0.757483 0.358553 0.756715 0.358553 0.755948 0.357456 0.75518
0 0.171053 0.736761 0.169956 0.737529 0.169956 0.738296 0.16886 0.739064 0.16886 0.740599 0.169956 0.740599 0.171053 0.739831 0.171053 0.739064 0.172149 0.738296 0.172149 0.736761
0 0.400219 0.733691 0.400219 0.735226 0.401316 0.735994 0.401316 0.733691
0 0.367325 0.729854 0.366228 0.730622 0.365132 0.730622 0.364035 0.731389 0.364035 0.732157 0.35636 0.737529 0.35636 0.738296 0.354167 0.739831 0.354167 0.741366 0.358553 0.744436 0.360746 0.744436 0.361842 0.745203 0.364035 0.745203 0.365132 0.744436 0.366228 0.744436 0.366228 0.743668 0.368421 0.742134 0.368421 0.741366 0.369518 0.740599 0.369518 0.739831 0.370614 0.739064 0.370614 0.738296 0.372807 0.736761 0.372807 0.735226 0.373904 0.734459 0.373904 0.731389 0.371711 0.729854
0 0.446272 0.726784 0.446272 0.727552 0.447368 0.728319 0.448465 0.728319
0 0.391447 0.720645 0.39364 0.72218 0.39693 0.72218 0.398026 0.722947 0.398026 0.723715 0.399123 0.724482 0.399123 0.726784 0.400219 0.727552 0.401316 0.727552 0.401316 0.724482 0.399123 0.722947 0.398026 0.722947 0.395833 0.721412 0.394737 0.721412 0.39364 0.720645
0 0.387061 0.710668 0.385965 0.711435 0.385965 0.712203 0.387061 0.71297 0.387061 0.713738 0.388158 0.714505 0.389254 0.713738 0.389254 0.710668
0 0.174342 0.691481 0.173246 0.692249 0.172149 0.692249 0.172149 0.693016 0.171053 0.693784 0.171053 0.695318 0.172149 0.695318 0.174342 0.693784 0.175439 0.693784 0.176535 0.693016 0.178728 0.693016 0.178728 0.691481
0 0.491228 0.683807 0.496711 0.687644 0.494518 0.686109 0.494518 0.685342 0.492325 0.683807
0 0.189693 0.683807 0.186404 0.686109 0.186404 0.686876 0.188596 0.688411 0.194079 0.688411 0.195175 0.687644 0.195175 0.685342 0.192982 0.683807
0 0.404605 0.669992 0.402412 0.671527 0.402412 0.67383 0.403509 0.674597 0.403509 0.675365 0.404605 0.676132 0.405702 0.676132 0.406798 0.676899 0.407895 0.676899 0.410088 0.675365 0.410088 0.672295 0.407895 0.67076 0.405702 0.67076
0 0.445175 0.66462 0.445175 0.666155 0.446272 0.666155 0.447368 0.665388 0.446272 0.66462
0 0.201754 0.642364 0.201754 0.643131 0.202851 0.643899 0.203947 0.643131 0.203947 0.642364
0 0.411184 0.640061 0.410088 0.640829 0.410088 0.641596 0.408991 0.642364 0.408991 0.643899 0.410088 0.644666 0.410088 0.646969 0.408991 0.647736 0.410088 0.648503 0.410088 0.649271 0.411184 0.650038 0.412281 0.649271 0.413377 0.649271 0.41557 0.647736 0.41557 0.646969 0.416667 0.646201 0.416667 0.643899 0.41557 0.643131 0.41557 0.641596 0.414474 0.640829 0.413377 0.640829 0.412281 0.640061
0 0.472588 0.636992 0.470395 0.638526 0.470395 0.640061 0.471491 0.640829 0.472588 0.640829 0.472588 0.640061 0.473684 0.639294 0.473684 0.636992
0 0.199561 0.636992 0.199561 0.639294 0.200658 0.640061 0.201754 0.640061 0.202851 0.639294 0.202851 0.637759 0.201754 0.636992
0 0.191886 0.634689 0.191886 0.636224 0.192982 0.636224 0.192982 0.634689
0 0.492325 0.630084 0.492325 0.631619 0.493421 0.631619 0.493421 0.630852
0 0.176535 0.62855 0.175439 0.629317 0.174342 0.629317 0.172149 0.630852 0.171053 0.630852 0.174342 0.630852 0.175439 0.630084 0.176535 0.630084 0.176535 0.629317 0.177632 0.62855
0 0.54057 0.62241 0.54057 0.623177 0.542763 0.624712 0.54386 0.624712 0.54386 0.623177 0.541667 0.623177
0 0.213816 0.587874 0.213816 0.589409 0.214912 0.588642 0.214912 0.587874
0 0.16886 0.586339 0.167763 0.587107 0.16557 0.587107 0.164474 0.587874 0.163377 0.587874 0.163377 0.588642 0.16557 0.588642 0.166667 0.587874 0.167763 0.587874 0.16886 0.587107
0 0.503289 0.584804 0.502193 0.585572 0.502193 0.587107 0.501096 0.587874 0.5 0.587874 0.498904 0.588642 0.497807 0.588642 0.494518 0.590944 0.494518 0.591711 0.487939 0.596316 0.492325 0.596316 0.493421 0.595549 0.493421 0.594781 0.495614 0.593246 0.495614 0.592479 0.503289 0.587107 0.503289 0.586339 0.504386 0.585572 0.504386 0.584804
0 0.51864 0.573292 0.516447 0.574827 0.513158 0.574827 0.510965 0.576362 0.509868 0.576362 0.507675 0.577897 0.507675 0.578665 0.506579 0.579432 0.506579 0.5802 0.507675 0.5802 0.508772 0.579432 0.508772 0.578665 0.509868 0.577897 0.510965 0.577897 0.514254 0.575595 0.515351 0.575595 0.516447 0.574827 0.517544 0.574827 0.51864 0.57406
0 0.523026 0.571757 0.523026 0.572525 0.524123 0.571757
0 0.26864 0.57099 0.267544 0.571757 0.267544 0.572525 0.269737 0.572525 0.269737 0.57099
0 0.257675 0.56792 0.255482 0.569455 0.255482 0.570223 0.257675 0.571757 0.260965 0.571757 0.263158 0.570223 0.263158 0.569455 0.260965 0.56792
0 0.575658 0.563315 0.575658 0.56485 0.576754 0.565618 0.577851 0.565618 0.577851 0.563315
0 0.587719 0.554873 0.587719 0.555641 0.589912 0.555641 0.588816 0.554873
0 0.299342 0.549501 0.299342 0.550269 0.300439 0.551036 0.300439 0.549501
0 0.320175 0.541059 0.315789 0.544129 0.315789 0.546431 0.314693 0.547199 0.314693 0.551036 0.313596 0.551804 0.313596 0.552571 0.3125 0.553338 0.3125 0.554106 0.310307 0.555641 0.310307 0.557176 0.309211 0.557943 0.309211 0.559478 0.308114 0.560246 0.308114 0.566385 0.309211 0.567153 0.308114 0.56792 0.308114 0.568688 0.309211 0.56792 0.311404 0.56792 0.315789 0.56485 0.316886 0.56485 0.319079 0.563315 0.320175 0.563315 0.321272 0.562548 0.323465 0.562548 0.324561 0.561781 0.33114 0.561781 0.332237 0.561013 0.335526 0.561013 0.336623 0.560246 0.341009 0.560246 0.342105 0.559478 0.343202 0.559478 0.343202 0.558711 0.344298 0.557943 0.344298 0.556408 0.345395 0.555641 0.344298 0.554873 0.344298 0.552571 0.343202 0.551804 0.343202 0.551036 0.342105 0.550269 0.342105 0.549501 0.338816 0.547199 0.338816 0.546431 0.33443 0.543361 0.333333 0.543361 0.332237 0.542594 0.33114 0.542594 0.328947 0.541059
0 0.149123 0.532617 0.150219 0.533384 0.150219 0.534919 0.150219 0.534152 0.151316 0.533384 0.150219 0.533384
0 0.241228 0.513431 0.241228 0.514198 0.242325 0.514198 0.242325 0.513431
0 0.656798 0.512663 0.656798 0.5165 0.657895 0.5165 0.657895 0.512663
0 0.612939 0.512663 0.611842 0.513431 0.610746 0.513431 0.609649 0.514198 0.609649 0.5165 0.610746 0.517268 0.610746 0.518035 0.611842 0.518035 0.612939 0.518803 0.614035 0.518803 0.615132 0.518035 0.620614 0.518035 0.620614 0.514198 0.619518 0.513431 0.618421 0.513431 0.617325 0.512663
0 0.226974 0.495012 0.226974 0.502686 0.22807 0.503454 0.22807 0.504221 0.229167 0.504988 0.230263 0.504988 0.230263 0.501919 0.229167 0.501151 0.229167 0.500384 0.22807 0.499616 0.22807 0.498081 0.229167 0.497314 0.22807 0.496546 0.229167 0.495779 0.230263 0.495779 0.23136 0.496546 0.232456 0.495779 0.232456 0.495012
0 0.605263 0.476592 0.604167 0.47736 0.60307 0.47736 0.60307 0.478127 0.601974 0.478895 0.601974 0.479662 0.60307 0.48043 0.60307 0.481197 0.604167 0.481197 0.605263 0.481965 0.608553 0.479662 0.608553 0.478127 0.60636 0.476592
0 0.248904 0.473523 0.246711 0.475058 0.246711 0.475825 0.247807 0.476592 0.247807 0.47736 0.251096 0.47736 0.252193 0.476592 0.252193 0.475825 0.251096 0.475058 0.251096 0.47429 0.25 0.473523
0 0.332237 0.470453 0.333333 0.47122 0.333333 0.470453
0 0.210526 0.468918 0.210526 0.470453 0.208333 0.471988 0.208333 0.473523 0.207237 0.47429 0.207237 0.475058 0.20614 0.475825 0.20614 0.476592 0.205044 0.47736 0.205044 0.478127 0.201754 0.48043 0.201754 0.481197 0.199561 0.482732 0.199561 0.4835 0.200658 0.482732 0.201754 0.482732 0.20614 0.479662 0.20614 0.478127 0.208333 0.476592 0.208333 0.475058 0.20943 0.47429 0.20943 0.473523 0.210526 0.472755 0.210526 0.471988 0.211623 0.47122 0.212719 0.47122 0.213816 0.470453 0.213816 0.468918
0 0.629386 0.466616 0.630482 0.467383 0.630482 0.466616
0 0.183114 0.464313 0.183114 0.465081 0.1875 0.465081 0.186404 0.465081 0.185307 0.464313
0 0.196272 0.450499 0.196272 0.451266 0.197368 0.451266
0 0.235746 0.448964 0.234649 0.449731 0.234649 0.451266 0.233553 0.452034 0.234649 0.452801 0.234649 0.453569 0.236842 0.453569 0.237939 0.452801 0.237939 0.450499
0 0.27193 0.448196 0.270833 0.448964 0.270833 0.451266 0.27193 0.452034 0.27193 0.452801 0.273026 0.453569 0.273026 0.454336 0.275219 0.455871 0.276316 0.455871 0.277412 0.456639 0.278509 0.456639 0.279605 0.457406 0.285088 0.457406 0.286184 0.456639 0.286184 0.455871 0.285088 0.455871 0.283991 0.455104 0.282895 0.455104 0.281798 0.454336 0.281798 0.453569 0.277412 0.450499 0.277412 0.449731 0.276316 0.448964 0.274123 0.448964 0.273026 0.448196
0 0.302632 0.442824 0.301535 0.443592 0.301535 0.445127 0.302632 0.445127 0.303728 0.444359 0.303728 0.442824
0 0.200658 0.433615 0.201754 0.434382 0.201754 0.433615
0 0.39364 0.427475 0.39364 0.428243 0.394737 0.42901 0.395833 0.42901 0.395833 0.428243 0.394737 0.428243
0 0.327851 0.427475 0.327851 0.428243 0.328947 0.42901 0.328947 0.429777 0.330044 0.429777 0.330044 0.428243 0.328947 0.428243
0 0.5625 0.424405 0.561404 0.425173 0.560307 0.425173 0.560307 0.426708 0.559211 0.427475 0.559211 0.431312 0.560307 0.43208 0.560307 0.432847 0.561404 0.433615 0.5625 0.433615 0.563596 0.434382 0.565789 0.434382 0.566886 0.433615 0.567982 0.433615 0.570175 0.43208 0.570175 0.430545 0.571272 0.429777 0.571272 0.426708 0.569079 0.425173 0.567982 0.425173 0.566886 0.424405
0 0.326754 0.424405 0.326754 0.42594 0.327851 0.425173
0 0.321272 0.418266 0.320175 0.419033 0.320175 0.4198 0.321272 0.420568 0.322368 0.420568 0.323465 0.421335 0.325658 0.421335 0.326754 0.420568 0.327851 0.420568 0.328947 0.4198 0.328947 0.418266
0 0.711623 0.415963 0.711623 0.416731 0.712719 0.416731
0 0.235746 0.415196 0.235746 0.415963 0.236842 0.415196
0 0.41557 0.412893 0.41557 0.415196 0.416667 0.415963 0.417763 0.415963 0.417763 0.414428 0.41886 0.413661 0.417763 0.412893
0 0.313596 0.408289 0.3125 0.409056 0.311404 0.409056 0.310307 0.409823 0.309211 0.409823 0.308114 0.410591 0.308114 0.411358 0.3125 0.414428 0.319079 0.414428 0.320175 0.413661 0.319079 0.412893 0.319079 0.409823 0.316886 0.408289
0 0.447368 0.401381 0.446272 0.402149 0.445175 0.402149 0.444079 0.402916 0.441886 0.402916 0.440789 0.403684 0.438596 0.403684 0.4375 0.404451 0.435307 0.404451 0.434211 0.405219 0.432018 0.405219 0.427632 0.408289 0.427632 0.409056 0.426535 0.409823 0.426535 0.410591 0.425439 0.411358 0.425439 0.412893 0.424342 0.413661 0.424342 0.415963 0.423246 0.416731 0.424342 0.417498 0.424342 0.418266 0.423246 0.419033 0.423246 0.420568 0.424342 0.421335 0.424342 0.424405 0.425439 0.425173 0.428728 0.425173 0.428728 0.424405 0.430921 0.42287 0.430921 0.422103 0.432018 0.421335 0.432018 0.420568 0.433114 0.4198 0.433114 0.418266 0.434211 0.417498 0.434211 0.416731 0.435307 0.415963 0.435307 0.415196 0.436404 0.414428 0.436404 0.412893 0.4375 0.412126 0.4375 0.411358 0.438596 0.410591 0.438596 0.409823 0.439693 0.409056 0.439693 0.408289 0.440789 0.407521 0.440789 0.406754 0.441886 0.405986 0.441886 0.405219 0.444079 0.403684 0.444079 0.402916 0.445175 0.402149 0.446272 0.402916 0.446272 0.402149 0.447368 0.401381 0.448465 0.401381
0 0.616228 0.375288 0.614035 0.376823 0.614035 0.37759 0.615132 0.37759 0.616228 0.378358 0.619518 0.376055 0.619518 0.375288
0 0.614035 0.363008 0.610746 0.365311 0.610746 0.366846 0.612939 0.366846 0.615132 0.365311 0.615132 0.363776 0.616228 0.363008
0 0.29386 0.349962 0.29386 0.350729 0.292763 0.351497 0.292763 0.352264 0.29386 0.352264 0.294956 0.351497 0.294956 0.349962
0 0.713816 0.344589 0.710526 0.346892 0.710526 0.347659 0.711623 0.346892 0.712719 0.346892 0.714912 0.345357 0.714912 0.344589
0 0.327851 0.343054 0.326754 0.343822 0.326754 0.346892 0.328947 0.348427 0.330044 0.348427 0.330044 0.346892 0.33114 0.346124 0.33114 0.343822 0.330044 0.343054
0 0.22807 0.336915 0.22807 0.337682 0.230263 0.337682 0.229167 0.336915
0 0.551535 0.331543 0.550439 0.33231 0.550439 0.333078 0.549342 0.333845 0.549342 0.33538 0.548246 0.336147 0.548246 0.336915 0.547149 0.337682 0.547149 0.340752 0.546053 0.34152 0.546053 0.343054 0.547149 0.343822 0.547149 0.346124 0.548246 0.346124 0.549342 0.346892 0.550439 0.346892 0.551535 0.346124 0.552632 0.346124 0.557018 0.343054 0.557018 0.34152 0.558114 0.340752 0.558114 0.33538 0.557018 0.334612 0.557018 0.333845 0.553728 0.331543
0 0.5625 0.325403 0.5625 0.32617 0.563596 0.326938 0.564693 0.326938 0.564693 0.32617 0.563596 0.325403
0 0.404605 0.325403 0.402412 0.326938 0.402412 0.327705 0.401316 0.328473 0.401316 0.330008 0.400219 0.330775 0.401316 0.331543 0.401316 0.334612 0.402412 0.33538 0.402412 0.337682 0.407895 0.34152 0.412281 0.34152 0.413377 0.340752 0.413377 0.339217 0.414474 0.33845 0.414474 0.33231 0.412281 0.330775 0.412281 0.328473 0.411184 0.327705 0.411184 0.326938 0.410088 0.32617 0.408991 0.32617 0.407895 0.325403
0 0.294956 0.314658 0.29386 0.315426 0.294956 0.315426 0.297149 0.316961 0.297149 0.315426 0.296053 0.314658
0 0.382675 0.309286 0.381579 0.310054 0.381579 0.310821 0.382675 0.311589 0.383772 0.310821 0.382675 0.310054
0 0.394737 0.308519 0.391447 0.310821 0.391447 0.312356 0.390351 0.313124 0.391447 0.313891 0.391447 0.315426 0.392544 0.316193 0.395833 0.313891 0.395833 0.313124 0.39693 0.312356 0.39693 0.309286 0.395833 0.308519
0 0.585526 0.299309 0.58443 0.300077 0.58443 0.301612 0.585526 0.302379 0.591009 0.302379 0.592105 0.301612 0.592105 0.300077 0.591009 0.299309
0 0.400219 0.291635 0.399123 0.292402 0.399123 0.294705 0.400219 0.295472 0.400219 0.296239 0.401316 0.297007 0.402412 0.297007 0.403509 0.296239 0.403509 0.294705 0.402412 0.293937 0.402412 0.29317
0 0.680921 0.285495 0.682018 0.286262 0.682018 0.285495
0 0.720395 0.28089 0.720395 0.281658 0.721491 0.281658 0.721491 0.28089
0 0.29057 0.278588 0.29057 0.279355 0.291667 0.280123 0.291667 0.28089 0.292763 0.28089 0.292763 0.280123 0.291667 0.279355 0.291667 0.278588
0 0.395833 0.272448 0.394737 0.273216 0.394737 0.274751 0.395833 0.275518 0.399123 0.273216 0.399123 0.272448
0 0.390351 0.254797 0.389254 0.255564 0.391447 0.257099 0.392544 0.256332
0 0.371711 0.240215 0.371711 0.240982 0.372807 0.240982
0 0.359649 0.234075 0.360746 0.234843 0.360746 0.234075
0 0.441886 0.217959 0.436404 0.221796 0.433114 0.221796 0.430921 0.220261 0.429825 0.220261 0.428728 0.219493 0.425439 0.219493 0.425439 0.221028 0.430921 0.224866 0.430921 0.225633 0.432018 0.225633 0.433114 0.226401 0.435307 0.226401 0.436404 0.225633 0.4375 0.225633 0.444079 0.221028 0.444079 0.217959
0 0.416667 0.211051 0.41557 0.211819 0.41557 0.212586 0.416667 0.213354 0.416667 0.214121 0.417763 0.214889 0.417763 0.215656 0.419956 0.215656 0.421053 0.214889 0.421053 0.211819 0.419956 0.211051
0 0.471491 0.208749 0.469298 0.210284 0.468202 0.210284 0.467105 0.211051 0.467105 0.211819 0.462719 0.214889 0.462719 0.215656 0.45943 0.217959 0.45943 0.22947 0.460526 0.230238 0.460526 0.231773 0.45943 0.23254 0.45943 0.233308 0.460526 0.234075 0.460526 0.234843 0.461623 0.234843 0.462719 0.234075 0.463816 0.234075 0.464912 0.233308 0.466009 0.233308 0.470395 0.230238 0.471491 0.230238 0.471491 0.228703 0.472588 0.227936 0.472588 0.227168 0.474781 0.225633 0.474781 0.221796 0.475877 0.221028 0.475877 0.218726 0.476974 0.217959 0.476974 0.216424 0.47807 0.215656 0.47807 0.214121 0.476974 0.213354 0.476974 0.211051 0.475877 0.210284 0.475877 0.209517 0.474781 0.209517 0.473684 0.208749
0 0.438596 0.201074 0.4375 0.201842 0.4375 0.204144 0.438596 0.204912 0.440789 0.204912 0.440789 0.204144 0.441886 0.203377 0.441886 0.201842 0.440789 0.201074
0 0.426535 0.198772 0.426535 0.200307 0.428728 0.201842 0.428728 0.200307
0 0.726974 0.19647 0.725877 0.197237 0.725877 0.198772 0.72807 0.198772 0.72807 0.19647
0 0.682018 0.191865 0.680921 0.192632 0.680921 0.194935 0.682018 0.195702 0.684211 0.195702 0.684211 0.192632 0.683114 0.191865
0 0.45614 0.191097 0.451754 0.194167 0.451754 0.195702 0.452851 0.194935 0.453947 0.194935 0.455044 0.194167 0.45614 0.194935 0.457237 0.194935 0.458333 0.195702 0.458333 0.19647 0.45943 0.197237 0.45943 0.198005 0.460526 0.198772 0.460526 0.201074 0.461623 0.201842 0.463816 0.201842 0.466009 0.200307 0.466009 0.19954 0.467105 0.198772 0.467105 0.19647 0.466009 0.195702 0.466009 0.194935 0.464912 0.194167 0.464912 0.192632 0.463816 0.191865 0.462719 0.191865 0.461623 0.191097
0 0.411184 0.174213 0.412281 0.174981 0.412281 0.175748 0.413377 0.176516 0.413377 0.178818 0.414474 0.178818 0.414474 0.178051 0.413377 0.177283 0.413377 0.175748 0.412281 0.174981 0.412281 0.174213
0 0.48136 0.166539 0.480263 0.167306 0.48136 0.168074 0.482456 0.167306
0 0.487939 0.159632 0.487939 0.161934 0.489035 0.162701 0.489035 0.163469 0.490132 0.164236 0.490132 0.165771 0.492325 0.167306 0.492325 0.168841 0.493421 0.169609 0.493421 0.172678 0.492325 0.173446 0.492325 0.174981 0.491228 0.175748 0.491228 0.176516 0.490132 0.177283 0.490132 0.181888 0.491228 0.181888 0.493421 0.180353 0.493421 0.179586 0.496711 0.177283 0.496711 0.176516 0.497807 0.175748 0.497807 0.174981 0.498904 0.174213 0.498904 0.172678 0.5 0.171911 0.5 0.169609 0.501096 0.168841 0.501096 0.167306 0.5 0.166539 0.5 0.165771 0.493421 0.161167 0.492325 0.161167 0.490132 0.159632
0 0.507675 0.142748 0.506579 0.143515 0.504386 0.143515 0.504386 0.144282 0.505482 0.14505 0.505482 0.146585 0.506579 0.147352 0.506579 0.148887 0.505482 0.149655 0.504386 0.149655 0.503289 0.148887 0.496711 0.153492 0.496711 0.155027 0.498904 0.155027 0.5 0.155794 0.501096 0.155027 0.502193 0.155027 0.503289 0.154259 0.504386 0.154259 0.507675 0.151957 0.507675 0.15119 0.509868 0.149655 0.509868 0.148887 0.510965 0.14812 0.510965 0.144282 0.509868 0.143515 0.509868 0.142748
0 0.492325 0.14198 0.492325 0.142748 0.495614 0.142748 0.494518 0.14198
0 0.442982 0.135073 0.442982 0.136608 0.444079 0.137375 0.444079 0.135073
0 0.509868 0.0928626 0.509868 0.0936301 0.510965 0.0943975 0.510965 0.0928626
0 0.591009 0.0690714 0.591009 0.0698388 0.592105 0.0698388 0.592105 0.0690714
