0 0.225877 0.832694 0.224781 0.833461 0.224781 0.834229 0.225877 0.834229
0 0.285088 0.820414 0.285088 0.821182 0.286184 0.821182 0.286184 0.820414
0 0.202851 0.818112 0.202851 0.81888 0.198465 0.821949 0.197368 0.821182 0.192982 0.821182 0.191886 0.821949 0.190789 0.821949 0.189693 0.822717 0.188596 0.821949 0.1875 0.821949 0.1875 0.822717 0.188596 0.823484 0.190789 0.823484 0.191886 0.824252 0.192982 0.824252 0.194079 0.823484 0.195175 0.823484 0.196272 0.822717 0.197368 0.822717 0.198465 0.821949 0.199561 0.821949 0.200658 0.821182 0.201754 0.821182 0.202851 0.820414 0.202851 0.819647 0.203947 0.81888 0.203947 0.818112
0 0.307018 0.813507 0.307018 0.814275 0.308114 0.815042 0.308114 0.814275
0 0.230263 0.805065 0.229167 0.805833 0.229167 0.808135 0.230263 0.808903 0.230263 0.80967 0.23136 0.810437 0.23136 0.811205 0.233553 0.81274 0.234649 0.81274 0.235746 0.813507 0.236842 0.813507 0.237939 0.814275 0.239035 0.814275 0.240132 0.813507 0.241228 0.813507 0.241228 0.811972 0.240132 0.811972 0.239035 0.811205 0.236842 0.811205 0.232456 0.808135 0.232456 0.8066 0.23136 0.805833 0.23136 0.805065
0 0.269737 0.801228 0.26864 0.801995 0.26864 0.805065 0.269737 0.805833 0.269737 0.8066 0.270833 0.807368 0.27193 0.807368 0.273026 0.8066 0.274123 0.8066 0.274123 0.80353 0.273026 0.802763 0.273026 0.801995 0.27193 0.801995 0.270833 0.801228
0 0.197368 0.743668 0.196272 0.744436 0.195175 0.744436 0.195175 0.746738 0.196272 0.747506 0.196272 0.748273 0.197368 0.748273 0.198465 0.747506 0.198465 0.745203 0.197368 0.744436
0 0.361842 0.742901 0.360746 0.743668 0.358553 0.743668 0.358553 0.744436 0.357456 0.745203 0.357456 0.745971 0.35636 0.746738 0.35636 0.752878 0.355263 0.753645 0.355263 0.756715 0.350877 0.759785 0.350877 0.760553 0.349781 0.76132 0.349781 0.765157 0.350877 0.765157 0.351974 0.76439 0.35307 0.76439 0.354167 0.763622 0.355263 0.763622 0.359649 0.760553 0.359649 0.759018 0.360746 0.75825 0.360746 0.757483 0.362939 0.755948 0.362939 0.754413 0.364035 0.753645 0.364035 0.745971 0.362939 0.745203 0.362939 0.743668
0 0.373904 0.721412 0.373904 0.72218 0.371711 0.723715 0.371711 0.727552 0.369518 0.729087 0.367325 0.729087 0.366228 0.729854 0.366228 0.731389 0.365132 0.732157 0.365132 0.732924 0.367325 0.734459 0.367325 0.735226 0.368421 0.735994 0.373904 0.735994 0.377193 0.733691 0.377193 0.732924 0.380482 0.730622 0.380482 0.726784 0.379386 0.726017 0.379386 0.724482 0.378289 0.723715 0.378289 0.722947 0.376096 0.721412
0 0.429825 0.713738 0.429825 0.714505 0.430921 0.715272 0.430921 0.716807 0.432018 0.717575 0.432018 0.715272 0.430921 0.714505 0.430921 0.713738
0 0.196272 0.708365 0.192982 0.710668 0.192982 0.712203 0.194079 0.71297 0.194079 0.713738 0.195175 0.714505 0.195175 0.71604 0.196272 0.71604 0.197368 0.715272 0.197368 0.709133
0 0.389254 0.70683 0.389254 0.707598 0.388158 0.708365 0.388158 0.709133 0.390351 0.709133 0.391447 0.708365 0.391447 0.70683
0 0.190789 0.684574 0.189693 0.685342 0.189693 0.689179 0.191886 0.690714 0.194079 0.690714 0.195175 0.689946 0.195175 0.686876 0.194079 0.686109 0.194079 0.685342 0.192982 0.685342 0.191886 0.684574
0 0.179825 0.683807 0.179825 0.684574 0.178728 0.685342 0.178728 0.686109 0.177632 0.686876 0.178728 0.687644 0.178728 0.688411 0.179825 0.689179 0.183114 0.689179 0.183114 0.686109 0.180921 0.684574 0.180921 0.683807
0 0.484649 0.67383 0.484649 0.675365 0.485746 0.676132 0.485746 0.675365 0.484649 0.674597
0 0.457237 0.672295 0.457237 0.67383 0.458333 0.67383 0.45943 0.673062 0.458333 0.672295
0 0.405702 0.671527 0.404605 0.672295 0.404605 0.676132 0.406798 0.677667 0.411184 0.677667 0.412281 0.676899 0.412281 0.674597 0.411184 0.67383 0.411184 0.673062 0.408991 0.671527
0 0.472588 0.669225 0.472588 0.669992 0.475877 0.669992 0.475877 0.669225
0 0.447368 0.668457 0.447368 0.669225 0.448465 0.669225 0.448465 0.668457
0 0.476974 0.650806 0.476974 0.651573 0.47807 0.652341 0.47807 0.650806
0 0.411184 0.645434 0.410088 0.646201 0.410088 0.653108 0.408991 0.653876 0.408991 0.654643 0.410088 0.655411 0.411184 0.655411 0.412281 0.654643 0.413377 0.654643 0.413377 0.653876 0.41557 0.652341 0.41557 0.646201 0.414474 0.645434
0 0.201754 0.640061 0.200658 0.640829 0.200658 0.641596 0.201754 0.642364 0.202851 0.642364 0.203947 0.643131 0.20614 0.643131 0.20614 0.640829 0.205044 0.640829 0.203947 0.640061
0 0.54057 0.615503 0.54057 0.617805 0.542763 0.617805 0.542763 0.61627 0.541667 0.615503
0 0.184211 0.587874 0.185307 0.588642 0.185307 0.587874
0 0.222588 0.584037 0.221491 0.584804 0.221491 0.585572 0.223684 0.585572 0.223684 0.584037
0 0.577851 0.570223 0.577851 0.571757 0.578947 0.571757 0.578947 0.57099
0 0.280702 0.569455 0.280702 0.570223 0.283991 0.570223 0.282895 0.569455
0 0.587719 0.555641 0.585526 0.557176 0.585526 0.557943 0.586623 0.558711 0.588816 0.558711 0.589912 0.557943 0.589912 0.556408 0.588816 0.555641
0 0.280702 0.553338 0.279605 0.554106 0.279605 0.554873 0.278509 0.555641 0.278509 0.556408 0.276316 0.557943 0.276316 0.558711 0.27193 0.561781 0.27193 0.562548 0.269737 0.564083 0.269737 0.56485 0.26864 0.565618 0.26864 0.56792 0.269737 0.56792 0.270833 0.567153 0.27193 0.567153 0.276316 0.564083 0.276316 0.563315 0.279605 0.561013 0.279605 0.560246 0.282895 0.557943 0.282895 0.555641 0.283991 0.554873 0.281798 0.553338
0 0.292763 0.551036 0.29386 0.551804 0.294956 0.551804 0.296053 0.552571 0.298246 0.552571 0.298246 0.551804 0.297149 0.551804 0.296053 0.551036 0.294956 0.551804 0.29386 0.551036
0 0.323465 0.543361 0.321272 0.544896 0.320175 0.544896 0.317982 0.546431 0.317982 0.548734 0.316886 0.549501 0.316886 0.551804 0.315789 0.552571 0.315789 0.558711 0.319079 0.561013 0.321272 0.561013 0.322368 0.560246 0.323465 0.560246 0.324561 0.561013 0.325658 0.561013 0.326754 0.560246 0.327851 0.561013 0.342105 0.561013 0.344298 0.559478 0.345395 0.559478 0.346491 0.558711 0.346491 0.554873 0.345395 0.554106 0.346491 0.553338 0.342105 0.550269 0.342105 0.549501 0.339912 0.547966 0.338816 0.547966 0.336623 0.546431 0.335526 0.546431 0.333333 0.544896 0.330044 0.544896 0.328947 0.544129 0.324561 0.544129
0 0.192982 0.536454 0.191886 0.537222 0.191886 0.538757 0.192982 0.538757 0.195175 0.537222 0.194079 0.536454
0 0.649123 0.526477 0.649123 0.527245 0.650219 0.528012 0.650219 0.52878 0.651316 0.529547 0.651316 0.530315 0.652412 0.530315 0.655702 0.532617 0.658991 0.532617 0.657895 0.532617 0.655702 0.531082 0.654605 0.531082 0.650219 0.528012 0.650219 0.526477
0 0.652412 0.52264 0.652412 0.523408 0.653509 0.524175 0.654605 0.524175 0.655702 0.523408 0.654605 0.52264
0 0.211623 0.52264 0.211623 0.523408 0.210526 0.524175 0.210526 0.524942 0.20943 0.52571 0.210526 0.526477 0.212719 0.524942 0.212719 0.52264
0 0.16886 0.5165 0.167763 0.517268 0.167763 0.518803 0.171053 0.518803 0.172149 0.518035 0.172149 0.5165
0 0.620614 0.514965 0.620614 0.518035 0.622807 0.51957 0.626096 0.51957 0.627193 0.518803 0.628289 0.518803 0.628289 0.5165 0.626096 0.514965
0 0.224781 0.513431 0.223684 0.514198 0.223684 0.514965 0.226974 0.514965 0.22807 0.514198 0.226974 0.514198 0.225877 0.513431
0 0.221491 0.493477 0.221491 0.494244 0.220395 0.495012 0.219298 0.495012 0.218202 0.495779 0.220395 0.495779 0.220395 0.495012 0.221491 0.494244 0.223684 0.494244 0.223684 0.493477
0 0.194079 0.489639 0.192982 0.490407 0.194079 0.490407 0.195175 0.489639
0 0.607456 0.48043 0.60636 0.481197 0.604167 0.481197 0.60307 0.481965 0.601974 0.481965 0.600877 0.482732 0.600877 0.484267 0.601974 0.485035 0.60636 0.485035 0.607456 0.484267 0.607456 0.4835 0.608553 0.482732 0.608553 0.481197
0 0.265351 0.473523 0.264254 0.47429 0.262061 0.47429 0.260965 0.475058 0.257675 0.475058 0.256579 0.47429 0.255482 0.47429 0.253289 0.475825 0.253289 0.47736 0.255482 0.478895 0.256579 0.478895 0.257675 0.478127 0.260965 0.478127 0.262061 0.478895 0.266447 0.475825 0.266447 0.473523
0 0.630482 0.472755 0.632675 0.47429 0.632675 0.473523 0.631579 0.472755
0 0.33114 0.469685 0.33114 0.470453 0.332237 0.470453 0.332237 0.469685
0 0.201754 0.469685 0.200658 0.470453 0.199561 0.470453 0.198465 0.47122 0.198465 0.471988 0.199561 0.471988 0.200658 0.47122 0.201754 0.47122 0.202851 0.470453 0.202851 0.469685
0 0.224781 0.462778 0.221491 0.465081 0.221491 0.467383 0.222588 0.466616 0.223684 0.466616 0.226974 0.464313 0.226974 0.462778
0 0.277412 0.462011 0.275219 0.463546 0.275219 0.465081 0.276316 0.465081 0.277412 0.465848 0.283991 0.465848 0.285088 0.465081 0.285088 0.463546 0.283991 0.462778 0.281798 0.462778 0.280702 0.462011
0 0.234649 0.455871 0.233553 0.456639 0.233553 0.457406 0.23136 0.458941 0.23136 0.459708 0.230263 0.460476 0.230263 0.461243 0.233553 0.461243 0.235746 0.459708 0.235746 0.458941 0.236842 0.458173 0.236842 0.456639 0.235746 0.455871
0 0.199561 0.453569 0.198465 0.454336 0.199561 0.455104 0.200658 0.455104 0.200658 0.453569
0 0.219298 0.452034 0.222588 0.454336 0.220395 0.452801 0.220395 0.452034
0 0.211623 0.447429 0.212719 0.448196 0.213816 0.448196 0.213816 0.447429
0 0.301535 0.443592 0.299342 0.445127 0.299342 0.446662 0.300439 0.446662 0.303728 0.444359 0.303728 0.443592
0 0.287281 0.443592 0.285088 0.445127 0.285088 0.448196 0.286184 0.448964 0.286184 0.452801 0.285088 0.453569 0.285088 0.457406 0.287281 0.458941 0.288377 0.458941 0.289474 0.458173 0.291667 0.458173 0.291667 0.457406 0.29386 0.455871 0.29386 0.452034 0.292763 0.451266 0.292763 0.448196 0.291667 0.447429 0.291667 0.445127 0.29057 0.444359 0.288377 0.444359
0 0.561404 0.42594 0.559211 0.427475 0.559211 0.42901 0.558114 0.429777 0.558114 0.434382 0.560307 0.435917 0.561404 0.435917 0.5625 0.436685 0.563596 0.436685 0.564693 0.435917 0.565789 0.435917 0.565789 0.43515 0.567982 0.433615 0.567982 0.432847 0.569079 0.43208 0.569079 0.42901 0.567982 0.428243 0.567982 0.427475 0.566886 0.426708 0.565789 0.426708 0.564693 0.42594
0 0.387061 0.42594 0.388158 0.426708 0.388158 0.42594
0 0.705044 0.415963 0.705044 0.417498 0.70614 0.416731
0 0.332237 0.414428 0.332237 0.415196 0.333333 0.415963 0.332237 0.416731 0.332237 0.417498 0.333333 0.418266 0.336623 0.418266 0.336623 0.415963 0.33443 0.414428
0 0.317982 0.413661 0.317982 0.416731 0.319079 0.417498 0.320175 0.417498 0.321272 0.418266 0.323465 0.418266 0.325658 0.416731 0.325658 0.415963 0.324561 0.415196 0.324561 0.414428 0.322368 0.414428 0.321272 0.413661
0 0.41886 0.410591 0.41886 0.411358 0.417763 0.412126 0.417763 0.413661 0.419956 0.413661 0.421053 0.412893 0.421053 0.411358 0.419956 0.410591
0 0.442982 0.407521 0.441886 0.408289 0.440789 0.408289 0.439693 0.409056 0.4375 0.409056 0.434211 0.411358 0.432018 0.411358 0.428728 0.413661 0.427632 0.413661 0.426535 0.414428 0.426535 0.415196 0.424342 0.416731 0.424342 0.417498 0.423246 0.418266 0.423246 0.420568 0.422149 0.421335 0.422149 0.424405 0.421053 0.425173 0.421053 0.430545 0.422149 0.431312 0.422149 0.43208 0.423246 0.432847 0.425439 0.432847 0.428728 0.430545 0.428728 0.42901 0.430921 0.427475 0.430921 0.42594 0.433114 0.424405 0.433114 0.423638 0.434211 0.42287 0.434211 0.422103 0.435307 0.421335 0.435307 0.420568 0.436404 0.4198 0.436404 0.418266 0.4375 0.417498 0.4375 0.416731 0.438596 0.415963 0.438596 0.415196 0.439693 0.414428 0.439693 0.412126 0.440789 0.411358 0.440789 0.410591 0.442982 0.409056 0.444079 0.409056 0.445175 0.408289 0.445175 0.407521
0 0.213816 0.382195 0.213816 0.382962 0.214912 0.38373 0.214912 0.382962
0 0.610746 0.379893 0.609649 0.38066 0.609649 0.382195 0.612939 0.382195 0.614035 0.381427 0.614035 0.38066 0.612939 0.379893
0 0.608553 0.369148 0.605263 0.37145 0.605263 0.372985 0.60636 0.373753 0.607456 0.372985 0.608553 0.372985 0.610746 0.37145 0.610746 0.369148
0 0.70614 0.347659 0.705044 0.348427 0.70614 0.349194 0.707237 0.349194 0.707237 0.347659
0 0.724781 0.346124 0.725877 0.346892 0.726974 0.346892 0.725877 0.346124
0 0.33114 0.345357 0.330044 0.346124 0.330044 0.349194 0.33114 0.349962 0.333333 0.349962 0.33443 0.349194 0.33443 0.345357
0 0.321272 0.345357 0.321272 0.346124 0.322368 0.346892 0.322368 0.347659 0.324561 0.347659 0.324561 0.346124 0.323465 0.345357
0 0.237939 0.342287 0.237939 0.343822 0.239035 0.343822 0.239035 0.343054
0 0.552632 0.33538 0.551535 0.336147 0.550439 0.336147 0.549342 0.336915 0.549342 0.339217 0.548246 0.339985 0.548246 0.348427 0.549342 0.349194 0.550439 0.349194 0.551535 0.349962 0.552632 0.349962 0.553728 0.349194 0.554825 0.349194 0.559211 0.346124 0.559211 0.345357 0.560307 0.344589 0.560307 0.343054 0.561404 0.342287 0.560307 0.34152 0.560307 0.339985 0.554825 0.336147 0.553728 0.336147
0 0.561404 0.327705 0.561404 0.328473 0.564693 0.328473 0.564693 0.327705
0 0.407895 0.324635 0.406798 0.325403 0.405702 0.325403 0.401316 0.328473 0.401316 0.33538 0.402412 0.336147 0.402412 0.337682 0.403509 0.33845 0.403509 0.339985 0.404605 0.340752 0.404605 0.342287 0.405702 0.342287 0.406798 0.343054 0.406798 0.343822 0.408991 0.345357 0.408991 0.346124 0.410088 0.346124 0.411184 0.346892 0.413377 0.346892 0.417763 0.343822 0.417763 0.342287 0.41886 0.34152 0.41886 0.339985 0.417763 0.339217 0.417763 0.336915 0.41557 0.33538 0.41557 0.333845 0.414474 0.333078 0.414474 0.331543 0.413377 0.330775 0.413377 0.330008 0.411184 0.328473 0.411184 0.325403 0.410088 0.324635
0 0.390351 0.317728 0.387061 0.320031 0.387061 0.321566 0.385965 0.322333 0.385965 0.323868 0.387061 0.324635 0.387061 0.325403 0.388158 0.32617 0.389254 0.32617 0.391447 0.324635 0.391447 0.323868 0.392544 0.323101 0.392544 0.321566 0.39364 0.320798 0.39364 0.317728
0 0.383772 0.313891 0.383772 0.316193 0.384868 0.316193 0.384868 0.314658
0 0.575658 0.304682 0.573465 0.306216 0.573465 0.308519 0.572368 0.309286 0.569079 0.309286 0.567982 0.310054 0.567982 0.311589 0.569079 0.312356 0.570175 0.312356 0.571272 0.313124 0.572368 0.313124 0.573465 0.312356 0.573465 0.311589 0.575658 0.310054 0.575658 0.309286 0.576754 0.308519 0.576754 0.306984 0.577851 0.306216 0.577851 0.304682
0 0.77193 0.297774 0.77193 0.300077 0.773026 0.300077 0.77193 0.299309
0 0.401316 0.296239 0.400219 0.297007 0.400219 0.298542 0.401316 0.299309 0.401316 0.300077 0.402412 0.300844 0.403509 0.300077 0.404605 0.300077 0.405702 0.299309 0.405702 0.298542 0.404605 0.297774 0.404605 0.296239
0 0.29057 0.290867 0.29057 0.293937 0.291667 0.293937 0.292763 0.29317 0.291667 0.292402 0.291667 0.291635
0 0.753289 0.287797 0.754386 0.288565 0.757675 0.288565 0.762061 0.291635 0.764254 0.291635 0.765351 0.292402 0.766447 0.292402 0.765351 0.291635 0.764254 0.291635 0.762061 0.2901 0.760965 0.2901 0.757675 0.287797
0 0.708333 0.285495 0.708333 0.286262 0.710526 0.286262 0.710526 0.285495
0 0.401316 0.273983 0.401316 0.275518 0.403509 0.275518 0.404605 0.274751 0.404605 0.273983
0 0.395833 0.263239 0.39693 0.264006 0.39693 0.264774 0.398026 0.265541 0.398026 0.266309 0.400219 0.266309 0.400219 0.265541 0.399123 0.264774 0.399123 0.264006 0.398026 0.264006 0.39693 0.263239
0 0.470395 0.218726 0.469298 0.219493 0.469298 0.220261 0.468202 0.221028 0.467105 0.221028 0.462719 0.224098 0.460526 0.224098 0.45943 0.224866 0.458333 0.224866 0.458333 0.225633 0.457237 0.226401 0.45614 0.226401 0.45614 0.240215 0.458333 0.24175 0.466009 0.24175 0.466009 0.240982 0.469298 0.23868 0.469298 0.237913 0.471491 0.236378 0.471491 0.23561 0.472588 0.234843 0.472588 0.234075 0.473684 0.233308 0.473684 0.228703 0.474781 0.227936 0.474781 0.224866 0.475877 0.224098 0.475877 0.221796 0.474781 0.221796 0.472588 0.220261 0.472588 0.218726
0 0.436404 0.211051 0.436404 0.215656 0.439693 0.217959 0.442982 0.217959 0.445175 0.216424 0.445175 0.215656 0.444079 0.214889 0.441886 0.214889 0.439693 0.213354 0.439693 0.212586 0.4375 0.211051
0 0.448465 0.210284 0.447368 0.211051 0.447368 0.211819 0.449561 0.211819 0.450658 0.211051 0.449561 0.210284
0 0.435307 0.203377 0.435307 0.204144 0.436404 0.204912 0.4375 0.204912 0.4375 0.204144 0.436404 0.203377
0 0.696272 0.19954 0.696272 0.201074 0.697368 0.200307 0.697368 0.19954
0 0.746711 0.194167 0.745614 0.194935 0.743421 0.194935 0.746711 0.194935 0.747807 0.195702 0.748904 0.195702 0.75 0.194935 0.748904 0.194167
0 0.680921 0.1934 0.680921 0.194935 0.682018 0.195702 0.683114 0.195702 0.683114 0.1934
0 0.433114 0.173446 0.433114 0.174213 0.434211 0.174981 0.434211 0.173446
0 0.476974 0.167306 0.476974 0.168841 0.47807 0.168841 0.479167 0.168074 0.47807 0.167306
0 0.501096 0.161934 0.498904 0.163469 0.498904 0.167306 0.501096 0.167306 0.503289 0.165771 0.503289 0.165004 0.504386 0.164236 0.504386 0.163469 0.502193 0.161934
0 0.688596 0.15119 0.688596 0.151957 0.689693 0.15119
0 0.484649 0.144282 0.484649 0.14505 0.485746 0.14505 0.485746 0.144282
0 0.515351 0.140445 0.515351 0.14198 0.514254 0.142748 0.514254 0.146585 0.515351 0.146585 0.516447 0.145817 0.516447 0.140445
0 0.708333 0.122794 0.708333 0.123561 0.70943 0.123561 0.70943 0.122794
0 0.537281 0.121259 0.537281 0.122026 0.538377 0.122026 0.538377 0.121259
0 0.501096 0.112049 0.498904 0.113584 0.5 0.113584 0.502193 0.112049
0 0.526316 0.0943975 0.517544 0.100537 0.517544 0.101305 0.514254 0.103607 0.514254 0.104375 0.513158 0.105142 0.513158 0.107444 0.510965 0.108979 0.510965 0.112817 0.512061 0.113584 0.512061 0.114351 0.513158 0.115119 0.513158 0.116654 0.514254 0.117421 0.514254 0.118189 0.515351 0.118956 0.515351 0.124328 0.516447 0.125096 0.516447 0.128933 0.517544 0.128166 0.517544 0.119724 0.516447 0.118956 0.516447 0.117421 0.515351 0.116654 0.515351 0.115886 0.514254 0.115119 0.514254 0.114351 0.513158 0.113584 0.513158 0.111282 0.512061 0.110514 0.512061 0.109747 0.513158 0.108979 0.513158 0.106677 0.514254 0.105909 0.514254 0.105142 0.516447 0.103607 0.516447 0.10284 0.520833 0.0997698 0.520833 0.0990023 0.524123 0.0966999 0.525219 0.0966999 0.527412 0.095165 0.527412 0.0943975
0 0.582237 0.0613968 0.578947 0.0636992 0.580044 0.0636992 0.582237 0.0621642
0 0.585526 0.0606293 0.585526 0.0613968 0.588816 0.0636992 0.588816 0.0652341 0.589912 0.0652341 0.589912 0.0644666 0.588816 0.0636992 0.588816 0.0629317
