0 0.278509 0.844973 0.277412 0.845741 0.277412 0.849578 0.276316 0.850345 0.276316 0.852648 0.277412 0.852648 0.277412 0.851113 0.278509 0.850345 0.278509 0.849578 0.279605 0.84881 0.279605 0.846508 0.278509 0.845741
0 0.186404 0.825787 0.186404 0.826554 0.1875 0.826554
0 0.280702 0.821182 0.280702 0.821949 0.281798 0.821949 0.281798 0.821182
0 0.279605 0.808135 0.278509 0.808903 0.279605 0.80967 0.279605 0.811972 0.280702 0.81274 0.280702 0.817345 0.281798 0.817345 0.281798 0.816577 0.285088 0.814275 0.287281 0.814275 0.288377 0.813507 0.288377 0.81274 0.288377 0.813507 0.287281 0.814275 0.286184 0.814275 0.283991 0.81274 0.283991 0.811972 0.282895 0.811205 0.282895 0.810437
0 0.264254 0.8066 0.263158 0.807368 0.263158 0.808903 0.264254 0.80967 0.266447 0.80967 0.267544 0.808903 0.267544 0.807368 0.266447 0.8066
0 0.345395 0.77053 0.343202 0.772064 0.343202 0.775134 0.345395 0.776669 0.345395 0.777437 0.346491 0.777437 0.349781 0.775134 0.348684 0.774367 0.348684 0.771297 0.347588 0.771297 0.346491 0.77053
0 0.194079 0.749808 0.191886 0.751343 0.191886 0.752878 0.192982 0.753645 0.194079 0.752878 0.195175 0.752878 0.196272 0.752111 0.196272 0.751343
0 0.457237 0.715272 0.458333 0.71604 0.458333 0.716807 0.462719 0.719877 0.463816 0.719877 0.458333 0.71604 0.458333 0.715272
0 0.378289 0.713738 0.377193 0.714505 0.375 0.714505 0.373904 0.715272 0.372807 0.715272 0.372807 0.716807 0.371711 0.717575 0.371711 0.722947 0.370614 0.723715 0.370614 0.729087 0.372807 0.730622 0.373904 0.730622 0.375 0.731389 0.378289 0.731389 0.379386 0.730622 0.379386 0.729854 0.381579 0.728319 0.381579 0.725249 0.382675 0.724482 0.382675 0.719877 0.381579 0.71911 0.381579 0.71604
0 0.423246 0.7099 0.423246 0.711435 0.425439 0.711435
0 0.39693 0.701458 0.394737 0.702993 0.394737 0.705295 0.39693 0.705295 0.398026 0.704528 0.398026 0.703761 0.399123 0.702993
0 0.424342 0.693784 0.424342 0.694551 0.423246 0.695318 0.423246 0.696853 0.424342 0.697621 0.424342 0.699156 0.425439 0.699923 0.425439 0.700691 0.426535 0.700691 0.427632 0.699923 0.427632 0.699156 0.426535 0.698388 0.426535 0.696086 0.425439 0.695318 0.425439 0.694551
0 0.176535 0.687644 0.176535 0.688411 0.175439 0.689179 0.176535 0.689946 0.176535 0.690714 0.179825 0.690714 0.180921 0.689946 0.179825 0.689179 0.179825 0.688411 0.178728 0.687644
0 0.184211 0.685342 0.184211 0.687644 0.185307 0.688411 0.185307 0.689179 0.188596 0.691481 0.189693 0.691481 0.190789 0.690714 0.191886 0.690714 0.192982 0.689946 0.192982 0.689179 0.191886 0.688411 0.191886 0.687644 0.190789 0.686876 0.190789 0.686109 0.189693 0.685342
0 0.408991 0.673062 0.408991 0.676899 0.411184 0.678434 0.411184 0.679202 0.412281 0.679202 0.413377 0.679969 0.41557 0.679969 0.416667 0.679202 0.41886 0.679202 0.41886 0.676132 0.414474 0.673062
0 0.202851 0.673062 0.201754 0.67383 0.201754 0.675365 0.202851 0.676132 0.202851 0.677667 0.203947 0.678434 0.203947 0.683039 0.202851 0.683807 0.202851 0.685342 0.203947 0.686109 0.203947 0.687644 0.202851 0.688411 0.202851 0.693016 0.201754 0.693784 0.201754 0.695318 0.200658 0.696086 0.200658 0.697621 0.199561 0.698388 0.199561 0.699156 0.198465 0.699923 0.198465 0.701458 0.197368 0.702226 0.197368 0.70683 0.196272 0.707598 0.196272 0.712203 0.194079 0.713738 0.194079 0.715272 0.195175 0.714505 0.196272 0.714505 0.198465 0.71297 0.198465 0.712203 0.199561 0.711435 0.199561 0.7099 0.198465 0.709133 0.198465 0.708365 0.197368 0.707598 0.198465 0.70683 0.198465 0.706063 0.202851 0.702993 0.202851 0.700691 0.203947 0.699923 0.205044 0.699923 0.205044 0.699156 0.20614 0.698388 0.20614 0.696853 0.207237 0.696086 0.207237 0.695318 0.208333 0.694551 0.208333 0.688411 0.20943 0.687644 0.20943 0.678434 0.208333 0.677667 0.208333 0.676132 0.207237 0.675365 0.20614 0.675365
0 0.189693 0.665388 0.188596 0.666155 0.188596 0.66769 0.1875 0.668457 0.1875 0.671527 0.186404 0.672295 0.186404 0.67383 0.185307 0.674597 0.185307 0.676899 0.1875 0.675365 0.1875 0.67383 0.188596 0.673062 0.188596 0.669992 0.189693 0.669225
0 0.175439 0.66155 0.176535 0.662318 0.176535 0.663085 0.175439 0.663853 0.175439 0.666155 0.176535 0.666155 0.176535 0.662318
0 0.492325 0.655411 0.492325 0.656178 0.493421 0.656178 0.493421 0.655411
0 0.483553 0.652341 0.484649 0.653108 0.484649 0.652341
0 0.410088 0.650038 0.410088 0.653876 0.411184 0.654643 0.410088 0.655411 0.410088 0.65848 0.411184 0.659248 0.412281 0.659248 0.413377 0.65848 0.413377 0.657713 0.414474 0.656946 0.414474 0.655411 0.41557 0.654643 0.41557 0.653876 0.416667 0.653108 0.416667 0.652341 0.41557 0.651573 0.41557 0.650806 0.414474 0.650038
0 0.20943 0.640829 0.208333 0.641596 0.208333 0.644666 0.20943 0.644666 0.210526 0.645434 0.213816 0.645434 0.213816 0.643899
0 0.166667 0.629317 0.166667 0.631619 0.167763 0.631619 0.167763 0.629317
0 0.546053 0.612433 0.546053 0.6132 0.544956 0.613968 0.546053 0.614735 0.546053 0.615503 0.547149 0.615503 0.548246 0.614735 0.548246 0.613968 0.547149 0.6132 0.547149 0.612433
0 0.210526 0.588642 0.20943 0.589409 0.20943 0.590944 0.210526 0.590944 0.211623 0.590177 0.211623 0.588642
0 0.234649 0.580967 0.233553 0.581734 0.234649 0.582502 0.235746 0.582502 0.235746 0.580967
0 0.620614 0.570223 0.623904 0.572525 0.625 0.572525 0.626096 0.573292 0.627193 0.573292 0.626096 0.572525 0.626096 0.571757 0.625 0.571757 0.622807 0.570223
0 0.286184 0.554873 0.285088 0.555641 0.283991 0.555641 0.282895 0.556408 0.282895 0.557176 0.281798 0.557943 0.281798 0.561781 0.278509 0.564083 0.279605 0.56485 0.279605 0.565618 0.280702 0.566385 0.282895 0.56485 0.283991 0.56485 0.285088 0.565618 0.287281 0.565618 0.288377 0.566385 0.289474 0.566385 0.291667 0.56792 0.292763 0.56792 0.29386 0.568688 0.294956 0.568688 0.297149 0.567153 0.298246 0.567153 0.299342 0.566385 0.299342 0.565618 0.300439 0.56485 0.299342 0.564083 0.298246 0.564083 0.297149 0.563315 0.294956 0.563315 0.29386 0.562548 0.29057 0.562548 0.288377 0.561013 0.288377 0.555641 0.287281 0.554873
0 0.323465 0.546431 0.321272 0.547966 0.321272 0.548734 0.320175 0.549501 0.320175 0.551036 0.319079 0.551804 0.319079 0.553338 0.320175 0.554106 0.320175 0.554873 0.323465 0.557176 0.324561 0.557176 0.325658 0.557943 0.326754 0.557943 0.327851 0.558711 0.328947 0.558711 0.33114 0.560246 0.332237 0.560246 0.333333 0.561013 0.33443 0.561013 0.335526 0.561781 0.339912 0.561781 0.341009 0.562548 0.343202 0.562548 0.344298 0.561781 0.347588 0.561781 0.348684 0.562548 0.349781 0.562548 0.348684 0.561781 0.349781 0.561013 0.349781 0.560246 0.350877 0.559478 0.350877 0.557943 0.349781 0.557176 0.349781 0.554106 0.348684 0.553338 0.348684 0.552571 0.344298 0.549501 0.343202 0.549501 0.342105 0.548734 0.341009 0.548734 0.339912 0.547966 0.338816 0.547966 0.337719 0.547199 0.336623 0.547199 0.335526 0.546431
0 0.586623 0.545664 0.586623 0.546431 0.585526 0.547199 0.585526 0.552571 0.586623 0.553338 0.586623 0.554106 0.587719 0.554873 0.587719 0.555641 0.588816 0.556408 0.588816 0.557176 0.589912 0.557943 0.593202 0.557943 0.595395 0.559478 0.596491 0.559478 0.597588 0.560246 0.598684 0.560246 0.599781 0.559478 0.599781 0.558711 0.597588 0.558711 0.593202 0.555641 0.593202 0.554873 0.592105 0.554106 0.592105 0.552571 0.591009 0.551804 0.591009 0.551036 0.589912 0.550269 0.589912 0.546431 0.588816 0.545664
0 0.648026 0.521873 0.64693 0.52264 0.64693 0.523408 0.648026 0.524175 0.651316 0.524175 0.651316 0.52264 0.650219 0.521873
0 0.619518 0.515733 0.619518 0.518035 0.621711 0.51957 0.622807 0.51957 0.623904 0.520338 0.627193 0.520338 0.628289 0.51957 0.630482 0.51957 0.630482 0.517268 0.629386 0.5165 0.628289 0.5165 0.627193 0.515733
0 0.1875 0.511128 0.186404 0.511896 0.184211 0.511896 0.183114 0.512663 0.184211 0.513431 0.1875 0.513431 0.188596 0.512663 0.188596 0.511896
0 0.1875 0.494244 0.186404 0.495012 0.184211 0.495012 0.183114 0.495779 0.183114 0.496546 0.184211 0.496546
0 0.1875 0.488872 0.188596 0.489639 0.189693 0.489639 0.188596 0.488872
0 0.615132 0.486569 0.617325 0.488104 0.618421 0.487337 0.617325 0.486569
0 0.597588 0.4835 0.596491 0.484267 0.597588 0.485035 0.597588 0.485802 0.598684 0.486569 0.598684 0.487337 0.600877 0.488872 0.601974 0.488872 0.60307 0.488104 0.604167 0.488104 0.605263 0.487337 0.605263 0.486569 0.604167 0.485802 0.604167 0.485035 0.60307 0.484267 0.601974 0.484267 0.600877 0.4835
0 0.330044 0.469685 0.330044 0.470453 0.33114 0.470453
0 0.611842 0.438219 0.611842 0.438987 0.612939 0.438987 0.612939 0.438219
0 0.298246 0.436685 0.29386 0.439754 0.292763 0.439754 0.286184 0.444359 0.286184 0.447429 0.285088 0.448196 0.285088 0.450499 0.286184 0.451266 0.288377 0.451266 0.289474 0.452034 0.292763 0.452034 0.29386 0.451266 0.29386 0.450499 0.299342 0.446662 0.299342 0.445894 0.304825 0.442057 0.304825 0.440522 0.305921 0.439754 0.304825 0.438987 0.304825 0.438219 0.303728 0.437452 0.302632 0.437452 0.301535 0.436685
0 0.560307 0.426708 0.559211 0.427475 0.559211 0.428243 0.558114 0.42901 0.558114 0.429777 0.557018 0.430545 0.557018 0.43208 0.555921 0.432847 0.555921 0.434382 0.557018 0.43515 0.557018 0.435917 0.559211 0.437452 0.561404 0.437452 0.5625 0.436685 0.564693 0.436685 0.565789 0.435917 0.565789 0.43515 0.567982 0.433615 0.567982 0.431312 0.566886 0.430545 0.566886 0.429777 0.565789 0.42901 0.565789 0.428243 0.564693 0.427475 0.563596 0.427475 0.5625 0.426708
0 0.384868 0.423638 0.385965 0.424405 0.385965 0.423638
0 0.705044 0.4198 0.705044 0.420568 0.70614 0.420568
0 0.446272 0.414428 0.444079 0.415963 0.441886 0.415963 0.440789 0.416731 0.4375 0.416731 0.436404 0.417498 0.433114 0.417498 0.432018 0.418266 0.430921 0.418266 0.429825 0.419033 0.428728 0.419033 0.424342 0.422103 0.424342 0.42287 0.422149 0.424405 0.422149 0.42594 0.421053 0.426708 0.421053 0.427475 0.419956 0.428243 0.419956 0.429777 0.41886 0.430545 0.41886 0.431312 0.417763 0.43208 0.417763 0.440522 0.41886 0.440522 0.419956 0.441289 0.421053 0.441289 0.423246 0.439754 0.424342 0.439754 0.424342 0.438987 0.426535 0.437452 0.426535 0.436685 0.427632 0.435917 0.427632 0.43515 0.428728 0.434382 0.428728 0.433615 0.429825 0.432847 0.429825 0.43208 0.432018 0.430545 0.432018 0.429777 0.433114 0.42901 0.433114 0.428243 0.435307 0.426708 0.435307 0.42594 0.4375 0.424405 0.4375 0.423638 0.438596 0.42287 0.438596 0.422103 0.439693 0.421335 0.439693 0.419033 0.444079 0.415963 0.445175 0.415963 0.446272 0.415196
0 0.325658 0.412126 0.324561 0.412893 0.323465 0.412893 0.322368 0.413661 0.322368 0.416731 0.325658 0.419033 0.326754 0.419033 0.327851 0.418266 0.328947 0.418266 0.332237 0.415963 0.332237 0.414428 0.330044 0.412893 0.326754 0.412893
0 0.424342 0.411358 0.423246 0.412126 0.423246 0.413661 0.425439 0.415196 0.427632 0.413661 0.427632 0.412126 0.426535 0.412126 0.425439 0.411358
0 0.739035 0.395242 0.739035 0.396009 0.740132 0.396777 0.740132 0.396009
0 0.218202 0.392939 0.217105 0.393707 0.218202 0.393707
0 0.264254 0.386032 0.264254 0.387567 0.265351 0.387567 0.265351 0.3868
0 0.607456 0.38373 0.605263 0.385265 0.605263 0.386032 0.609649 0.386032 0.609649 0.385265 0.610746 0.384497 0.609649 0.38373
0 0.601974 0.376055 0.599781 0.37759 0.598684 0.37759 0.598684 0.378358 0.597588 0.379125 0.597588 0.379893 0.601974 0.379893 0.604167 0.378358 0.604167 0.376823 0.60307 0.376055
0 0.527412 0.362241 0.526316 0.363008 0.526316 0.363776 0.52193 0.366846 0.52193 0.367613 0.520833 0.368381 0.515351 0.368381 0.514254 0.367613 0.513158 0.367613 0.512061 0.366846 0.510965 0.366846 0.509868 0.367613 0.502193 0.367613 0.501096 0.366846 0.497807 0.366846 0.496711 0.367613 0.492325 0.367613 0.491228 0.368381 0.489035 0.368381 0.487939 0.369148 0.485746 0.369148 0.484649 0.369916 0.48136 0.369916 0.480263 0.370683 0.479167 0.370683 0.47807 0.37145 0.473684 0.37145 0.472588 0.372218 0.471491 0.372218 0.470395 0.372985 0.469298 0.372985 0.469298 0.373753 0.468202 0.37452 0.467105 0.37452 0.466009 0.375288 0.466009 0.376055 0.467105 0.376823 0.466009 0.37759 0.464912 0.37759 0.463816 0.376823 0.463816 0.376055 0.463816 0.37759 0.464912 0.378358 0.466009 0.37759 0.469298 0.37759 0.469298 0.376823 0.471491 0.375288 0.473684 0.375288 0.474781 0.37452 0.475877 0.37452 0.476974 0.373753 0.47807 0.37452 0.479167 0.37452 0.480263 0.373753 0.482456 0.373753 0.483553 0.372985 0.484649 0.373753 0.485746 0.372985 0.486842 0.373753 0.487939 0.372985 0.490132 0.372985 0.491228 0.372218 0.497807 0.372218 0.498904 0.37145 0.513158 0.37145 0.514254 0.370683 0.51864 0.370683 0.519737 0.369916 0.520833 0.369916 0.525219 0.366846 0.525219 0.366078 0.527412 0.364543 0.527412 0.363776 0.528509 0.363008
0 0.718202 0.347659 0.717105 0.348427 0.716009 0.348427 0.714912 0.349194 0.711623 0.349194 0.712719 0.349962 0.713816 0.349962 0.714912 0.349194 0.716009 0.349962 0.717105 0.349194 0.719298 0.349194 0.719298 0.347659
0 0.239035 0.347659 0.239035 0.348427 0.240132 0.349194 0.242325 0.349194 0.242325 0.348427 0.241228 0.347659
0 0.702851 0.346892 0.701754 0.347659 0.701754 0.348427 0.703947 0.348427 0.703947 0.346892
0 0.33114 0.346124 0.328947 0.347659 0.327851 0.346892 0.326754 0.346892 0.325658 0.347659 0.324561 0.347659 0.324561 0.348427 0.326754 0.349962 0.327851 0.349962 0.328947 0.349194 0.33114 0.350729 0.33443 0.350729 0.335526 0.349962 0.335526 0.346124
0 0.553728 0.337682 0.551535 0.339217 0.551535 0.339985 0.550439 0.340752 0.550439 0.344589 0.549342 0.345357 0.549342 0.346124 0.550439 0.346892 0.550439 0.349962 0.551535 0.350729 0.551535 0.351497 0.552632 0.352264 0.554825 0.352264 0.555921 0.351497 0.557018 0.351497 0.559211 0.349962 0.560307 0.349962 0.561404 0.349194 0.561404 0.348427 0.5625 0.347659 0.5625 0.346892 0.563596 0.346124 0.563596 0.343054 0.5625 0.342287 0.5625 0.34152 0.560307 0.339985 0.559211 0.339985 0.558114 0.339217 0.557018 0.339217 0.555921 0.33845 0.554825 0.33845
0 0.682018 0.336915 0.682018 0.33845 0.682018 0.337682 0.683114 0.336915
0 0.404605 0.336915 0.404605 0.339217 0.403509 0.339985 0.403509 0.340752 0.404605 0.34152 0.404605 0.343822 0.405702 0.344589 0.405702 0.347659 0.406798 0.348427 0.406798 0.349194 0.407895 0.349962 0.407895 0.350729 0.410088 0.352264 0.413377 0.352264 0.414474 0.351497 0.41557 0.351497 0.416667 0.350729 0.417763 0.350729 0.41886 0.349962 0.419956 0.349962 0.419956 0.349194 0.421053 0.348427 0.419956 0.347659 0.421053 0.346892 0.421053 0.346124 0.41886 0.344589 0.41886 0.343054 0.417763 0.342287 0.417763 0.339217 0.416667 0.33845 0.416667 0.337682 0.41557 0.336915
0 0.563596 0.32924 0.5625 0.330008 0.563596 0.330775 0.564693 0.330775 0.564693 0.32924
0 0.384868 0.320798 0.383772 0.321566 0.383772 0.323101 0.384868 0.323101 0.385965 0.322333 0.385965 0.320798
0 0.560307 0.317728 0.560307 0.323868 0.561404 0.324635 0.563596 0.324635 0.563596 0.323868 0.565789 0.322333 0.565789 0.320798 0.566886 0.320031 0.566886 0.319263 0.565789 0.318496 0.564693 0.318496 0.563596 0.317728
0 0.276316 0.313891 0.275219 0.314658 0.274123 0.314658 0.273026 0.315426 0.27193 0.315426 0.270833 0.316193 0.269737 0.316193 0.27193 0.316193 0.273026 0.316961 0.274123 0.316193 0.275219 0.316193 0.276316 0.315426
0 0.410088 0.310054 0.410088 0.313891 0.405702 0.316961 0.401316 0.316961 0.398026 0.319263 0.398026 0.320031 0.395833 0.321566 0.395833 0.322333 0.394737 0.323101 0.394737 0.323868 0.39364 0.324635 0.39364 0.326938 0.391447 0.328473 0.387061 0.328473 0.385965 0.32924 0.385965 0.331543 0.387061 0.33231 0.392544 0.33231 0.394737 0.330775 0.394737 0.330008 0.395833 0.32924 0.395833 0.327705 0.39693 0.326938 0.39693 0.32617 0.398026 0.325403 0.398026 0.324635 0.399123 0.323868 0.399123 0.323101 0.402412 0.320798 0.403509 0.320798 0.406798 0.323101 0.406798 0.324635 0.407895 0.325403 0.410088 0.325403 0.411184 0.324635 0.411184 0.321566 0.412281 0.320798 0.412281 0.318496 0.411184 0.317728 0.411184 0.312356 0.410088 0.311589
0 0.660088 0.307751 0.658991 0.308519 0.662281 0.308519 0.662281 0.307751
0 0.292763 0.300844 0.292763 0.301612 0.29386 0.302379 0.29386 0.300844
0 0.698465 0.294705 0.697368 0.295472 0.697368 0.296239 0.699561 0.296239 0.700658 0.297007 0.700658 0.299309 0.700658 0.298542 0.701754 0.297774 0.700658 0.297007 0.700658 0.296239
0 0.311404 0.293937 0.311404 0.294705 0.3125 0.295472 0.3125 0.296239 0.313596 0.296239 0.313596 0.295472 0.3125 0.294705 0.3125 0.293937
0 0.742325 0.289332 0.741228 0.2901 0.744518 0.2901 0.744518 0.289332
0 0.699561 0.288565 0.696272 0.290867 0.697368 0.291635 0.698465 0.290867 0.699561 0.290867 0.701754 0.289332 0.700658 0.288565
0 0.305921 0.285495 0.305921 0.286262 0.307018 0.28703 0.307018 0.287797 0.308114 0.288565 0.308114 0.289332 0.308114 0.28703 0.307018 0.286262 0.307018 0.285495
0 0.725877 0.267843 0.724781 0.268611 0.722588 0.268611 0.721491 0.269378 0.720395 0.269378 0.714912 0.273216 0.716009 0.273216 0.717105 0.272448 0.718202 0.272448 0.722588 0.269378 0.723684 0.269378 0.724781 0.268611 0.725877 0.268611
0 0.766447 0.248657 0.767544 0.249424 0.76864 0.249424 0.767544 0.248657
0 0.336623 0.246355 0.336623 0.247889 0.337719 0.247889 0.337719 0.247122
0 0.453947 0.230238 0.453947 0.231773 0.452851 0.23254 0.452851 0.23561 0.451754 0.236378 0.451754 0.237913 0.450658 0.23868 0.450658 0.24482 0.451754 0.245587 0.451754 0.246355 0.452851 0.247122 0.453947 0.247122 0.455044 0.247889 0.461623 0.247889 0.462719 0.247122 0.463816 0.247122 0.468202 0.244052 0.468202 0.243285 0.469298 0.242517 0.469298 0.234075 0.468202 0.233308 0.468202 0.23254 0.466009 0.231005 0.464912 0.231005 0.463816 0.230238
0 0.450658 0.212586 0.450658 0.213354 0.451754 0.213354 0.451754 0.212586
0 0.689693 0.203377 0.689693 0.204144 0.690789 0.204144
0 0.440789 0.198005 0.440789 0.198772 0.439693 0.19954 0.439693 0.200307 0.438596 0.201074 0.438596 0.202609 0.439693 0.203377 0.439693 0.204144 0.440789 0.204144 0.441886 0.203377 0.441886 0.202609 0.442982 0.201842 0.442982 0.198005
0 0.75 0.194167 0.751096 0.194935 0.751096 0.194167
0 0.684211 0.188795 0.682018 0.19033 0.682018 0.191097 0.680921 0.191865 0.680921 0.194167 0.682018 0.194167 0.682018 0.192632 0.683114 0.191865 0.683114 0.191097 0.684211 0.19033
0 0.695175 0.175748 0.691886 0.178051 0.691886 0.178818 0.688596 0.18112 0.688596 0.181888 0.6875 0.182655 0.6875 0.18419 0.686404 0.184958 0.686404 0.185725 0.6875 0.185725 0.688596 0.184958 0.688596 0.183423 0.696272 0.178051 0.696272 0.176516 0.697368 0.175748
0 0.429825 0.174981 0.428728 0.175748 0.428728 0.177283 0.429825 0.178051 0.429825 0.179586 0.430921 0.180353 0.430921 0.18112 0.432018 0.18112 0.432018 0.176516
0 0.471491 0.165771 0.470395 0.166539 0.471491 0.167306 0.472588 0.167306 0.472588 0.165771
0 0.434211 0.165004 0.434211 0.168074 0.435307 0.167306 0.434211 0.166539
0 0.66886 0.156562 0.66886 0.158864 0.669956 0.158864 0.671053 0.158097 0.672149 0.158097 0.672149 0.156562
0 0.507675 0.155794 0.506579 0.156562 0.504386 0.156562 0.502193 0.158097 0.502193 0.158864 0.498904 0.161167 0.498904 0.163469 0.501096 0.165004 0.502193 0.165004 0.507675 0.161167 0.507675 0.160399 0.509868 0.158864 0.509868 0.158097 0.510965 0.157329 0.510965 0.156562 0.509868 0.155794
0 0.405702 0.155794 0.405702 0.156562 0.406798 0.155794
0 0.680921 0.152724 0.682018 0.153492 0.682018 0.152724
0 0.484649 0.14198 0.484649 0.142748 0.485746 0.143515 0.485746 0.14198
0 0.64693 0.0606293 0.645833 0.0613968 0.645833 0.0621642 0.64693 0.0613968
