0 0.292763 0.830391 0.292763 0.831159 0.294956 0.832694 0.294956 0.831926
0 0.278509 0.829624 0.278509 0.834996 0.279605 0.835764 0.279605 0.831926 0.278509 0.831159
0 0.281798 0.828089 0.283991 0.829624 0.283991 0.828089
0 0.264254 0.80967 0.262061 0.811205 0.262061 0.811972 0.264254 0.813507 0.265351 0.813507 0.266447 0.814275 0.26864 0.814275 0.26864 0.81274 0.266447 0.811205 0.266447 0.810437 0.265351 0.80967
0 0.154605 0.792018 0.153509 0.792786 0.153509 0.793553 0.154605 0.793553
0 0.345395 0.775134 0.344298 0.775902 0.344298 0.776669 0.343202 0.777437 0.343202 0.780507 0.345395 0.782041 0.348684 0.782041 0.349781 0.781274 0.349781 0.778204 0.348684 0.777437 0.348684 0.776669 0.346491 0.775134
0 0.222588 0.769762 0.222588 0.771297 0.223684 0.771297 0.223684 0.77053
0 0.180921 0.763622 0.178728 0.765157 0.178728 0.765925 0.179825 0.765925 0.182018 0.76439
0 0.1875 0.755948 0.186404 0.756715 0.186404 0.759018 0.188596 0.759018 0.188596 0.75825 0.189693 0.757483 0.189693 0.755948
0 0.141447 0.726784 0.139254 0.728319 0.138158 0.727552 0.138158 0.729087 0.139254 0.728319 0.140351 0.728319 0.142544 0.726784
0 0.188596 0.722947 0.188596 0.724482 0.190789 0.724482 0.190789 0.723715 0.189693 0.722947
0 0.447368 0.705295 0.447368 0.706063 0.448465 0.70683 0.449561 0.706063 0.448465 0.705295
0 0.387061 0.703761 0.387061 0.704528 0.385965 0.705295 0.385965 0.706063 0.383772 0.707598 0.382675 0.707598 0.382675 0.708365 0.381579 0.709133 0.380482 0.709133 0.379386 0.7099 0.379386 0.711435 0.378289 0.712203 0.378289 0.71297 0.377193 0.713738 0.377193 0.714505 0.371711 0.718342 0.372807 0.71911 0.372807 0.720645 0.373904 0.721412 0.373904 0.72218 0.375 0.722947 0.375 0.724482 0.376096 0.725249 0.380482 0.725249 0.384868 0.72218 0.384868 0.721412 0.387061 0.719877 0.388158 0.719877 0.389254 0.71911 0.389254 0.718342 0.390351 0.717575 0.390351 0.71604 0.391447 0.715272 0.391447 0.713738 0.392544 0.71297 0.392544 0.710668 0.39364 0.7099 0.39364 0.703761
0 0.4375 0.699156 0.4375 0.699923 0.436404 0.700691 0.4375 0.701458 0.439693 0.701458 0.439693 0.699923 0.438596 0.699156
0 0.407895 0.693784 0.407895 0.697621 0.408991 0.698388 0.410088 0.697621 0.410088 0.696853 0.408991 0.696853 0.407895 0.696086 0.407895 0.695318 0.408991 0.694551 0.410088 0.694551 0.408991 0.694551
0 0.173246 0.688411 0.173246 0.694551 0.174342 0.693784 0.174342 0.693016 0.175439 0.692249 0.175439 0.689179 0.174342 0.688411
0 0.166667 0.683039 0.16557 0.683807 0.16557 0.686109 0.166667 0.686876 0.167763 0.686876 0.16886 0.687644 0.171053 0.687644 0.169956 0.686876 0.16886 0.686876 0.166667 0.685342
0 0.432018 0.681504 0.432018 0.683807 0.430921 0.684574 0.430921 0.687644 0.432018 0.686876 0.433114 0.686876 0.433114 0.686109 0.434211 0.685342 0.434211 0.683039
0 0.153509 0.678434 0.152412 0.679202 0.151316 0.679202 0.151316 0.679969 0.153509 0.679969 0.154605 0.679202 0.154605 0.678434
0 0.417763 0.674597 0.417763 0.675365 0.416667 0.676132 0.417763 0.676899 0.417763 0.677667 0.41886 0.678434 0.41886 0.679202 0.421053 0.680737 0.422149 0.680737 0.423246 0.681504 0.424342 0.681504 0.425439 0.682272 0.428728 0.682272 0.428728 0.681504 0.429825 0.680737 0.428728 0.679969 0.428728 0.677667 0.425439 0.675365 0.424342 0.675365 0.423246 0.674597
0 0.210526 0.653108 0.20943 0.653876 0.20943 0.654643 0.205044 0.657713 0.205044 0.660783 0.203947 0.66155 0.203947 0.66462 0.201754 0.666155 0.200658 0.666155 0.200658 0.66769 0.199561 0.668457 0.198465 0.66769 0.198465 0.669225 0.197368 0.669992 0.197368 0.67076 0.194079 0.673062 0.192982 0.673062 0.190789 0.674597 0.190789 0.675365 0.188596 0.676899 0.188596 0.677667 0.185307 0.679969 0.184211 0.679969 0.182018 0.681504 0.182018 0.682272 0.180921 0.683039 0.180921 0.686109 0.183114 0.687644 0.184211 0.687644 0.185307 0.688411 0.188596 0.688411 0.188596 0.686876 0.189693 0.686109 0.189693 0.685342 0.188596 0.684574 0.189693 0.683807 0.189693 0.683039 0.192982 0.680737 0.192982 0.679969 0.194079 0.679202 0.194079 0.678434 0.195175 0.677667 0.199561 0.677667 0.201754 0.676132 0.202851 0.676132 0.203947 0.675365 0.205044 0.675365 0.20943 0.672295 0.210526 0.672295 0.211623 0.671527 0.211623 0.669225 0.210526 0.668457 0.210526 0.666922 0.20943 0.666155 0.210526 0.665388 0.210526 0.66462 0.212719 0.663085 0.213816 0.663085 0.214912 0.662318 0.216009 0.662318 0.216009 0.66155 0.218202 0.660015 0.217105 0.659248 0.217105 0.657713 0.216009 0.656946 0.216009 0.656178 0.212719 0.653876 0.211623 0.653876
0 0.412281 0.652341 0.411184 0.653108 0.411184 0.65848 0.412281 0.659248 0.412281 0.663085 0.413377 0.662318 0.413377 0.66155 0.41557 0.660015 0.41557 0.659248 0.416667 0.65848 0.416667 0.656946 0.417763 0.656178 0.416667 0.655411 0.416667 0.653876 0.414474 0.652341
0 0.520833 0.650806 0.52193 0.651573 0.52193 0.650806
0 0.20943 0.639294 0.208333 0.640061 0.208333 0.642364 0.20943 0.643131 0.20943 0.643899 0.213816 0.643899 0.213816 0.641596 0.210526 0.639294
0 0.169956 0.626247 0.16886 0.627015 0.169956 0.627782
0 0.589912 0.624712 0.589912 0.62548 0.592105 0.62548 0.591009 0.624712
0 0.583333 0.61934 0.583333 0.620875 0.58443 0.621642 0.58443 0.620875 0.583333 0.620107
0 0.580044 0.613968 0.580044 0.614735 0.582237 0.61627 0.582237 0.617038 0.583333 0.617038 0.582237 0.61627 0.582237 0.615503 0.58114 0.614735 0.58114 0.613968
0 0.561404 0.6132 0.561404 0.613968 0.563596 0.613968 0.563596 0.6132
0 0.532895 0.609363 0.532895 0.611665 0.535088 0.6132 0.54057 0.6132 0.541667 0.612433 0.538377 0.61013 0.537281 0.61013 0.536184 0.609363
0 0.527412 0.602456 0.527412 0.603223 0.528509 0.603223 0.529605 0.602456
0 0.220395 0.584804 0.219298 0.585572 0.219298 0.587107 0.220395 0.587107 0.221491 0.586339 0.221491 0.585572
0 0.241228 0.578665 0.241228 0.5802 0.242325 0.580967 0.243421 0.580967 0.244518 0.581734 0.245614 0.581734 0.245614 0.5802 0.243421 0.578665
0 0.219298 0.57406 0.218202 0.574827 0.220395 0.574827
0 0.269737 0.571757 0.26864 0.572525 0.267544 0.572525 0.265351 0.57406 0.264254 0.57406 0.264254 0.574827 0.263158 0.575595 0.260965 0.575595 0.259868 0.576362 0.257675 0.576362 0.257675 0.57713 0.255482 0.578665 0.255482 0.579432 0.253289 0.580967 0.253289 0.581734 0.252193 0.582502 0.253289 0.582502 0.255482 0.580967 0.256579 0.580967 0.257675 0.5802 0.258772 0.5802 0.260965 0.578665 0.264254 0.578665 0.265351 0.577897 0.267544 0.577897 0.269737 0.576362 0.269737 0.575595 0.273026 0.573292 0.273026 0.571757
0 0.305921 0.561013 0.304825 0.561781 0.303728 0.561781 0.302632 0.562548 0.302632 0.563315 0.300439 0.56485 0.300439 0.566385 0.301535 0.566385 0.302632 0.567153 0.308114 0.567153 0.310307 0.565618 0.310307 0.562548 0.309211 0.561781 0.308114 0.561781 0.307018 0.561013
0 0.332237 0.547199 0.33114 0.547966 0.330044 0.547966 0.328947 0.548734 0.327851 0.548734 0.326754 0.549501 0.325658 0.549501 0.324561 0.550269 0.324561 0.551804 0.322368 0.553338 0.323465 0.553338 0.325658 0.554873 0.326754 0.554873 0.332237 0.558711 0.333333 0.558711 0.33443 0.559478 0.337719 0.559478 0.338816 0.560246 0.341009 0.560246 0.342105 0.561013 0.342105 0.561781 0.344298 0.561781 0.345395 0.562548 0.346491 0.562548 0.347588 0.563315 0.348684 0.563315 0.349781 0.564083 0.351974 0.564083 0.350877 0.563315 0.350877 0.561781 0.357456 0.557176 0.354167 0.554873 0.354167 0.553338 0.351974 0.551804 0.351974 0.551036 0.350877 0.550269 0.349781 0.550269 0.348684 0.549501 0.346491 0.549501 0.345395 0.548734 0.344298 0.548734 0.343202 0.547966 0.338816 0.547966 0.337719 0.547199 0.335526 0.547199 0.33443 0.547966 0.333333 0.547199
0 0.596491 0.540292 0.595395 0.541059 0.594298 0.541059 0.594298 0.542594 0.595395 0.542594 0.598684 0.544896 0.599781 0.544896 0.601974 0.546431 0.604167 0.546431 0.605263 0.547199 0.60636 0.547199 0.607456 0.547966 0.608553 0.547966 0.609649 0.547199 0.607456 0.545664 0.607456 0.544896 0.604167 0.542594 0.60307 0.542594 0.601974 0.541827 0.600877 0.541827 0.599781 0.541059 0.598684 0.541059 0.597588 0.540292
0 0.615132 0.512663 0.614035 0.513431 0.612939 0.513431 0.612939 0.514198 0.611842 0.514965 0.611842 0.5165 0.612939 0.517268 0.612939 0.518035 0.614035 0.518803 0.615132 0.518803 0.616228 0.51957 0.618421 0.51957 0.621711 0.517268 0.621711 0.514965 0.618421 0.512663
0 0.197368 0.508826 0.196272 0.509593 0.195175 0.509593 0.195175 0.510361 0.196272 0.511128 0.197368 0.510361 0.199561 0.510361 0.199561 0.509593 0.198465 0.508826
0 0.614035 0.490407 0.614035 0.491174 0.615132 0.491174 0.615132 0.490407
0 0.598684 0.484267 0.596491 0.485802 0.596491 0.487337 0.598684 0.488872 0.599781 0.488872 0.600877 0.489639 0.60307 0.489639 0.604167 0.490407 0.60636 0.488872 0.60636 0.487337 0.605263 0.486569 0.605263 0.485802 0.60307 0.484267
0 0.337719 0.479662 0.337719 0.48043 0.338816 0.481197 0.338816 0.479662
0 0.332237 0.47122 0.332237 0.472755 0.333333 0.471988
0 0.325658 0.469685 0.324561 0.470453 0.325658 0.47122 0.327851 0.47122 0.327851 0.470453 0.326754 0.469685
0 0.304825 0.438219 0.300439 0.441289 0.299342 0.441289 0.297149 0.442824 0.297149 0.443592 0.296053 0.444359 0.296053 0.445894 0.297149 0.446662 0.297149 0.447429 0.298246 0.447429 0.299342 0.446662 0.301535 0.446662 0.302632 0.445894 0.311404 0.445894 0.3125 0.445127 0.325658 0.445127 0.326754 0.444359 0.327851 0.444359 0.328947 0.443592 0.328947 0.442824 0.330044 0.442057 0.33114 0.442057 0.33114 0.439754 0.330044 0.438987 0.327851 0.440522 0.325658 0.440522 0.324561 0.439754 0.323465 0.439754 0.322368 0.438987 0.321272 0.438987 0.320175 0.439754 0.319079 0.439754 0.317982 0.438987 0.313596 0.438987 0.3125 0.438219
0 0.60636 0.437452 0.607456 0.438219 0.609649 0.438219 0.609649 0.437452
0 0.679825 0.432847 0.678728 0.433615 0.680921 0.43515 0.680921 0.434382 0.679825 0.433615
0 0.558114 0.42901 0.557018 0.429777 0.557018 0.430545 0.555921 0.431312 0.555921 0.437452 0.558114 0.438987 0.561404 0.438987 0.5625 0.438219 0.563596 0.438219 0.565789 0.436685 0.565789 0.435917 0.566886 0.43515 0.566886 0.43208 0.565789 0.431312 0.565789 0.430545 0.563596 0.42901
0 0.697368 0.42287 0.697368 0.423638 0.698465 0.423638 0.699561 0.424405 0.699561 0.423638 0.698465 0.42287
0 0.445175 0.422103 0.444079 0.42287 0.438596 0.42287 0.4375 0.423638 0.433114 0.423638 0.430921 0.425173 0.429825 0.425173 0.424342 0.42901 0.424342 0.429777 0.421053 0.43208 0.421053 0.432847 0.41886 0.434382 0.41886 0.43515 0.417763 0.435917 0.417763 0.436685 0.416667 0.437452 0.416667 0.438219 0.41557 0.438987 0.41557 0.441289 0.414474 0.442057 0.414474 0.446662 0.41557 0.447429 0.41557 0.448196 0.417763 0.449731 0.41886 0.449731 0.419956 0.448964 0.422149 0.448964 0.422149 0.448196 0.423246 0.447429 0.423246 0.445894 0.425439 0.444359 0.425439 0.442824 0.426535 0.442057 0.426535 0.441289 0.435307 0.43515 0.435307 0.434382 0.436404 0.433615 0.436404 0.432847 0.4375 0.43208 0.4375 0.431312 0.438596 0.430545 0.4375 0.429777 0.438596 0.42901 0.439693 0.42901 0.441886 0.427475 0.441886 0.42594 0.442982 0.425173 0.442982 0.424405 0.444079 0.423638 0.444079 0.42287
0 0.428728 0.414428 0.427632 0.415196 0.427632 0.417498 0.429825 0.419033 0.432018 0.419033 0.432018 0.415196 0.430921 0.415196 0.429825 0.414428
0 0.326754 0.414428 0.324561 0.415963 0.324561 0.416731 0.323465 0.417498 0.323465 0.419033 0.324561 0.4198 0.324561 0.421335 0.325658 0.422103 0.33114 0.422103 0.333333 0.420568 0.333333 0.418266 0.332237 0.417498 0.332237 0.416731 0.328947 0.414428
0 0.212719 0.400614 0.212719 0.401381 0.213816 0.401381 0.213816 0.400614
0 0.729167 0.396009 0.729167 0.396777 0.73136 0.396777 0.73136 0.396009
0 0.604167 0.38987 0.60307 0.390637 0.60307 0.391404 0.607456 0.391404 0.607456 0.38987
0 0.264254 0.38373 0.264254 0.384497 0.265351 0.384497 0.266447 0.38373
0 0.595395 0.382195 0.594298 0.382962 0.593202 0.382962 0.588816 0.386032 0.588816 0.3868 0.587719 0.387567 0.588816 0.388335 0.591009 0.388335 0.594298 0.386032 0.595395 0.386032 0.595395 0.385265 0.596491 0.384497 0.595395 0.38373
0 0.572368 0.363008 0.572368 0.363776 0.571272 0.364543 0.571272 0.365311 0.570175 0.366078 0.570175 0.366846 0.571272 0.366078 0.571272 0.365311 0.572368 0.364543
0 0.537281 0.353799 0.535088 0.355334 0.530702 0.355334 0.528509 0.356869 0.528509 0.357636 0.527412 0.358404 0.526316 0.358404 0.525219 0.359171 0.524123 0.359171 0.524123 0.359939 0.523026 0.360706 0.523026 0.362241 0.524123 0.363008 0.523026 0.363776 0.523026 0.366846 0.52193 0.367613 0.52193 0.368381 0.520833 0.369148 0.520833 0.369916 0.519737 0.370683 0.51864 0.370683 0.516447 0.372218 0.514254 0.372218 0.513158 0.37145 0.510965 0.37145 0.509868 0.370683 0.508772 0.370683 0.507675 0.369916 0.506579 0.369916 0.505482 0.370683 0.504386 0.370683 0.503289 0.37145 0.495614 0.37145 0.494518 0.372218 0.490132 0.372218 0.489035 0.372985 0.487939 0.372218 0.486842 0.372985 0.470395 0.372985 0.469298 0.372218 0.468202 0.372218 0.468202 0.372985 0.466009 0.37452 0.464912 0.37452 0.45943 0.378358 0.45943 0.379125 0.457237 0.38066 0.457237 0.381427 0.45614 0.382195 0.455044 0.382195 0.455044 0.386032 0.453947 0.3868 0.453947 0.391404 0.452851 0.392172 0.452851 0.398312 0.453947 0.399079 0.455044 0.399079 0.45614 0.399847 0.457237 0.399847 0.458333 0.399079 0.45943 0.399079 0.460526 0.398312 0.45943 0.397544 0.45943 0.396009 0.461623 0.394474 0.461623 0.393707 0.462719 0.392939 0.464912 0.392939 0.466009 0.392172 0.467105 0.392172 0.470395 0.38987 0.470395 0.389102 0.471491 0.388335 0.470395 0.387567 0.470395 0.3868 0.468202 0.385265 0.468202 0.384497 0.467105 0.38373 0.467105 0.382962 0.468202 0.382195 0.468202 0.381427 0.470395 0.379893 0.474781 0.379893 0.475877 0.38066 0.476974 0.38066 0.48136 0.38373 0.487939 0.38373 0.489035 0.382962 0.490132 0.38373 0.492325 0.38373 0.493421 0.382962 0.496711 0.382962 0.497807 0.382195 0.498904 0.382195 0.5 0.381427 0.501096 0.381427 0.502193 0.38066 0.506579 0.38066 0.507675 0.379893 0.509868 0.379893 0.510965 0.379125 0.516447 0.379125 0.517544 0.378358 0.519737 0.378358 0.520833 0.37759 0.520833 0.376823 0.52193 0.376055 0.523026 0.376055 0.525219 0.37452 0.528509 0.37452 0.528509 0.372218 0.529605 0.37145 0.529605 0.370683 0.531798 0.369148 0.531798 0.368381 0.532895 0.367613 0.532895 0.366078 0.533991 0.365311 0.533991 0.359939 0.536184 0.358404 0.536184 0.356869 0.538377 0.355334 0.538377 0.353799
0 0.247807 0.353031 0.247807 0.355334 0.248904 0.356101 0.25 0.355334 0.25 0.354566 0.248904 0.353799 0.248904 0.353031
0 0.688596 0.351497 0.688596 0.353031 0.689693 0.353799 0.688596 0.354566 0.688596 0.356869 0.689693 0.357636 0.690789 0.356869 0.691886 0.356869 0.691886 0.356101 0.692982 0.355334 0.692982 0.353799 0.694079 0.353031 0.694079 0.352264 0.692982 0.351497
0 0.678728 0.346124 0.678728 0.346892 0.679825 0.346892 0.679825 0.346124
0 0.332237 0.346124 0.33114 0.346892 0.33114 0.348427 0.330044 0.349194 0.330044 0.349962 0.333333 0.352264 0.33443 0.352264 0.336623 0.350729 0.336623 0.349962 0.337719 0.349194 0.337719 0.347659 0.335526 0.346124
0 0.404605 0.34152 0.404605 0.351497 0.403509 0.352264 0.403509 0.353799 0.404605 0.354566 0.404605 0.355334 0.406798 0.356869 0.406798 0.357636 0.407895 0.357636 0.408991 0.358404 0.412281 0.358404 0.416667 0.355334 0.417763 0.355334 0.41886 0.354566 0.41886 0.353799 0.419956 0.353031 0.419956 0.347659 0.41886 0.346892 0.41886 0.346124 0.41557 0.343822 0.414474 0.343822 0.413377 0.343054 0.412281 0.343054 0.411184 0.342287 0.407895 0.342287 0.406798 0.34152
0 0.553728 0.339985 0.553728 0.340752 0.552632 0.34152 0.552632 0.343822 0.551535 0.344589 0.551535 0.349194 0.552632 0.349962 0.551535 0.350729 0.552632 0.351497 0.552632 0.352264 0.553728 0.353031 0.553728 0.353799 0.558114 0.353799 0.5625 0.350729 0.5625 0.349962 0.563596 0.349194 0.563596 0.346124 0.564693 0.345357 0.564693 0.343822 0.563596 0.343054 0.563596 0.342287 0.5625 0.342287 0.560307 0.340752 0.559211 0.340752 0.558114 0.339985
0 0.392544 0.333845 0.390351 0.33538 0.389254 0.33538 0.388158 0.336147 0.387061 0.336147 0.388158 0.336147 0.389254 0.336915 0.390351 0.336915 0.391447 0.337682 0.392544 0.337682 0.392544 0.336915 0.39364 0.336147 0.39364 0.333845
0 0.384868 0.330008 0.383772 0.330775 0.383772 0.33231 0.384868 0.333078 0.384868 0.333845 0.385965 0.334612 0.385965 0.330775
0 0.563596 0.327705 0.560307 0.330008 0.560307 0.33231 0.5625 0.333845 0.563596 0.333845 0.565789 0.33231 0.565789 0.328473 0.564693 0.328473
0 0.381579 0.32617 0.380482 0.326938 0.380482 0.327705 0.379386 0.328473 0.379386 0.330775 0.379386 0.330008 0.380482 0.32924 0.380482 0.328473 0.381579 0.327705
0 0.266447 0.316193 0.265351 0.316961 0.266447 0.316961 0.267544 0.317728 0.26864 0.316961 0.267544 0.316193
0 0.650219 0.310821 0.649123 0.311589 0.648026 0.311589 0.648026 0.313124 0.649123 0.312356 0.650219 0.312356 0.651316 0.311589 0.651316 0.310821
0 0.3125 0.306216 0.310307 0.307751 0.309211 0.307751 0.304825 0.310821 0.303728 0.310821 0.302632 0.311589 0.300439 0.311589 0.299342 0.312356 0.29386 0.312356 0.292763 0.311589 0.29386 0.310821 0.296053 0.310821 0.296053 0.307751 0.294956 0.308519 0.294956 0.309286 0.29386 0.310054 0.291667 0.310054 0.29057 0.309286 0.29057 0.310821 0.29386 0.313124 0.297149 0.313124 0.298246 0.313891 0.304825 0.313891 0.305921 0.313124 0.308114 0.313124 0.308114 0.312356 0.309211 0.311589 0.310307 0.311589 0.310307 0.310821 0.313596 0.308519 0.313596 0.307751 0.314693 0.306984 0.314693 0.306216
0 0.252193 0.301612 0.252193 0.302379 0.253289 0.303147 0.253289 0.301612
0 0.316886 0.298542 0.316886 0.300077 0.317982 0.300844 0.317982 0.299309
0 0.734649 0.292402 0.733553 0.29317 0.733553 0.293937 0.735746 0.293937 0.736842 0.29317 0.736842 0.292402
0 0.684211 0.286262 0.684211 0.28703 0.685307 0.287797 0.685307 0.289332 0.686404 0.2901 0.689693 0.2901 0.688596 0.289332 0.688596 0.287797 0.6875 0.28703 0.685307 0.28703
0 0.343202 0.254797 0.346491 0.257099 0.346491 0.257866 0.346491 0.256332 0.344298 0.254797
0 0.757675 0.246355 0.757675 0.247122 0.758772 0.247122
0 0.722588 0.23868 0.721491 0.239447 0.720395 0.239447 0.724781 0.239447 0.724781 0.23868
0 0.453947 0.234075 0.452851 0.234843 0.452851 0.23561 0.451754 0.236378 0.451754 0.237145 0.448465 0.239447 0.448465 0.240215 0.447368 0.240982 0.447368 0.244052 0.446272 0.24482 0.446272 0.246355 0.445175 0.247122 0.445175 0.248657 0.446272 0.249424 0.446272 0.251727 0.447368 0.252494 0.447368 0.253262 0.448465 0.254029 0.455044 0.254029 0.45614 0.253262 0.458333 0.253262 0.45943 0.252494 0.460526 0.252494 0.461623 0.251727 0.462719 0.251727 0.464912 0.250192 0.464912 0.249424 0.467105 0.247889 0.467105 0.246355 0.466009 0.245587 0.466009 0.244052 0.467105 0.243285 0.467105 0.242517 0.466009 0.24175 0.467105 0.240982 0.467105 0.239447 0.466009 0.239447 0.461623 0.236378 0.460526 0.236378 0.458333 0.234843 0.457237 0.234843 0.45614 0.234075
0 0.405702 0.231773 0.405702 0.23254 0.406798 0.23254 0.406798 0.231773
0 0.662281 0.163469 0.661184 0.164236 0.660088 0.164236 0.658991 0.165004 0.657895 0.165004 0.656798 0.165771 0.656798 0.168841 0.657895 0.168841 0.661184 0.166539 0.662281 0.166539 0.663377 0.165771 0.664474 0.165771 0.666667 0.164236 0.66557 0.163469
0 0.435307 0.15119 0.435307 0.157329 0.436404 0.156562 0.436404 0.152724 0.435307 0.151957
0 0.515351 0.14812 0.513158 0.149655 0.513158 0.154259 0.514254 0.154259 0.517544 0.151957 0.517544 0.148887 0.516447 0.14812
0 0.429825 0.135073 0.428728 0.13584 0.428728 0.137375 0.429825 0.138143 0.429825 0.14198 0.430921 0.142748 0.430921 0.144282 0.432018 0.14505 0.432018 0.146585 0.432018 0.143515 0.430921 0.142748 0.430921 0.140445 0.429825 0.139678 0.429825 0.136608 0.430921 0.13584
0 0.529605 0.126631 0.528509 0.127398 0.529605 0.128166 0.530702 0.127398
0 0.639254 0.0752111 0.639254 0.0759785 0.640351 0.0759785 0.640351 0.0752111
