0 0.253289 0.852648 0.253289 0.855718 0.252193 0.856485 0.252193 0.860322 0.253289 0.860322 0.253289 0.853415 0.254386 0.852648
0 0.256579 0.832694 0.256579 0.834229 0.257675 0.834996 0.257675 0.835764 0.256579 0.836531 0.256579 0.839601 0.256579 0.838066 0.257675 0.837299 0.257675 0.833461
0 0.266447 0.818112 0.266447 0.81888 0.26864 0.81888 0.267544 0.818112
0 0.258772 0.814275 0.257675 0.815042 0.257675 0.81581 0.259868 0.81581 0.260965 0.815042 0.259868 0.814275
0 0.376096 0.798926 0.375 0.799693 0.376096 0.799693 0.378289 0.801228 0.379386 0.801228 0.377193 0.799693 0.377193 0.798926
0 0.343202 0.781274 0.343202 0.782041 0.341009 0.783576 0.341009 0.785879 0.342105 0.786646 0.343202 0.786646 0.344298 0.787414 0.346491 0.787414 0.348684 0.785879 0.348684 0.784344 0.347588 0.783576 0.347588 0.782809 0.345395 0.781274
0 0.398026 0.77053 0.398026 0.771297 0.399123 0.772064 0.400219 0.772064 0.403509 0.774367 0.405702 0.774367 0.404605 0.774367 0.399123 0.77053
0 0.223684 0.768995 0.223684 0.769762 0.224781 0.77053 0.224781 0.768995
0 0.384868 0.76439 0.384868 0.765157 0.385965 0.765925 0.385965 0.76439
0 0.183114 0.76439 0.183114 0.765157 0.184211 0.765157 0.184211 0.76439
0 0.176535 0.75518 0.177632 0.755948 0.177632 0.75518
0 0.167763 0.741366 0.166667 0.742134 0.167763 0.742134
0 0.179825 0.737529 0.179825 0.738296 0.180921 0.738296 0.180921 0.737529
0 0.186404 0.724482 0.185307 0.725249 0.185307 0.726017 0.186404 0.726784 0.1875 0.726784 0.188596 0.726017
0 0.172149 0.693784 0.169956 0.695318 0.169956 0.696086 0.16886 0.696853 0.16886 0.698388 0.167763 0.699156 0.167763 0.700691 0.16886 0.700691 0.16886 0.699923 0.171053 0.698388 0.171053 0.695318 0.172149 0.694551
0 0.180921 0.683807 0.179825 0.684574 0.179825 0.685342 0.178728 0.686109 0.180921 0.687644 0.183114 0.687644 0.185307 0.686109 0.184211 0.685342 0.184211 0.684574 0.183114 0.683807
0 0.424342 0.679202 0.423246 0.679969 0.422149 0.679969 0.422149 0.680737 0.421053 0.681504 0.421053 0.683807 0.419956 0.684574 0.41886 0.684574 0.416667 0.686109 0.41557 0.686109 0.414474 0.686876 0.414474 0.687644 0.413377 0.688411 0.408991 0.688411 0.407895 0.689179 0.406798 0.689179 0.405702 0.688411 0.404605 0.688411 0.403509 0.689179 0.399123 0.689179 0.39693 0.690714 0.39693 0.691481 0.395833 0.692249 0.395833 0.693016 0.394737 0.693784 0.394737 0.699923 0.39364 0.700691 0.39364 0.701458 0.392544 0.702226 0.392544 0.702993 0.391447 0.703761 0.391447 0.704528 0.389254 0.706063 0.389254 0.70683 0.388158 0.707598 0.388158 0.708365 0.387061 0.709133 0.387061 0.7099 0.384868 0.711435 0.383772 0.711435 0.383772 0.714505 0.387061 0.716807 0.389254 0.716807 0.390351 0.71604 0.390351 0.714505 0.391447 0.713738 0.392544 0.713738 0.394737 0.712203 0.395833 0.712203 0.395833 0.710668 0.401316 0.70683 0.401316 0.706063 0.400219 0.705295 0.400219 0.704528 0.401316 0.703761 0.401316 0.702226 0.402412 0.701458 0.403509 0.701458 0.404605 0.700691 0.405702 0.701458 0.407895 0.701458 0.410088 0.699923 0.411184 0.699923 0.416667 0.696086 0.416667 0.695318 0.417763 0.694551 0.41886 0.694551 0.421053 0.693016 0.422149 0.693784 0.423246 0.693016 0.424342 0.693016 0.426535 0.691481 0.426535 0.689946 0.425439 0.689179 0.425439 0.688411 0.426535 0.687644 0.426535 0.686876 0.427632 0.686109 0.427632 0.683039 0.428728 0.682272 0.428728 0.681504 0.427632 0.680737 0.427632 0.679969 0.426535 0.679969 0.425439 0.679202
0 0.512061 0.678434 0.512061 0.679202 0.513158 0.679969 0.514254 0.679969 0.513158 0.679202 0.513158 0.678434
0 0.411184 0.655411 0.411184 0.656946 0.410088 0.657713 0.410088 0.66155 0.411184 0.662318 0.411184 0.663853 0.412281 0.663853 0.414474 0.665388 0.41557 0.665388 0.41557 0.663085 0.416667 0.662318 0.416667 0.65848 0.41557 0.657713 0.41557 0.656946 0.414474 0.656178 0.414474 0.655411
0 0.524123 0.650806 0.523026 0.651573 0.524123 0.652341 0.525219 0.652341 0.525219 0.651573
0 0.217105 0.643131 0.216009 0.643899 0.214912 0.643899 0.213816 0.644666 0.213816 0.645434 0.212719 0.646201 0.212719 0.647736 0.211623 0.648503 0.211623 0.655411 0.210526 0.656178 0.210526 0.657713 0.20943 0.65848 0.20943 0.659248 0.207237 0.660783 0.207237 0.66155 0.20614 0.662318 0.20614 0.666155 0.207237 0.666922 0.207237 0.668457 0.210526 0.668457 0.211623 0.66769 0.211623 0.665388 0.218202 0.660783 0.218202 0.660015 0.219298 0.659248 0.219298 0.657713 0.220395 0.656946 0.220395 0.655411 0.223684 0.653108 0.223684 0.650806 0.224781 0.650038 0.224781 0.649271 0.223684 0.648503 0.223684 0.646201 0.220395 0.643899 0.219298 0.643899 0.218202 0.643131
0 0.20614 0.637759 0.20614 0.640061 0.207237 0.640829 0.208333 0.640829 0.20943 0.640061 0.208333 0.639294 0.208333 0.638526 0.207237 0.637759
0 0.199561 0.627782 0.198465 0.62855 0.200658 0.630084 0.200658 0.630852 0.201754 0.630852 0.202851 0.631619 0.203947 0.631619 0.203947 0.630084 0.200658 0.627782
0 0.14693 0.62241 0.145833 0.623177 0.148026 0.623177 0.148026 0.62241
0 0.174342 0.620107 0.174342 0.620875 0.173246 0.621642 0.173246 0.623945 0.174342 0.624712 0.174342 0.626247 0.175439 0.626247 0.175439 0.62241 0.174342 0.621642
0 0.190789 0.618573 0.190789 0.620875 0.191886 0.621642 0.192982 0.620875 0.192982 0.620107
0 0.166667 0.617038 0.16557 0.617805 0.164474 0.617805 0.164474 0.618573 0.16557 0.618573 0.166667 0.617805 0.167763 0.617805 0.167763 0.617038
0 0.526316 0.603223 0.524123 0.604758 0.524123 0.607061 0.525219 0.607061 0.527412 0.608596 0.528509 0.608596 0.528509 0.603991 0.527412 0.603223
0 0.232456 0.578665 0.23136 0.579432 0.23136 0.5802 0.232456 0.580967 0.234649 0.579432 0.234649 0.578665
0 0.310307 0.557943 0.308114 0.559478 0.308114 0.560246 0.307018 0.561013 0.307018 0.563315 0.308114 0.564083 0.308114 0.56485 0.309211 0.565618 0.3125 0.565618 0.314693 0.564083 0.314693 0.561013 0.313596 0.560246 0.313596 0.559478 0.311404 0.557943
0 0.342105 0.547199 0.341009 0.547966 0.335526 0.547966 0.33443 0.548734 0.332237 0.548734 0.33114 0.549501 0.330044 0.549501 0.330044 0.550269 0.327851 0.551804 0.327851 0.552571 0.326754 0.553338 0.327851 0.553338 0.328947 0.554106 0.330044 0.554106 0.335526 0.557943 0.335526 0.558711 0.345395 0.558711 0.346491 0.559478 0.347588 0.559478 0.351974 0.562548 0.351974 0.563315 0.35307 0.564083 0.35307 0.566385 0.354167 0.567153 0.354167 0.565618 0.355263 0.56485 0.355263 0.564083 0.35636 0.563315 0.35636 0.562548 0.359649 0.560246 0.359649 0.555641 0.358553 0.554873 0.358553 0.553338 0.357456 0.552571 0.357456 0.551804 0.35636 0.551804 0.355263 0.551036 0.354167 0.551036 0.350877 0.548734 0.346491 0.548734 0.345395 0.547966 0.343202 0.547966
0 0.309211 0.547199 0.308114 0.547966 0.308114 0.548734 0.304825 0.551036 0.302632 0.551036 0.301535 0.550269 0.300439 0.550269 0.299342 0.549501 0.299342 0.550269 0.300439 0.551036 0.304825 0.551036 0.305921 0.550269 0.307018 0.550269 0.309211 0.548734
0 0.60636 0.533384 0.60636 0.534919 0.605263 0.535687 0.605263 0.539524 0.60636 0.540292 0.60636 0.541827 0.607456 0.542594 0.607456 0.543361 0.608553 0.544129 0.608553 0.544896 0.609649 0.545664 0.609649 0.548734 0.610746 0.549501 0.612939 0.549501 0.614035 0.548734 0.614035 0.542594 0.612939 0.541827 0.612939 0.541059 0.611842 0.540292 0.611842 0.536454 0.610746 0.535687 0.610746 0.534919 0.608553 0.533384
0 0.614035 0.514965 0.612939 0.515733 0.611842 0.515733 0.611842 0.520338 0.615132 0.52264 0.619518 0.52264 0.621711 0.521105 0.621711 0.518035 0.620614 0.517268 0.620614 0.5165 0.619518 0.515733 0.618421 0.515733 0.617325 0.514965
0 0.362939 0.509593 0.362939 0.510361 0.361842 0.511128 0.361842 0.514965 0.364035 0.513431 0.364035 0.512663 0.362939 0.512663 0.361842 0.511896 0.362939 0.511128 0.364035 0.511128 0.365132 0.510361 0.364035 0.509593
0 0.208333 0.504988 0.20614 0.506523 0.20614 0.508058 0.208333 0.508058 0.208333 0.507291 0.210526 0.505756 0.210526 0.504988
0 0.358553 0.504221 0.358553 0.504988 0.359649 0.504988 0.359649 0.504221
0 0.666667 0.502686 0.667763 0.503454 0.669956 0.503454 0.671053 0.504221 0.675439 0.504221 0.674342 0.503454 0.669956 0.503454 0.66886 0.502686
0 0.360746 0.495012 0.359649 0.495779 0.360746 0.496546 0.362939 0.496546 0.362939 0.495779 0.361842 0.495012
0 0.616228 0.492709 0.617325 0.493477 0.617325 0.492709
0 0.599781 0.485802 0.597588 0.487337 0.597588 0.489639 0.600877 0.491942 0.600877 0.492709 0.60307 0.492709 0.604167 0.491942 0.60636 0.491942 0.60636 0.491174 0.607456 0.490407 0.607456 0.487337 0.60636 0.486569 0.605263 0.486569 0.604167 0.485802
0 0.320175 0.468918 0.317982 0.470453 0.317982 0.47122 0.321272 0.47122 0.321272 0.469685
0 0.362939 0.461243 0.362939 0.462011 0.364035 0.462011 0.365132 0.461243
0 0.167763 0.455871 0.166667 0.456639 0.167763 0.457406
0 0.677632 0.452034 0.677632 0.452801 0.678728 0.452801
0 0.298246 0.452034 0.296053 0.453569 0.294956 0.453569 0.29386 0.454336 0.292763 0.454336 0.292763 0.455871 0.291667 0.456639 0.291667 0.458941 0.29057 0.459708 0.289474 0.459708 0.288377 0.458941 0.286184 0.458941 0.285088 0.459708 0.283991 0.459708 0.282895 0.460476 0.281798 0.460476 0.280702 0.461243 0.279605 0.461243 0.277412 0.462778 0.277412 0.463546 0.276316 0.464313 0.276316 0.465081 0.274123 0.466616 0.26864 0.466616 0.267544 0.467383 0.266447 0.467383 0.265351 0.46815 0.264254 0.46815 0.260965 0.470453 0.259868 0.470453 0.257675 0.471988 0.257675 0.472755 0.256579 0.473523 0.256579 0.475058 0.258772 0.476592 0.262061 0.476592 0.263158 0.475825 0.264254 0.475825 0.265351 0.475058 0.266447 0.475058 0.266447 0.47429 0.267544 0.473523 0.267544 0.472755 0.269737 0.47122 0.273026 0.47122 0.274123 0.470453 0.275219 0.470453 0.276316 0.469685 0.277412 0.469685 0.280702 0.467383 0.280702 0.466616 0.281798 0.465848 0.280702 0.465081 0.283991 0.462778 0.288377 0.462778 0.288377 0.462011 0.289474 0.461243 0.292763 0.461243 0.296053 0.458941 0.297149 0.458941 0.300439 0.456639 0.300439 0.453569 0.299342 0.452801 0.299342 0.452034
0 0.357456 0.439754 0.35636 0.440522 0.357456 0.440522
0 0.596491 0.433615 0.596491 0.434382 0.597588 0.43515 0.598684 0.43515
0 0.558114 0.432847 0.557018 0.433615 0.555921 0.433615 0.555921 0.434382 0.554825 0.43515 0.554825 0.435917 0.553728 0.436685 0.553728 0.438219 0.552632 0.438987 0.552632 0.442057 0.551535 0.442824 0.551535 0.445127 0.553728 0.446662 0.557018 0.446662 0.558114 0.445894 0.560307 0.445894 0.564693 0.442824 0.564693 0.440522 0.565789 0.439754 0.565789 0.43515 0.564693 0.434382 0.564693 0.433615 0.563596 0.433615 0.5625 0.432847
0 0.672149 0.431312 0.672149 0.43208 0.673246 0.432847 0.674342 0.432847 0.674342 0.43208 0.673246 0.431312
0 0.436404 0.429777 0.435307 0.430545 0.433114 0.430545 0.432018 0.431312 0.430921 0.431312 0.429825 0.43208 0.429825 0.432847 0.428728 0.433615 0.427632 0.433615 0.425439 0.43515 0.425439 0.435917 0.423246 0.437452 0.423246 0.438219 0.421053 0.439754 0.421053 0.440522 0.417763 0.442824 0.417763 0.443592 0.41557 0.445127 0.41557 0.446662 0.414474 0.447429 0.414474 0.448196 0.413377 0.448964 0.413377 0.454336 0.416667 0.456639 0.422149 0.456639 0.425439 0.454336 0.425439 0.453569 0.427632 0.452034 0.427632 0.450499 0.428728 0.449731 0.428728 0.448196 0.430921 0.446662 0.430921 0.445894 0.433114 0.444359 0.433114 0.443592 0.436404 0.441289 0.436404 0.440522 0.4375 0.439754 0.4375 0.438987 0.439693 0.437452 0.439693 0.433615 0.440789 0.432847 0.440789 0.429777
0 0.200658 0.423638 0.200658 0.424405 0.201754 0.425173 0.201754 0.426708 0.202851 0.426708 0.203947 0.427475 0.205044 0.427475 0.205044 0.426708
0 0.694079 0.42287 0.692982 0.423638 0.692982 0.424405 0.694079 0.424405 0.695175 0.425173 0.696272 0.424405 0.696272 0.423638 0.695175 0.42287
0 0.332237 0.4198 0.33114 0.420568 0.33114 0.42287 0.330044 0.423638 0.330044 0.426708 0.33114 0.427475 0.33114 0.428243 0.332237 0.42901 0.332237 0.429777 0.33114 0.430545 0.33114 0.433615 0.330044 0.434382 0.330044 0.43515 0.328947 0.435917 0.328947 0.438219 0.327851 0.438987 0.328947 0.439754 0.328947 0.440522 0.327851 0.441289 0.327851 0.442057 0.330044 0.442057 0.33114 0.441289 0.333333 0.441289 0.337719 0.438219 0.337719 0.437452 0.338816 0.436685 0.338816 0.43515 0.339912 0.434382 0.339912 0.433615 0.341009 0.432847 0.341009 0.43208 0.342105 0.431312 0.342105 0.430545 0.343202 0.429777 0.343202 0.425173 0.342105 0.424405 0.342105 0.423638 0.338816 0.421335 0.337719 0.421335 0.336623 0.420568 0.335526 0.420568 0.33443 0.4198
0 0.430921 0.419033 0.429825 0.4198 0.429825 0.42287 0.432018 0.424405 0.434211 0.42287 0.434211 0.422103 0.433114 0.421335 0.433114 0.4198 0.432018 0.4198
0 0.367325 0.406754 0.366228 0.407521 0.367325 0.408289 0.368421 0.407521
0 0.748904 0.405986 0.747807 0.406754 0.748904 0.406754
0 0.213816 0.403684 0.212719 0.404451 0.213816 0.405219 0.214912 0.405219 0.214912 0.404451
0 0.714912 0.397544 0.714912 0.398312 0.718202 0.398312 0.717105 0.398312 0.716009 0.397544
0 0.58114 0.397544 0.583333 0.399079 0.585526 0.399079 0.586623 0.399847 0.591009 0.399847 0.592105 0.399079 0.592105 0.397544
0 0.572368 0.396777 0.571272 0.397544 0.570175 0.397544 0.567982 0.399079 0.569079 0.399847 0.573465 0.399847 0.576754 0.397544 0.576754 0.396777
0 0.638158 0.393707 0.639254 0.394474 0.640351 0.393707
0 0.60636 0.392939 0.605263 0.393707 0.605263 0.394474 0.60636 0.395242 0.608553 0.395242 0.609649 0.394474 0.609649 0.393707 0.608553 0.392939
0 0.58443 0.38987 0.58114 0.392172 0.583333 0.393707 0.58443 0.392939 0.585526 0.392939 0.586623 0.392172 0.586623 0.391404 0.587719 0.390637 0.586623 0.38987
0 0.230263 0.388335 0.23136 0.389102 0.23136 0.388335
0 0.264254 0.38373 0.264254 0.384497 0.265351 0.384497 0.265351 0.38373
0 0.6875 0.38066 0.6875 0.381427 0.688596 0.381427 0.688596 0.38066
0 0.569079 0.37452 0.569079 0.376055 0.570175 0.376823 0.571272 0.376823 0.570175 0.376055 0.570175 0.37452
0 0.256579 0.368381 0.255482 0.369148 0.255482 0.369916 0.254386 0.370683 0.256579 0.370683 0.257675 0.369916 0.257675 0.368381
0 0.683114 0.354566 0.683114 0.357636 0.685307 0.359171 0.686404 0.358404 0.686404 0.357636 0.6875 0.356869 0.686404 0.356101 0.686404 0.355334 0.685307 0.355334 0.684211 0.354566
0 0.226974 0.351497 0.225877 0.352264 0.226974 0.353031
0 0.537281 0.349194 0.536184 0.349962 0.536184 0.352264 0.535088 0.353031 0.535088 0.355334 0.533991 0.356101 0.533991 0.357636 0.526316 0.363008 0.524123 0.363008 0.523026 0.363776 0.520833 0.363776 0.519737 0.364543 0.519737 0.366078 0.52193 0.367613 0.52193 0.368381 0.523026 0.369148 0.523026 0.372985 0.52193 0.373753 0.52193 0.37452 0.517544 0.37759 0.512061 0.37759 0.510965 0.376823 0.509868 0.376823 0.506579 0.379125 0.505482 0.379125 0.504386 0.379893 0.503289 0.379125 0.502193 0.379125 0.501096 0.378358 0.5 0.378358 0.498904 0.37759 0.498904 0.376823 0.497807 0.376823 0.494518 0.379125 0.492325 0.379125 0.491228 0.378358 0.490132 0.378358 0.489035 0.379125 0.487939 0.379125 0.486842 0.379893 0.484649 0.379893 0.482456 0.378358 0.479167 0.378358 0.47807 0.37759 0.475877 0.37759 0.474781 0.376823 0.474781 0.376055 0.473684 0.376055 0.472588 0.376823 0.467105 0.376823 0.466009 0.37759 0.463816 0.37759 0.458333 0.381427 0.458333 0.382195 0.457237 0.382962 0.457237 0.38373 0.45614 0.384497 0.45614 0.385265 0.453947 0.3868 0.453947 0.387567 0.452851 0.388335 0.452851 0.389102 0.451754 0.38987 0.451754 0.392172 0.450658 0.392939 0.450658 0.394474 0.451754 0.395242 0.451754 0.399079 0.450658 0.399847 0.450658 0.400614 0.451754 0.400614 0.452851 0.401381 0.452851 0.402149 0.451754 0.402916 0.451754 0.403684 0.452851 0.404451 0.452851 0.409056 0.453947 0.409823 0.453947 0.415196 0.452851 0.415963 0.453947 0.416731 0.453947 0.417498 0.455044 0.418266 0.455044 0.421335 0.45614 0.422103 0.455044 0.42287 0.45614 0.42287 0.45614 0.420568 0.457237 0.4198 0.457237 0.419033 0.458333 0.418266 0.458333 0.417498 0.461623 0.415196 0.461623 0.412893 0.462719 0.412126 0.462719 0.411358 0.464912 0.409823 0.464912 0.409056 0.466009 0.408289 0.466009 0.407521 0.467105 0.406754 0.467105 0.405986 0.468202 0.405219 0.468202 0.402149 0.469298 0.401381 0.469298 0.399079 0.470395 0.398312 0.470395 0.397544 0.471491 0.396777 0.471491 0.394474 0.470395 0.393707 0.470395 0.392939 0.471491 0.392172 0.471491 0.390637 0.473684 0.389102 0.473684 0.387567 0.472588 0.3868 0.472588 0.386032 0.470395 0.384497 0.470395 0.382962 0.471491 0.382195 0.471491 0.381427 0.472588 0.38066 0.479167 0.38066 0.480263 0.381427 0.48136 0.381427 0.484649 0.38373 0.487939 0.38373 0.489035 0.382962 0.492325 0.382962 0.493421 0.38373 0.496711 0.38373 0.497807 0.382962 0.5 0.382962 0.502193 0.381427 0.503289 0.381427 0.504386 0.38066 0.505482 0.38066 0.506579 0.379893 0.507675 0.379893 0.508772 0.38066 0.508772 0.381427 0.510965 0.381427 0.512061 0.382195 0.516447 0.382195 0.517544 0.381427 0.51864 0.381427 0.519737 0.38066 0.52193 0.38066 0.523026 0.379893 0.524123 0.379893 0.526316 0.378358 0.527412 0.378358 0.527412 0.376823 0.528509 0.376055 0.528509 0.375288 0.530702 0.373753 0.530702 0.372218 0.531798 0.37145 0.531798 0.370683 0.538377 0.366078 0.539474 0.366078 0.54057 0.365311 0.54057 0.361474 0.541667 0.360706 0.541667 0.354566 0.54057 0.353799 0.54057 0.349194
0 0.335526 0.347659 0.33443 0.348427 0.33443 0.350729 0.335526 0.351497 0.335526 0.352264 0.336623 0.353031 0.336623 0.353799 0.339912 0.353799 0.341009 0.353031 0.341009 0.349962 0.339912 0.349194 0.339912 0.348427 0.338816 0.347659
0 0.406798 0.346892 0.404605 0.348427 0.405702 0.349194 0.405702 0.350729 0.404605 0.351497 0.404605 0.353031 0.403509 0.353799 0.403509 0.356869 0.402412 0.357636 0.402412 0.361474 0.403509 0.362241 0.403509 0.363008 0.404605 0.363776 0.407895 0.363776 0.408991 0.363008 0.411184 0.363008 0.412281 0.362241 0.413377 0.362241 0.414474 0.361474 0.414474 0.360706 0.41557 0.359939 0.41557 0.358404 0.416667 0.357636 0.416667 0.352264 0.410088 0.347659 0.408991 0.347659 0.407895 0.346892
0 0.553728 0.339985 0.552632 0.340752 0.553728 0.34152 0.553728 0.342287 0.552632 0.343054 0.552632 0.353031 0.553728 0.353799 0.553728 0.354566 0.554825 0.355334 0.557018 0.355334 0.5625 0.351497 0.5625 0.346892 0.563596 0.346124 0.5625 0.345357 0.5625 0.343822 0.561404 0.343822 0.560307 0.343054 0.559211 0.343054 0.554825 0.339985
0 0.564693 0.333078 0.563596 0.333845 0.5625 0.333845 0.5625 0.334612 0.561404 0.33538 0.561404 0.337682 0.563596 0.339217 0.564693 0.339217 0.565789 0.33845 0.566886 0.33845 0.566886 0.337682 0.567982 0.336915 0.567982 0.334612 0.566886 0.333845 0.566886 0.333078
0 0.758772 0.328473 0.758772 0.32924 0.759868 0.32924 0.759868 0.328473
0 0.64364 0.316961 0.64364 0.317728 0.644737 0.318496 0.644737 0.319263 0.645833 0.320031 0.645833 0.321566 0.64693 0.322333 0.648026 0.322333 0.648026 0.320031 0.64693 0.319263 0.64693 0.318496 0.644737 0.316961
0 0.694079 0.309286 0.690789 0.311589 0.690789 0.315426 0.689693 0.316193 0.689693 0.316961 0.690789 0.317728 0.691886 0.316961 0.692982 0.316961 0.692982 0.313124 0.694079 0.312356
0 0.678728 0.308519 0.678728 0.310054 0.679825 0.310821 0.679825 0.314658 0.680921 0.315426 0.680921 0.316193 0.678728 0.317728 0.677632 0.317728 0.677632 0.320031 0.678728 0.320798 0.682018 0.320798 0.683114 0.320031 0.684211 0.320031 0.6875 0.317728 0.686404 0.316961 0.685307 0.316961 0.684211 0.316193 0.684211 0.315426 0.683114 0.314658 0.683114 0.311589 0.682018 0.310821 0.682018 0.310054 0.679825 0.308519
0 0.315789 0.306984 0.314693 0.307751 0.314693 0.310054 0.316886 0.311589 0.317982 0.310821 0.317982 0.306984
0 0.718202 0.296239 0.717105 0.297007 0.714912 0.297007 0.712719 0.298542 0.712719 0.299309 0.710526 0.300844 0.710526 0.301612 0.70943 0.302379 0.710526 0.303147 0.711623 0.303147 0.711623 0.302379 0.717105 0.298542 0.718202 0.298542 0.719298 0.297774 0.721491 0.297774 0.721491 0.297007 0.720395 0.296239
0 0.6875 0.289332 0.686404 0.2901 0.685307 0.2901 0.685307 0.295472 0.686404 0.294705 0.686404 0.293937 0.689693 0.291635 0.689693 0.2901 0.688596 0.2901
0 0.348684 0.264006 0.348684 0.264774 0.349781 0.264774 0.349781 0.264006
0 0.3125 0.258634 0.3125 0.259401 0.313596 0.259401 0.315789 0.260936 0.317982 0.260936 0.317982 0.260169 0.316886 0.259401 0.314693 0.259401 0.313596 0.258634
0 0.70614 0.248657 0.705044 0.249424 0.705044 0.250192 0.703947 0.250959 0.703947 0.251727 0.705044 0.251727 0.705044 0.250959 0.70614 0.250192
0 0.752193 0.244052 0.752193 0.24482 0.753289 0.24482
0 0.300439 0.243285 0.300439 0.244052 0.301535 0.24482 0.301535 0.245587 0.302632 0.246355 0.302632 0.247122 0.303728 0.247889 0.303728 0.247122 0.302632 0.246355 0.302632 0.245587 0.301535 0.24482 0.301535 0.244052
0 0.453947 0.237145 0.451754 0.23868 0.451754 0.239447 0.446272 0.243285 0.446272 0.244052 0.445175 0.24482 0.445175 0.245587 0.444079 0.246355 0.444079 0.247122 0.442982 0.247889 0.442982 0.251727 0.441886 0.252494 0.441886 0.254029 0.442982 0.254797 0.442982 0.257866 0.446272 0.260169 0.446272 0.260936 0.452851 0.260936 0.453947 0.260169 0.453947 0.259401 0.458333 0.256332 0.458333 0.255564 0.460526 0.254029 0.460526 0.252494 0.461623 0.251727 0.461623 0.247889 0.460526 0.247122 0.460526 0.245587 0.458333 0.244052 0.458333 0.243285 0.45614 0.24175 0.45614 0.239447 0.455044 0.23868 0.455044 0.237913
0 0.410088 0.22947 0.408991 0.230238 0.410088 0.231005
0 0.358553 0.211051 0.359649 0.211819 0.360746 0.211051 0.361842 0.211051
0 0.355263 0.210284 0.355263 0.211051 0.35636 0.211051
0 0.64693 0.172678 0.644737 0.174213 0.644737 0.174981 0.64693 0.174981 0.649123 0.173446 0.648026 0.172678
0 0.515351 0.149655 0.514254 0.150422 0.514254 0.153492 0.516447 0.155027 0.517544 0.155027 0.519737 0.153492 0.519737 0.151957 0.520833 0.15119 0.519737 0.150422 0.519737 0.149655
0 0.683114 0.135073 0.678728 0.138143 0.677632 0.138143 0.677632 0.139678 0.678728 0.13891 0.680921 0.13891 0.680921 0.137375 0.684211 0.135073
0 0.515351 0.130468 0.514254 0.131236 0.515351 0.132003 0.516447 0.131236 0.516447 0.130468
0 0.516447 0.122794 0.516447 0.123561 0.51864 0.123561 0.519737 0.122794
0 0.508772 0.122794 0.508772 0.124328 0.509868 0.125096 0.509868 0.125863 0.510965 0.126631 0.510965 0.127398 0.510965 0.125863 0.509868 0.125096 0.509868 0.124328 0.508772 0.123561
0 0.619518 0.0936301 0.618421 0.0943975 0.618421 0.095165 0.620614 0.095165 0.621711 0.0943975 0.620614 0.095165 0.619518 0.0943975
