0 0.309211 0.840368 0.310307 0.841136 0.310307 0.840368
0 0.226974 0.838066 0.225877 0.838833 0.226974 0.838833 0.22807 0.838066
0 0.235746 0.827322 0.233553 0.828856 0.233553 0.829624 0.232456 0.830391 0.232456 0.832694 0.23136 0.833461 0.23136 0.835764 0.230263 0.836531 0.232456 0.834996 0.232456 0.834229 0.233553 0.833461 0.233553 0.831159 0.234649 0.830391 0.234649 0.829624 0.235746 0.828856
0 0.243421 0.825019 0.243421 0.825787 0.246711 0.828089 0.246711 0.827322
0 0.267544 0.819647 0.267544 0.821182 0.26864 0.821182 0.26864 0.819647
0 0.360746 0.81888 0.357456 0.821182 0.35636 0.821182 0.355263 0.821949 0.355263 0.822717 0.35636 0.822717 0.359649 0.820414 0.360746 0.820414 0.360746 0.819647 0.361842 0.81888
0 0.248904 0.817345 0.245614 0.819647 0.245614 0.820414 0.246711 0.819647 0.247807 0.819647 0.248904 0.81888 0.252193 0.81888 0.253289 0.818112 0.253289 0.817345
0 0.412281 0.810437 0.413377 0.811205 0.413377 0.811972 0.414474 0.81274 0.414474 0.813507 0.41557 0.814275 0.41557 0.815042 0.41557 0.813507 0.413377 0.811972 0.413377 0.811205
0 0.392544 0.804298 0.392544 0.805065 0.39364 0.805065 0.394737 0.805833 0.394737 0.804298
0 0.333333 0.798926 0.330044 0.801228 0.330044 0.802763 0.332237 0.802763 0.333333 0.801995 0.33443 0.801995 0.335526 0.801228 0.337719 0.801228 0.337719 0.80046 0.336623 0.80046 0.33443 0.798926
0 0.379386 0.794321 0.379386 0.795088 0.377193 0.796623 0.377193 0.798158 0.378289 0.798926 0.378289 0.799693 0.379386 0.799693 0.379386 0.798926 0.380482 0.798158 0.380482 0.795088
0 0.343202 0.786646 0.341009 0.788181 0.341009 0.788949 0.343202 0.790483 0.346491 0.790483 0.346491 0.788181 0.344298 0.786646
0 0.223684 0.768227 0.223684 0.768995 0.224781 0.768995 0.224781 0.768227
0 0.390351 0.75825 0.389254 0.759018 0.388158 0.759018 0.384868 0.76132 0.384868 0.762087 0.383772 0.762855 0.383772 0.763622 0.382675 0.76439 0.382675 0.765925 0.381579 0.766692 0.381579 0.768227 0.380482 0.768995 0.380482 0.77053 0.377193 0.772832 0.377193 0.777437 0.376096 0.778204 0.376096 0.781274 0.377193 0.782041 0.377193 0.784344 0.378289 0.785111 0.378289 0.785879 0.379386 0.785879 0.380482 0.785111 0.380482 0.784344 0.381579 0.783576 0.381579 0.778972 0.380482 0.778204 0.380482 0.77053 0.381579 0.769762 0.382675 0.769762 0.383772 0.768995 0.384868 0.768995 0.388158 0.766692 0.388158 0.765925 0.390351 0.76439 0.390351 0.76132 0.391447 0.760553 0.391447 0.759018
0 0.175439 0.755948 0.175439 0.756715 0.176535 0.756715 0.176535 0.755948
0 0.163377 0.745203 0.163377 0.745971 0.164474 0.745971 0.164474 0.745203
0 0.39364 0.736761 0.391447 0.738296 0.391447 0.745971 0.392544 0.746738 0.39364 0.745971 0.39364 0.744436 0.394737 0.743668 0.394737 0.741366 0.395833 0.740599 0.395833 0.738296 0.394737 0.737529 0.394737 0.736761
0 0.180921 0.732924 0.180921 0.733691 0.182018 0.734459 0.182018 0.732924
0 0.183114 0.726017 0.183114 0.726784 0.184211 0.726784 0.184211 0.726017
0 0.156798 0.722947 0.155702 0.723715 0.156798 0.723715
0 0.45614 0.707598 0.455044 0.708365 0.453947 0.708365 0.452851 0.709133 0.451754 0.709133 0.451754 0.7099 0.452851 0.7099 0.453947 0.709133 0.45943 0.709133 0.460526 0.7099 0.461623 0.7099 0.462719 0.709133 0.460526 0.709133 0.45943 0.708365 0.457237 0.708365
0 0.442982 0.70683 0.442982 0.708365 0.445175 0.7099 0.449561 0.7099 0.449561 0.709133 0.448465 0.708365 0.445175 0.708365
0 0.516447 0.699923 0.516447 0.700691 0.517544 0.700691
0 0.423246 0.689179 0.422149 0.689946 0.422149 0.696086 0.423246 0.696853 0.423246 0.698388 0.427632 0.698388 0.428728 0.697621 0.428728 0.693784 0.427632 0.693016 0.427632 0.691481 0.424342 0.689179
0 0.169956 0.688411 0.169956 0.689179 0.171053 0.689946 0.171053 0.689179
0 0.400219 0.687644 0.400219 0.688411 0.399123 0.689179 0.399123 0.695318 0.398026 0.696086 0.398026 0.699923 0.399123 0.700691 0.399123 0.701458 0.400219 0.701458 0.402412 0.702993 0.406798 0.702993 0.408991 0.701458 0.408991 0.700691 0.410088 0.699923 0.410088 0.696853 0.408991 0.696086 0.408991 0.695318 0.410088 0.694551 0.411184 0.695318 0.411184 0.694551 0.410088 0.693784 0.410088 0.692249 0.408991 0.691481 0.408991 0.690714 0.405702 0.688411 0.404605 0.688411 0.403509 0.687644
0 0.469298 0.683807 0.468202 0.684574 0.469298 0.685342
0 0.191886 0.680737 0.190789 0.681504 0.190789 0.683807 0.191886 0.684574 0.194079 0.684574 0.195175 0.683807 0.195175 0.683039 0.194079 0.682272 0.194079 0.681504 0.192982 0.681504
0 0.469298 0.669992 0.467105 0.671527 0.467105 0.672295 0.466009 0.673062 0.467105 0.67383 0.469298 0.672295 0.469298 0.671527 0.470395 0.67076
0 0.495614 0.666155 0.495614 0.66769 0.496711 0.66769 0.496711 0.666155
0 0.472588 0.66462 0.472588 0.665388 0.471491 0.666155 0.471491 0.668457 0.472588 0.66769
0 0.412281 0.656946 0.412281 0.660015 0.411184 0.660783 0.411184 0.663853 0.414474 0.666155 0.41557 0.666155 0.416667 0.666922 0.417763 0.666922 0.41886 0.666155 0.41886 0.662318 0.417763 0.66155 0.417763 0.659248 0.41557 0.657713 0.414474 0.657713 0.413377 0.656946
0 0.524123 0.652341 0.524123 0.653108 0.525219 0.653876 0.527412 0.653876 0.527412 0.653108 0.526316 0.652341
0 0.218202 0.639294 0.217105 0.640061 0.207237 0.640061 0.207237 0.640829 0.208333 0.641596 0.20943 0.641596 0.210526 0.642364 0.210526 0.643131 0.20614 0.646201 0.20614 0.646969 0.210526 0.646969 0.212719 0.648503 0.213816 0.648503 0.219298 0.652341 0.221491 0.652341 0.221491 0.651573 0.224781 0.649271 0.224781 0.648503 0.225877 0.647736 0.225877 0.643131 0.224781 0.642364 0.224781 0.641596 0.221491 0.639294
0 0.203947 0.632387 0.203947 0.633922 0.205044 0.633922 0.20614 0.634689 0.207237 0.633922 0.207237 0.633154 0.20614 0.632387
0 0.526316 0.601688 0.524123 0.603223 0.524123 0.605526 0.525219 0.606293 0.527412 0.606293 0.529605 0.604758 0.529605 0.602456 0.528509 0.601688
0 0.574561 0.584804 0.574561 0.585572 0.575658 0.585572
0 0.234649 0.584037 0.235746 0.584804 0.236842 0.584804 0.235746 0.584037
0 0.658991 0.5802 0.658991 0.580967 0.661184 0.580967 0.661184 0.5802
0 0.267544 0.56485 0.26864 0.565618 0.27193 0.565618 0.27193 0.56485
0 0.253289 0.562548 0.253289 0.563315 0.254386 0.564083 0.254386 0.56485 0.255482 0.564083 0.256579 0.564083 0.255482 0.563315 0.254386 0.563315
0 0.314693 0.554106 0.313596 0.554873 0.313596 0.555641 0.3125 0.556408 0.3125 0.561781 0.314693 0.563315 0.317982 0.563315 0.317982 0.562548 0.319079 0.561781 0.319079 0.557176 0.317982 0.556408 0.317982 0.555641 0.316886 0.554873 0.316886 0.554106
0 0.341009 0.547966 0.339912 0.548734 0.337719 0.548734 0.335526 0.550269 0.333333 0.550269 0.333333 0.551036 0.332237 0.551804 0.332237 0.552571 0.33114 0.553338 0.332237 0.553338 0.337719 0.557176 0.338816 0.557176 0.339912 0.557943 0.342105 0.557943 0.343202 0.558711 0.344298 0.558711 0.344298 0.557943 0.345395 0.557176 0.346491 0.557943 0.346491 0.558711 0.348684 0.560246 0.349781 0.560246 0.354167 0.563315 0.354167 0.564083 0.355263 0.56485 0.355263 0.567153 0.35636 0.56792 0.357456 0.56792 0.357456 0.562548 0.358553 0.561781 0.358553 0.561013 0.359649 0.560246 0.359649 0.557943 0.360746 0.557176 0.360746 0.552571 0.359649 0.551804 0.359649 0.551036 0.358553 0.550269 0.357456 0.550269 0.35636 0.549501 0.35307 0.549501 0.351974 0.548734 0.349781 0.548734 0.348684 0.547966 0.347588 0.548734 0.343202 0.548734 0.342105 0.547966
0 0.33443 0.540292 0.333333 0.541059 0.332237 0.541059 0.330044 0.542594 0.326754 0.542594 0.326754 0.543361 0.332237 0.543361 0.335526 0.541059
0 0.605263 0.53185 0.604167 0.532617 0.604167 0.536454 0.60636 0.537989 0.607456 0.537989 0.610746 0.535687 0.610746 0.533384 0.609649 0.533384 0.607456 0.53185
0 0.354167 0.52264 0.354167 0.523408 0.35307 0.524175 0.35307 0.524942 0.354167 0.52571 0.35636 0.52571 0.35636 0.523408 0.355263 0.52264
0 0.617325 0.521105 0.617325 0.524175 0.616228 0.524942 0.616228 0.526477 0.617325 0.527245 0.617325 0.530315 0.621711 0.530315 0.621711 0.528012 0.622807 0.527245 0.622807 0.52571 0.623904 0.524942 0.622807 0.524175 0.622807 0.523408 0.620614 0.521873 0.620614 0.521105
0 0.656798 0.504988 0.658991 0.506523 0.660088 0.506523 0.660088 0.505756 0.658991 0.504988
0 0.357456 0.502686 0.357456 0.503454 0.358553 0.503454 0.358553 0.502686
0 0.343202 0.496546 0.343202 0.497314 0.345395 0.497314 0.344298 0.496546
0 0.600877 0.489639 0.599781 0.490407 0.599781 0.491174 0.60307 0.493477 0.60307 0.494244 0.601974 0.495012 0.600877 0.494244 0.599781 0.494244 0.597588 0.492709 0.595395 0.492709 0.594298 0.493477 0.592105 0.493477 0.592105 0.495779 0.593202 0.496546 0.594298 0.496546 0.596491 0.498081 0.600877 0.498081 0.601974 0.497314 0.601974 0.495012 0.60307 0.494244 0.604167 0.494244 0.60636 0.492709 0.605263 0.491942 0.605263 0.491174 0.604167 0.490407 0.60307 0.490407 0.601974 0.489639
0 0.222588 0.486569 0.221491 0.487337 0.221491 0.489639 0.222588 0.490407 0.222588 0.491174 0.223684 0.491942 0.223684 0.493477 0.222588 0.494244 0.221491 0.494244 0.221491 0.495012 0.220395 0.495779 0.221491 0.496546 0.223684 0.496546 0.225877 0.495012 0.225877 0.492709 0.226974 0.491942 0.226974 0.490407 0.225877 0.489639 0.225877 0.488104 0.224781 0.487337 0.223684 0.487337
0 0.254386 0.475825 0.251096 0.478127 0.251096 0.478895 0.25 0.479662 0.25 0.482732 0.252193 0.484267 0.255482 0.484267 0.260965 0.48043 0.260965 0.478127 0.259868 0.47736 0.259868 0.476592 0.258772 0.475825
0 0.325658 0.465848 0.324561 0.466616 0.324561 0.468918 0.325658 0.468918 0.328947 0.466616 0.328947 0.465848
0 0.207237 0.462778 0.207237 0.465081 0.208333 0.465848 0.208333 0.466616 0.20943 0.467383 0.20943 0.464313 0.208333 0.463546 0.208333 0.462778
0 0.373904 0.460476 0.372807 0.461243 0.373904 0.462011
0 0.220395 0.452801 0.219298 0.453569 0.218202 0.453569 0.218202 0.454336 0.217105 0.455104 0.217105 0.455871 0.218202 0.455104 0.219298 0.455104 0.220395 0.454336
0 0.310307 0.446662 0.309211 0.447429 0.307018 0.447429 0.305921 0.448196 0.304825 0.448196 0.302632 0.449731 0.302632 0.450499 0.301535 0.451266 0.301535 0.454336 0.300439 0.455104 0.301535 0.455871 0.305921 0.455871 0.307018 0.455104 0.308114 0.455104 0.314693 0.450499 0.314693 0.448964 0.315789 0.448196 0.315789 0.447429 0.314693 0.446662
0 0.203947 0.444359 0.203947 0.445127 0.205044 0.444359
0 0.558114 0.440522 0.557018 0.441289 0.555921 0.441289 0.554825 0.442057 0.553728 0.442057 0.552632 0.442824 0.552632 0.443592 0.551535 0.444359 0.551535 0.445127 0.550439 0.445894 0.550439 0.446662 0.549342 0.447429 0.549342 0.448196 0.548246 0.448964 0.548246 0.450499 0.547149 0.451266 0.547149 0.452801 0.546053 0.453569 0.546053 0.455104 0.544956 0.455871 0.544956 0.460476 0.546053 0.461243 0.546053 0.462778 0.547149 0.463546 0.547149 0.464313 0.546053 0.465081 0.546053 0.467383 0.547149 0.46815 0.547149 0.468918 0.548246 0.469685 0.548246 0.470453 0.548246 0.466616 0.547149 0.465848 0.547149 0.464313 0.548246 0.463546 0.550439 0.463546 0.550439 0.462011 0.551535 0.461243 0.551535 0.459708 0.553728 0.458173 0.554825 0.458173 0.559211 0.455104 0.559211 0.454336 0.560307 0.453569 0.560307 0.452801 0.561404 0.452034 0.561404 0.451266 0.5625 0.450499 0.5625 0.447429 0.563596 0.446662 0.563596 0.445894 0.5625 0.445127 0.563596 0.444359 0.5625 0.443592 0.5625 0.442824 0.560307 0.441289 0.559211 0.441289
0 0.672149 0.437452 0.672149 0.439754 0.674342 0.439754 0.674342 0.438219 0.673246 0.437452
0 0.436404 0.437452 0.434211 0.438987 0.433114 0.438987 0.432018 0.439754 0.430921 0.439754 0.428728 0.441289 0.427632 0.441289 0.425439 0.442824 0.424342 0.442824 0.416667 0.448196 0.416667 0.448964 0.41557 0.449731 0.41557 0.451266 0.414474 0.452034 0.414474 0.452801 0.413377 0.453569 0.413377 0.455104 0.412281 0.455871 0.412281 0.458173 0.413377 0.458941 0.413377 0.459708 0.416667 0.462011 0.417763 0.462011 0.41886 0.462778 0.424342 0.462778 0.425439 0.462011 0.425439 0.460476 0.426535 0.459708 0.426535 0.458941 0.427632 0.458173 0.427632 0.457406 0.430921 0.455104 0.430921 0.454336 0.432018 0.453569 0.432018 0.452801 0.434211 0.451266 0.434211 0.450499 0.435307 0.449731 0.435307 0.448964 0.436404 0.448196 0.436404 0.445894 0.4375 0.445127 0.4375 0.443592 0.438596 0.442824 0.438596 0.439754 0.4375 0.438987 0.4375 0.438219
0 0.729167 0.436685 0.729167 0.437452 0.730263 0.438219 0.730263 0.436685
0 0.623904 0.435917 0.623904 0.436685 0.625 0.437452 0.626096 0.437452 0.626096 0.436685 0.625 0.435917
0 0.589912 0.42901 0.589912 0.430545 0.591009 0.431312 0.592105 0.430545 0.592105 0.429777 0.591009 0.42901
0 0.683114 0.424405 0.682018 0.425173 0.682018 0.42594 0.683114 0.426708 0.684211 0.426708 0.685307 0.42594 0.685307 0.425173 0.684211 0.424405
0 0.430921 0.423638 0.429825 0.424405 0.429825 0.425173 0.428728 0.42594 0.429825 0.426708 0.429825 0.427475 0.430921 0.427475 0.432018 0.428243 0.434211 0.428243 0.435307 0.427475 0.435307 0.42594 0.434211 0.425173 0.434211 0.424405 0.433114 0.423638
0 0.343202 0.423638 0.342105 0.424405 0.341009 0.424405 0.337719 0.426708 0.337719 0.428243 0.336623 0.42901 0.336623 0.429777 0.339912 0.43208 0.346491 0.43208 0.348684 0.430545 0.349781 0.430545 0.350877 0.429777 0.350877 0.42901 0.351974 0.428243 0.351974 0.426708 0.347588 0.423638
0 0.220395 0.422103 0.220395 0.423638 0.221491 0.423638 0.222588 0.42287 0.222588 0.422103
0 0.739035 0.406754 0.739035 0.407521 0.740132 0.407521
0 0.219298 0.405219 0.218202 0.405986 0.219298 0.406754 0.220395 0.406754 0.220395 0.405219
0 0.370614 0.403684 0.370614 0.405219 0.371711 0.405219 0.371711 0.403684
0 0.563596 0.400614 0.563596 0.401381 0.564693 0.401381 0.565789 0.402149 0.569079 0.402149 0.570175 0.401381 0.569079 0.400614
0 0.605263 0.396009 0.60307 0.397544 0.600877 0.397544 0.599781 0.398312 0.598684 0.398312 0.597588 0.399079 0.596491 0.398312 0.595395 0.399079 0.595395 0.400614 0.600877 0.400614 0.601974 0.399847 0.60307 0.399847 0.604167 0.399079 0.605263 0.399079 0.60636 0.398312 0.607456 0.398312 0.609649 0.396777 0.60636 0.396777
0 0.708333 0.395242 0.708333 0.396009 0.70943 0.396777 0.70943 0.395242
0 0.375 0.395242 0.375 0.396009 0.376096 0.396009 0.376096 0.395242
0 0.576754 0.392939 0.575658 0.393707 0.575658 0.394474 0.576754 0.395242 0.577851 0.395242 0.578947 0.394474 0.580044 0.394474 0.58114 0.393707 0.58114 0.392939
0 0.708333 0.386032 0.707237 0.3868 0.707237 0.387567 0.70943 0.387567 0.70943 0.386032
0 0.464912 0.386032 0.463816 0.3868 0.462719 0.3868 0.461623 0.387567 0.462719 0.388335 0.45943 0.390637 0.458333 0.390637 0.457237 0.391404 0.45614 0.391404 0.45614 0.392172 0.455044 0.392939 0.455044 0.394474 0.453947 0.395242 0.453947 0.396777 0.452851 0.397544 0.452851 0.399079 0.451754 0.399847 0.451754 0.407521 0.452851 0.408289 0.451754 0.409056 0.451754 0.411358 0.453947 0.412893 0.453947 0.4198 0.452851 0.420568 0.452851 0.422103 0.450658 0.423638 0.450658 0.424405 0.451754 0.425173 0.451754 0.433615 0.452851 0.434382 0.453947 0.434382 0.455044 0.433615 0.455044 0.431312 0.45614 0.430545 0.45614 0.428243 0.457237 0.427475 0.457237 0.424405 0.458333 0.423638 0.458333 0.42287 0.45943 0.422103 0.45943 0.421335 0.460526 0.420568 0.460526 0.4198 0.461623 0.419033 0.461623 0.418266 0.462719 0.417498 0.462719 0.416731 0.463816 0.415963 0.463816 0.412893 0.464912 0.412126 0.464912 0.405219 0.463816 0.404451 0.464912 0.403684 0.463816 0.402916 0.463816 0.401381 0.464912 0.400614 0.464912 0.397544 0.466009 0.396777 0.466009 0.394474 0.468202 0.392939 0.467105 0.392172 0.467105 0.389102 0.466009 0.388335 0.466009 0.387567 0.467105 0.3868 0.468202 0.3868 0.467105 0.386032
0 0.265351 0.386032 0.264254 0.3868 0.264254 0.387567 0.265351 0.387567 0.266447 0.3868
0 0.569079 0.379893 0.569079 0.38066 0.571272 0.38066 0.571272 0.379893
0 0.679825 0.378358 0.678728 0.379125 0.679825 0.379893
0 0.260965 0.378358 0.259868 0.379125 0.259868 0.382195 0.262061 0.382195 0.262061 0.379125
0 0.22807 0.354566 0.22807 0.355334 0.229167 0.354566
0 0.406798 0.352264 0.406798 0.353031 0.404605 0.354566 0.404605 0.356101 0.403509 0.356869 0.403509 0.357636 0.402412 0.358404 0.402412 0.359939 0.401316 0.360706 0.401316 0.362241 0.400219 0.363008 0.401316 0.363776 0.401316 0.365311 0.404605 0.367613 0.408991 0.367613 0.411184 0.366078 0.412281 0.366078 0.412281 0.365311 0.413377 0.364543 0.414474 0.364543 0.41557 0.363776 0.41557 0.361474 0.414474 0.360706 0.414474 0.359171 0.413377 0.358404 0.413377 0.356869 0.410088 0.354566 0.410088 0.353799 0.407895 0.352264
0 0.679825 0.349962 0.678728 0.350729 0.677632 0.350729 0.677632 0.351497 0.676535 0.352264 0.678728 0.353799 0.680921 0.353799 0.682018 0.353031 0.683114 0.353031 0.683114 0.351497 0.680921 0.349962
0 0.338816 0.349962 0.337719 0.350729 0.337719 0.353031 0.338816 0.353799 0.338816 0.355334 0.339912 0.356101 0.341009 0.356101 0.342105 0.356869 0.346491 0.356869 0.347588 0.356101 0.348684 0.356101 0.348684 0.353031 0.345395 0.350729 0.344298 0.350729 0.343202 0.349962
0 0.551535 0.340752 0.544956 0.345357 0.54386 0.345357 0.54386 0.346892 0.542763 0.347659 0.542763 0.348427 0.538377 0.351497 0.537281 0.351497 0.536184 0.352264 0.533991 0.352264 0.536184 0.353799 0.536184 0.354566 0.535088 0.355334 0.535088 0.356869 0.533991 0.357636 0.533991 0.358404 0.532895 0.359171 0.532895 0.359939 0.529605 0.362241 0.528509 0.362241 0.529605 0.363008 0.529605 0.363776 0.528509 0.364543 0.528509 0.365311 0.527412 0.366078 0.528509 0.366846 0.527412 0.367613 0.527412 0.369148 0.528509 0.369916 0.528509 0.370683 0.531798 0.370683 0.532895 0.369916 0.537281 0.369916 0.537281 0.366846 0.538377 0.366078 0.538377 0.364543 0.539474 0.363776 0.539474 0.356101 0.54386 0.353031 0.546053 0.353031 0.547149 0.353799 0.547149 0.354566 0.548246 0.354566 0.550439 0.356101 0.550439 0.356869 0.551535 0.357636 0.553728 0.357636 0.555921 0.356101 0.557018 0.356101 0.558114 0.355334 0.558114 0.354566 0.559211 0.353799 0.559211 0.353031 0.560307 0.352264 0.560307 0.348427 0.559211 0.347659 0.559211 0.346892 0.558114 0.346124 0.558114 0.343822 0.557018 0.343054 0.557018 0.34152 0.554825 0.34152 0.553728 0.340752
0 0.567982 0.33845 0.565789 0.339985 0.565789 0.340752 0.564693 0.34152 0.564693 0.344589 0.569079 0.347659 0.569079 0.349962 0.570175 0.349962 0.570175 0.347659 0.567982 0.346124 0.567982 0.343822 0.569079 0.343054 0.569079 0.33845
0 0.754386 0.334612 0.755482 0.33538 0.757675 0.33538 0.758772 0.336147 0.762061 0.336147 0.763158 0.33538 0.759868 0.33538 0.758772 0.336147 0.757675 0.33538 0.757675 0.334612
0 0.673246 0.334612 0.672149 0.33538 0.672149 0.33845 0.673246 0.339217 0.673246 0.34152 0.674342 0.342287 0.674342 0.34152 0.675439 0.340752 0.675439 0.336915 0.674342 0.336147 0.674342 0.33538
0 0.674342 0.318496 0.673246 0.319263 0.672149 0.319263 0.66557 0.323868 0.66557 0.324635 0.664474 0.325403 0.664474 0.32617 0.66557 0.326938 0.66886 0.326938 0.669956 0.32617 0.671053 0.32617 0.673246 0.324635 0.674342 0.324635 0.675439 0.323868 0.676535 0.323868 0.677632 0.323101 0.678728 0.323101 0.678728 0.322333 0.679825 0.321566 0.679825 0.320798 0.676535 0.318496
0 0.317982 0.315426 0.317982 0.320031 0.319079 0.320031 0.322368 0.322333 0.324561 0.322333 0.324561 0.318496 0.321272 0.316193 0.320175 0.316193 0.319079 0.315426
0 0.325658 0.291635 0.326754 0.292402 0.326754 0.291635
0 0.346491 0.287797 0.346491 0.288565 0.347588 0.288565
0 0.347588 0.266309 0.347588 0.267076 0.348684 0.267076
0 0.322368 0.263239 0.322368 0.264006 0.324561 0.264006 0.324561 0.263239
0 0.700658 0.258634 0.700658 0.259401 0.701754 0.259401 0.702851 0.258634
0 0.449561 0.243285 0.447368 0.24482 0.447368 0.245587 0.446272 0.246355 0.446272 0.247122 0.444079 0.248657 0.444079 0.249424 0.442982 0.250192 0.442982 0.250959 0.441886 0.251727 0.441886 0.252494 0.440789 0.253262 0.440789 0.258634 0.439693 0.259401 0.439693 0.264006 0.440789 0.264774 0.440789 0.270146 0.441886 0.270913 0.442982 0.270913 0.444079 0.271681 0.449561 0.271681 0.450658 0.270913 0.451754 0.270913 0.452851 0.270146 0.452851 0.269378 0.455044 0.267843 0.455044 0.266309 0.45614 0.265541 0.45614 0.251727 0.455044 0.250959 0.455044 0.249424 0.453947 0.248657 0.453947 0.247889 0.452851 0.247122 0.452851 0.24482 0.451754 0.24482 0.450658 0.244052 0.450658 0.243285
0 0.753289 0.242517 0.753289 0.243285 0.755482 0.243285 0.754386 0.242517
0 0.441886 0.231773 0.440789 0.23254 0.439693 0.23254 0.438596 0.233308 0.438596 0.234075 0.436404 0.23561 0.436404 0.236378 0.438596 0.236378 0.441886 0.234075
0 0.412281 0.22947 0.413377 0.230238 0.413377 0.234075 0.414474 0.234843 0.414474 0.236378 0.41557 0.237145 0.41557 0.237913 0.416667 0.23868 0.416667 0.239447 0.41886 0.240982 0.41886 0.24175 0.422149 0.24175 0.422149 0.240982 0.421053 0.240982 0.416667 0.237913 0.416667 0.237145 0.41557 0.236378 0.41557 0.23561 0.414474 0.234843 0.414474 0.234075 0.413377 0.233308 0.413377 0.22947
0 0.447368 0.221028 0.447368 0.221796 0.449561 0.221796 0.449561 0.221028
0 0.441886 0.220261 0.440789 0.221028 0.441886 0.221796 0.442982 0.221796 0.442982 0.221028
0 0.434211 0.217191 0.434211 0.217959 0.435307 0.217959 0.436404 0.218726 0.4375 0.217959 0.436404 0.217959 0.435307 0.217191
0 0.355263 0.214889 0.355263 0.215656 0.35636 0.216424 0.35636 0.217191 0.357456 0.217191 0.357456 0.215656 0.35636 0.214889
0 0.425439 0.209517 0.425439 0.210284 0.426535 0.211051 0.427632 0.211051 0.427632 0.210284 0.426535 0.210284
0 0.633772 0.182655 0.633772 0.183423 0.631579 0.184958 0.631579 0.186493 0.632675 0.18726 0.633772 0.186493 0.634868 0.186493 0.634868 0.182655
0 0.512061 0.152724 0.512061 0.155794 0.513158 0.156562 0.517544 0.156562 0.517544 0.153492 0.516447 0.152724
0 0.658991 0.144282 0.656798 0.145817 0.656798 0.146585 0.657895 0.145817 0.658991 0.145817 0.660088 0.14505
0 0.691886 0.140445 0.690789 0.141213 0.688596 0.141213 0.689693 0.14198 0.690789 0.14198 0.691886 0.141213 0.692982 0.141213 0.692982 0.140445
0 0.516447 0.137375 0.516447 0.13891 0.517544 0.139678 0.517544 0.141213 0.51864 0.14198 0.51864 0.142748 0.519737 0.143515 0.520833 0.143515 0.52193 0.144282 0.523026 0.144282 0.524123 0.143515 0.524123 0.14198 0.523026 0.141213 0.523026 0.140445 0.51864 0.137375
0 0.512061 0.129701 0.512061 0.131236 0.513158 0.132003 0.514254 0.132003 0.514254 0.130468 0.513158 0.129701
0 0.609649 0.118189 0.607456 0.119724 0.607456 0.120491 0.60636 0.121259 0.60636 0.122026 0.605263 0.122794 0.605263 0.123561 0.604167 0.124328 0.604167 0.125096 0.60307 0.125863 0.601974 0.125863 0.600877 0.126631 0.595395 0.126631 0.594298 0.127398 0.594298 0.128933 0.595395 0.129701 0.595395 0.130468 0.597588 0.130468 0.599781 0.128933 0.600877 0.128933 0.604167 0.126631 0.605263 0.126631 0.60636 0.125863 0.60636 0.125096 0.608553 0.123561 0.608553 0.122026 0.609649 0.121259
0 0.527412 0.102072 0.527412 0.10284 0.528509 0.103607 0.528509 0.105909 0.529605 0.106677 0.529605 0.110514 0.529605 0.109747 0.530702 0.108979 0.530702 0.106677 0.529605 0.105909 0.529605 0.104375 0.528509 0.103607 0.528509 0.10284
0 0.70614 0.0997698 0.70614 0.100537 0.707237 0.100537 0.708333 0.0997698
0 0.608553 0.0997698 0.607456 0.100537 0.607456 0.10284 0.60636 0.103607 0.60636 0.104375 0.608553 0.10284 0.608553 0.102072 0.609649 0.101305 0.609649 0.100537
