0 0.213816 0.844206 0.213816 0.844973 0.211623 0.846508 0.211623 0.847276 0.211623 0.846508 0.212719 0.845741 0.213816 0.845741 0.214912 0.844973 0.214912 0.844206
0 0.347588 0.838066 0.347588 0.838833 0.348684 0.839601 0.348684 0.838833
0 0.269737 0.825019 0.269737 0.825787 0.270833 0.826554 0.27193 0.826554 0.27193 0.825787 0.270833 0.825019
0 0.390351 0.823484 0.389254 0.824252 0.390351 0.825019 0.390351 0.824252 0.391447 0.823484
0 0.313596 0.815042 0.3125 0.81581 0.311404 0.81581 0.309211 0.817345 0.309211 0.818112 0.308114 0.81888 0.308114 0.820414 0.307018 0.821182 0.309211 0.822717 0.309211 0.81888 0.310307 0.818112 0.310307 0.817345 0.311404 0.816577 0.3125 0.816577 0.313596 0.81581
0 0.317982 0.8066 0.315789 0.808135 0.314693 0.808135 0.314693 0.808903 0.313596 0.80967 0.313596 0.811205 0.315789 0.81274 0.315789 0.813507 0.316886 0.813507 0.317982 0.81274 0.317982 0.811972 0.322368 0.808903 0.322368 0.8066
0 0.389254 0.792018 0.388158 0.792786 0.389254 0.792786 0.390351 0.792018
0 0.346491 0.788181 0.346491 0.792018 0.347588 0.792018 0.348684 0.792786 0.350877 0.792786 0.351974 0.792018 0.351974 0.790483 0.349781 0.788949 0.347588 0.788949
0 0.198465 0.785111 0.197368 0.785879 0.197368 0.786646 0.196272 0.787414 0.197368 0.787414 0.199561 0.785879 0.200658 0.785879 0.200658 0.785111
0 0.225877 0.765157 0.225877 0.765925 0.224781 0.766692 0.225877 0.766692 0.226974 0.765925 0.226974 0.765157
0 0.401316 0.762087 0.401316 0.762855 0.402412 0.763622 0.402412 0.762855
0 0.403509 0.759018 0.402412 0.759785 0.402412 0.760553 0.403509 0.759785
0 0.158991 0.744436 0.158991 0.745203 0.160088 0.745971 0.160088 0.745203
0 0.184211 0.724482 0.184211 0.725249 0.185307 0.725249
0 0.404605 0.709133 0.401316 0.711435 0.401316 0.71297 0.400219 0.713738 0.400219 0.715272 0.399123 0.71604 0.399123 0.718342 0.400219 0.71911 0.400219 0.719877 0.401316 0.719877 0.402412 0.720645 0.402412 0.721412 0.403509 0.72218 0.403509 0.722947 0.402412 0.723715 0.402412 0.724482 0.401316 0.725249 0.401316 0.726784 0.399123 0.728319 0.399123 0.729087 0.398026 0.729854 0.398026 0.732924 0.399123 0.733691 0.403509 0.733691 0.407895 0.730622 0.407895 0.720645 0.406798 0.719877 0.406798 0.713738 0.407895 0.71297 0.407895 0.710668 0.405702 0.709133
0 0.423246 0.698388 0.422149 0.699156 0.421053 0.699156 0.41886 0.700691 0.41886 0.705295 0.422149 0.705295 0.423246 0.704528 0.424342 0.704528 0.424342 0.703761 0.425439 0.702993 0.425439 0.698388
0 0.1875 0.682272 0.186404 0.683039 0.186404 0.684574 0.191886 0.684574 0.194079 0.683039 0.192982 0.682272
0 0.408991 0.680737 0.407895 0.681504 0.406798 0.681504 0.404605 0.683039 0.403509 0.683039 0.403509 0.683807 0.402412 0.684574 0.402412 0.688411 0.401316 0.689179 0.401316 0.693784 0.400219 0.694551 0.400219 0.695318 0.401316 0.696086 0.401316 0.696853 0.402412 0.697621 0.402412 0.699156 0.403509 0.699923 0.404605 0.699923 0.405702 0.700691 0.406798 0.700691 0.407895 0.699923 0.408991 0.699923 0.411184 0.698388 0.411184 0.697621 0.412281 0.696853 0.412281 0.695318 0.413377 0.694551 0.413377 0.693016 0.414474 0.692249 0.414474 0.690714 0.41557 0.689946 0.41557 0.682272 0.413377 0.680737
0 0.501096 0.66155 0.5 0.662318 0.5 0.663085 0.501096 0.663853 0.502193 0.663085 0.502193 0.662318
0 0.483553 0.659248 0.483553 0.660783 0.485746 0.660783 0.485746 0.660015 0.484649 0.659248
0 0.41557 0.659248 0.414474 0.660015 0.414474 0.665388 0.416667 0.666922 0.416667 0.66769 0.417763 0.66769 0.419956 0.669225 0.421053 0.669225 0.421053 0.668457 0.422149 0.66769 0.422149 0.66462 0.421053 0.663853 0.421053 0.663085 0.419956 0.662318 0.419956 0.66155 0.417763 0.660015 0.416667 0.660015
0 0.52193 0.647736 0.52193 0.650038 0.523026 0.650038 0.523026 0.647736
0 0.504386 0.645434 0.503289 0.646201 0.502193 0.646201 0.5 0.647736 0.5 0.650038 0.498904 0.650806 0.498904 0.651573 0.502193 0.651573 0.503289 0.650806 0.503289 0.650038 0.504386 0.649271 0.504386 0.647736 0.505482 0.646969 0.505482 0.645434
0 0.510965 0.640829 0.509868 0.641596 0.509868 0.643899 0.512061 0.643899 0.514254 0.642364 0.514254 0.641596 0.513158 0.640829
0 0.223684 0.635457 0.221491 0.636992 0.221491 0.638526 0.218202 0.640829 0.218202 0.641596 0.217105 0.642364 0.217105 0.645434 0.218202 0.646201 0.219298 0.646201 0.223684 0.649271 0.225877 0.649271 0.226974 0.648503 0.226974 0.646969 0.22807 0.646201 0.22807 0.644666 0.230263 0.643131 0.230263 0.640829 0.23136 0.640061 0.23136 0.638526 0.226974 0.635457
0 0.205044 0.635457 0.202851 0.636992 0.202851 0.637759 0.201754 0.638526 0.201754 0.639294 0.199561 0.640829 0.199561 0.641596 0.198465 0.642364 0.198465 0.644666 0.200658 0.644666 0.203947 0.642364 0.203947 0.641596 0.205044 0.640829 0.205044 0.640061 0.20614 0.639294 0.20614 0.638526 0.207237 0.637759 0.207237 0.636224 0.20614 0.635457
0 0.628289 0.614735 0.628289 0.615503 0.630482 0.617038 0.631579 0.617038 0.632675 0.617805
0 0.535088 0.597851 0.533991 0.598619 0.532895 0.598619 0.531798 0.599386 0.531798 0.600153 0.530702 0.600921 0.531798 0.601688 0.531798 0.603991 0.533991 0.605526 0.536184 0.603991 0.536184 0.603223 0.537281 0.602456 0.537281 0.601688 0.539474 0.600153 0.539474 0.599386 0.537281 0.597851
0 0.5625 0.5802 0.5625 0.581734 0.563596 0.581734 0.563596 0.580967
0 0.277412 0.565618 0.276316 0.566385 0.277412 0.567153 0.278509 0.566385
0 0.288377 0.563315 0.29057 0.56485 0.29057 0.564083 0.289474 0.564083
0 0.640351 0.561013 0.640351 0.561781 0.642544 0.563315 0.645833 0.563315 0.648026 0.56485 0.649123 0.56485 0.650219 0.565618 0.651316 0.565618 0.653509 0.567153 0.655702 0.567153 0.658991 0.569455 0.660088 0.569455 0.661184 0.570223 0.662281 0.570223 0.664474 0.571757 0.66557 0.571757 0.666667 0.572525 0.66886 0.572525 0.669956 0.573292 0.669956 0.57406 0.673246 0.576362 0.673246 0.579432 0.674342 0.579432 0.674342 0.578665 0.676535 0.57713 0.678728 0.57713 0.679825 0.577897 0.680921 0.577897 0.682018 0.578665 0.684211 0.578665 0.685307 0.579432 0.685307 0.57713 0.682018 0.57713 0.680921 0.576362 0.677632 0.576362 0.673246 0.573292 0.673246 0.572525 0.674342 0.571757 0.674342 0.57099 0.673246 0.571757 0.671053 0.571757 0.669956 0.57099 0.66886 0.57099 0.667763 0.570223 0.666667 0.570223 0.66557 0.569455 0.664474 0.569455 0.663377 0.568688 0.662281 0.568688 0.658991 0.566385 0.657895 0.566385 0.656798 0.565618 0.655702 0.565618 0.654605 0.56485 0.653509 0.56485 0.652412 0.564083 0.651316 0.564083 0.650219 0.563315 0.649123 0.563315 0.64693 0.561781 0.645833 0.561781 0.644737 0.561013
0 0.154605 0.554106 0.154605 0.554873 0.155702 0.554873 0.155702 0.554106
0 0.319079 0.549501 0.317982 0.550269 0.317982 0.551036 0.316886 0.551804 0.316886 0.557176 0.319079 0.558711 0.321272 0.558711 0.322368 0.557943 0.322368 0.557176 0.323465 0.556408 0.323465 0.554106 0.322368 0.553338 0.322368 0.551036 0.321272 0.550269 0.321272 0.549501
0 0.339912 0.548734 0.337719 0.550269 0.336623 0.550269 0.336623 0.551036 0.33443 0.552571 0.33443 0.553338 0.335526 0.554106 0.336623 0.554106 0.338816 0.555641 0.338816 0.556408 0.339912 0.557176 0.339912 0.557943 0.341009 0.558711 0.341009 0.560246 0.346491 0.560246 0.347588 0.561013 0.348684 0.561013 0.349781 0.561781 0.350877 0.561781 0.351974 0.562548 0.351974 0.563315 0.35307 0.563315 0.358553 0.567153 0.358553 0.56792 0.359649 0.567153 0.359649 0.564083 0.360746 0.563315 0.360746 0.558711 0.361842 0.557943 0.361842 0.554873 0.362939 0.554106 0.361842 0.553338 0.361842 0.552571 0.360746 0.551804 0.360746 0.551036 0.358553 0.549501 0.357456 0.549501 0.35636 0.548734
0 0.349781 0.530315 0.348684 0.531082 0.348684 0.532617 0.347588 0.533384 0.346491 0.533384 0.347588 0.534152 0.350877 0.534152 0.351974 0.533384 0.351974 0.53185 0.350877 0.532617 0.349781 0.53185 0.349781 0.531082 0.350877 0.530315
0 0.158991 0.528012 0.157895 0.52878 0.157895 0.529547 0.158991 0.529547
0 0.615132 0.521105 0.614035 0.521873 0.612939 0.521873 0.611842 0.52264 0.611842 0.524175 0.612939 0.524942 0.612939 0.52571 0.615132 0.527245 0.616228 0.527245 0.617325 0.528012 0.618421 0.528012 0.619518 0.52878 0.620614 0.52878 0.621711 0.528012 0.621711 0.527245 0.622807 0.526477 0.622807 0.524942 0.623904 0.524175 0.623904 0.523408 0.625 0.52264 0.623904 0.521873 0.618421 0.521873 0.617325 0.521105
0 0.637061 0.518803 0.638158 0.51957 0.639254 0.51957 0.640351 0.520338 0.642544 0.520338 0.64364 0.521105 0.64693 0.521105 0.645833 0.520338 0.64364 0.520338 0.642544 0.51957 0.640351 0.51957 0.639254 0.518803
0 0.134868 0.514198 0.134868 0.514965 0.135965 0.514965 0.135965 0.514198
0 0.648026 0.506523 0.648026 0.507291 0.649123 0.508058 0.652412 0.508058 0.652412 0.507291 0.651316 0.506523
0 0.203947 0.501151 0.201754 0.502686 0.202851 0.503454 0.205044 0.503454 0.20614 0.502686 0.20614 0.501919 0.205044 0.501151
0 0.324561 0.495012 0.324561 0.495779 0.330044 0.495779 0.33114 0.496546 0.333333 0.496546 0.332237 0.495779 0.33114 0.495779 0.330044 0.495012
0 0.585526 0.492709 0.585526 0.494244 0.586623 0.495012 0.586623 0.496546 0.589912 0.498849 0.593202 0.498849 0.593202 0.496546 0.588816 0.493477 0.588816 0.492709
0 0.220395 0.486569 0.219298 0.487337 0.219298 0.489639 0.221491 0.491174 0.224781 0.491174 0.223684 0.490407 0.223684 0.489639 0.222588 0.488872 0.222588 0.487337 0.221491 0.486569
0 0.246711 0.4835 0.245614 0.484267 0.243421 0.484267 0.242325 0.485035 0.240132 0.485035 0.239035 0.485802 0.237939 0.485802 0.236842 0.486569 0.235746 0.486569 0.233553 0.488104 0.232456 0.488104 0.23136 0.488872 0.23136 0.490407 0.232456 0.491174 0.236842 0.491174 0.237939 0.490407 0.239035 0.490407 0.240132 0.489639 0.241228 0.490407 0.245614 0.490407 0.246711 0.489639 0.247807 0.489639 0.25 0.488104 0.25 0.485802 0.248904 0.485035 0.248904 0.484267 0.247807 0.4835
0 0.720395 0.481197 0.720395 0.481965 0.725877 0.481965 0.725877 0.481197
0 0.150219 0.467383 0.150219 0.46815 0.151316 0.46815 0.152412 0.467383
0 0.336623 0.462011 0.335526 0.462778 0.33443 0.462778 0.33443 0.463546 0.333333 0.464313 0.33443 0.465081 0.336623 0.465081 0.336623 0.464313 0.337719 0.463546 0.337719 0.462011
0 0.379386 0.458173 0.379386 0.459708 0.380482 0.459708 0.381579 0.458941 0.380482 0.458173
0 0.211623 0.458173 0.210526 0.458941 0.210526 0.460476 0.213816 0.460476 0.213816 0.458941 0.212719 0.458941
0 0.550439 0.454336 0.547149 0.456639 0.547149 0.458173 0.546053 0.458941 0.546053 0.459708 0.544956 0.460476 0.544956 0.461243 0.54386 0.462011 0.54386 0.462778 0.54057 0.465081 0.54057 0.465848 0.539474 0.466616 0.539474 0.478127 0.538377 0.478895 0.538377 0.479662 0.539474 0.48043 0.54057 0.48043 0.54386 0.482732 0.544956 0.482732 0.546053 0.481965 0.547149 0.481965 0.548246 0.481197 0.548246 0.479662 0.547149 0.478895 0.547149 0.475058 0.548246 0.47429 0.547149 0.473523 0.547149 0.47122 0.551535 0.46815 0.551535 0.467383 0.553728 0.465848 0.553728 0.463546 0.554825 0.462778 0.554825 0.462011 0.555921 0.461243 0.555921 0.459708 0.554825 0.458941 0.555921 0.458173 0.555921 0.456639 0.554825 0.455871 0.554825 0.455104 0.553728 0.454336
0 0.16886 0.448196 0.16886 0.448964 0.169956 0.448964 0.169956 0.448196
0 0.433114 0.446662 0.432018 0.447429 0.427632 0.447429 0.426535 0.448196 0.422149 0.448196 0.419956 0.449731 0.41886 0.449731 0.414474 0.452801 0.414474 0.453569 0.413377 0.454336 0.413377 0.455104 0.412281 0.455871 0.412281 0.460476 0.414474 0.462011 0.414474 0.462778 0.417763 0.465081 0.424342 0.465081 0.425439 0.465848 0.428728 0.465848 0.430921 0.464313 0.430921 0.462778 0.432018 0.462011 0.432018 0.457406 0.433114 0.456639 0.433114 0.455871 0.434211 0.455104 0.434211 0.454336 0.435307 0.453569 0.435307 0.452801 0.4375 0.451266 0.4375 0.448196 0.435307 0.446662 0.434211 0.447429
0 0.224781 0.446662 0.222588 0.448196 0.222588 0.448964 0.223684 0.449731 0.223684 0.450499 0.225877 0.450499 0.226974 0.449731 0.226974 0.446662
0 0.366228 0.442824 0.365132 0.443592 0.366228 0.443592
0 0.324561 0.442057 0.323465 0.442824 0.322368 0.442824 0.319079 0.445127 0.319079 0.447429 0.321272 0.448964 0.322368 0.448964 0.323465 0.448196 0.324561 0.448196 0.326754 0.446662 0.327851 0.446662 0.328947 0.445894 0.328947 0.445127 0.330044 0.444359 0.330044 0.442057
0 0.667763 0.440522 0.666667 0.441289 0.667763 0.442057 0.667763 0.442824 0.669956 0.442824 0.669956 0.441289 0.66886 0.440522
0 0.208333 0.439754 0.207237 0.440522 0.207237 0.441289 0.208333 0.440522
0 0.558114 0.437452 0.558114 0.438219 0.559211 0.438987 0.559211 0.437452
0 0.609649 0.435917 0.609649 0.436685 0.611842 0.436685 0.612939 0.437452 0.614035 0.436685 0.612939 0.435917
0 0.723684 0.434382 0.723684 0.43515 0.724781 0.435917 0.724781 0.43515
0 0.589912 0.42901 0.588816 0.429777 0.591009 0.431312 0.592105 0.430545 0.592105 0.429777 0.591009 0.42901
0 0.677632 0.427475 0.675439 0.42901 0.675439 0.430545 0.677632 0.430545 0.679825 0.42901 0.678728 0.428243 0.678728 0.427475
0 0.430921 0.42594 0.429825 0.426708 0.429825 0.42901 0.430921 0.429777 0.432018 0.429777 0.433114 0.430545 0.435307 0.430545 0.435307 0.428243 0.433114 0.426708 0.432018 0.426708
0 0.350877 0.425173 0.349781 0.42594 0.347588 0.42594 0.346491 0.426708 0.346491 0.427475 0.343202 0.429777 0.343202 0.430545 0.344298 0.431312 0.344298 0.43208 0.345395 0.432847 0.346491 0.432847 0.347588 0.433615 0.355263 0.433615 0.35636 0.432847 0.357456 0.432847 0.358553 0.43208 0.358553 0.429777 0.357456 0.42901 0.357456 0.427475 0.35636 0.426708 0.35636 0.42594 0.355263 0.42594 0.354167 0.425173
0 0.224781 0.416731 0.224781 0.417498 0.225877 0.417498 0.225877 0.416731
0 0.205044 0.412893 0.203947 0.413661 0.205044 0.413661
0 0.223684 0.410591 0.222588 0.411358 0.222588 0.412126 0.223684 0.412893 0.224781 0.412893 0.224781 0.411358
0 0.733553 0.402149 0.733553 0.402916 0.734649 0.402916 0.734649 0.402149
0 0.457237 0.402149 0.45614 0.402916 0.45614 0.403684 0.455044 0.404451 0.455044 0.405219 0.452851 0.406754 0.452851 0.409823 0.453947 0.410591 0.453947 0.412893 0.455044 0.413661 0.455044 0.415963 0.453947 0.416731 0.453947 0.417498 0.451754 0.419033 0.451754 0.422103 0.452851 0.42287 0.451754 0.423638 0.451754 0.426708 0.450658 0.427475 0.450658 0.439754 0.451754 0.440522 0.451754 0.443592 0.452851 0.444359 0.453947 0.444359 0.453947 0.442057 0.455044 0.441289 0.455044 0.438987 0.45614 0.438219 0.45614 0.435917 0.457237 0.43515 0.45614 0.434382 0.45614 0.432847 0.457237 0.43208 0.457237 0.424405 0.458333 0.423638 0.458333 0.422103 0.45943 0.421335 0.45943 0.4198 0.460526 0.419033 0.460526 0.418266 0.461623 0.417498 0.461623 0.415196 0.460526 0.414428 0.460526 0.412126 0.45943 0.411358 0.45943 0.407521 0.458333 0.406754 0.458333 0.402916
0 0.564693 0.401381 0.563596 0.402149 0.563596 0.402916 0.565789 0.404451 0.569079 0.404451 0.569079 0.402916 0.567982 0.402149 0.566886 0.402149 0.565789 0.401381
0 0.375 0.401381 0.375 0.402149 0.376096 0.401381
0 0.375 0.396009 0.376096 0.396777 0.376096 0.396009
0 0.576754 0.393707 0.574561 0.395242 0.574561 0.396009 0.575658 0.396777 0.577851 0.396777 0.580044 0.395242 0.577851 0.393707
0 0.235746 0.392939 0.234649 0.393707 0.235746 0.394474
0 0.707237 0.38987 0.70614 0.390637 0.70614 0.391404 0.707237 0.392172 0.708333 0.392172 0.70943 0.391404 0.70943 0.390637 0.708333 0.390637
0 0.264254 0.388335 0.264254 0.38987 0.265351 0.38987 0.266447 0.389102 0.265351 0.388335
0 0.258772 0.382962 0.257675 0.38373 0.257675 0.386032 0.259868 0.386032 0.260965 0.385265 0.260965 0.382962
0 0.573465 0.382195 0.572368 0.382962 0.572368 0.38373 0.573465 0.38373 0.574561 0.382962
0 0.667763 0.379125 0.667763 0.38066 0.669956 0.38066 0.671053 0.381427 0.672149 0.38066 0.673246 0.38066 0.673246 0.379893 0.66886 0.379893
0 0.637061 0.373753 0.637061 0.37452 0.638158 0.373753
0 0.207237 0.37145 0.207237 0.372218 0.208333 0.372985 0.208333 0.372218
0 0.640351 0.364543 0.640351 0.366078 0.641447 0.366078 0.640351 0.365311
0 0.221491 0.355334 0.221491 0.356869 0.222588 0.356869 0.222588 0.356101
0 0.671053 0.354566 0.669956 0.355334 0.667763 0.355334 0.66557 0.356869 0.66557 0.359171 0.669956 0.359171 0.672149 0.357636 0.673246 0.357636 0.675439 0.356101 0.673246 0.354566
0 0.410088 0.354566 0.408991 0.355334 0.407895 0.355334 0.402412 0.359171 0.402412 0.365311 0.403509 0.366078 0.403509 0.367613 0.406798 0.369916 0.413377 0.369916 0.41557 0.368381 0.416667 0.368381 0.416667 0.367613 0.417763 0.366846 0.417763 0.366078 0.41886 0.365311 0.41886 0.364543 0.419956 0.363776 0.419956 0.360706 0.417763 0.359171 0.417763 0.358404 0.416667 0.357636 0.416667 0.356869 0.41557 0.356869 0.413377 0.355334 0.411184 0.355334
0 0.348684 0.353031 0.348684 0.355334 0.349781 0.356101 0.350877 0.356101 0.351974 0.356869 0.358553 0.356869 0.358553 0.355334 0.357456 0.354566 0.357456 0.353799 0.355263 0.353799 0.354167 0.353031
0 0.572368 0.350729 0.572368 0.351497 0.574561 0.351497 0.574561 0.350729
0 0.673246 0.346892 0.672149 0.347659 0.673246 0.348427 0.675439 0.348427 0.675439 0.346892
0 0.566886 0.344589 0.565789 0.345357 0.565789 0.346892 0.564693 0.347659 0.564693 0.355334 0.563596 0.356101 0.563596 0.356869 0.564693 0.357636 0.565789 0.357636 0.567982 0.356101 0.567982 0.353031 0.569079 0.352264 0.569079 0.345357 0.567982 0.344589
0 0.759868 0.342287 0.759868 0.343054 0.760965 0.343054 0.760965 0.342287
0 0.551535 0.342287 0.550439 0.343054 0.549342 0.343054 0.548246 0.343822 0.547149 0.343822 0.544956 0.345357 0.544956 0.346124 0.54386 0.346892 0.54386 0.347659 0.542763 0.348427 0.542763 0.349194 0.54057 0.350729 0.54057 0.352264 0.538377 0.353799 0.538377 0.355334 0.537281 0.356101 0.537281 0.356869 0.536184 0.357636 0.536184 0.358404 0.535088 0.359171 0.533991 0.359171 0.533991 0.359939 0.535088 0.360706 0.535088 0.362241 0.533991 0.363008 0.535088 0.363776 0.533991 0.364543 0.533991 0.365311 0.535088 0.365311 0.537281 0.363776 0.537281 0.360706 0.538377 0.359939 0.538377 0.359171 0.54057 0.357636 0.541667 0.357636 0.542763 0.356869 0.54386 0.357636 0.544956 0.357636 0.546053 0.356869 0.548246 0.356869 0.550439 0.358404 0.550439 0.359171 0.551535 0.359171 0.552632 0.359939 0.553728 0.359171 0.554825 0.359171 0.555921 0.358404 0.555921 0.357636 0.557018 0.356869 0.557018 0.355334 0.558114 0.354566 0.558114 0.348427 0.557018 0.347659 0.557018 0.345357 0.554825 0.343822 0.554825 0.343054 0.552632 0.343054
0 0.737939 0.33845 0.736842 0.339217 0.736842 0.339985 0.741228 0.339985 0.741228 0.339217 0.740132 0.33845
0 0.343202 0.337682 0.342105 0.33845 0.344298 0.33845
0 0.662281 0.33538 0.660088 0.336915 0.660088 0.337682 0.658991 0.33845 0.658991 0.339985 0.660088 0.340752 0.660088 0.34152 0.661184 0.342287 0.662281 0.342287 0.663377 0.343054 0.664474 0.343054 0.664474 0.34152 0.66557 0.340752 0.66557 0.336147 0.664474 0.33538
0 0.666667 0.32924 0.664474 0.330775 0.664474 0.331543 0.66557 0.330775 0.666667 0.330775
0 0.325658 0.323101 0.325658 0.324635 0.327851 0.32617 0.327851 0.326938 0.33114 0.326938 0.333333 0.325403 0.333333 0.323868 0.332237 0.323868 0.33114 0.323101
0 0.349781 0.294705 0.349781 0.296239 0.350877 0.297007 0.350877 0.296239 0.349781 0.295472
0 0.247807 0.284728 0.247807 0.285495 0.248904 0.286262 0.25 0.286262 0.251096 0.28703 0.251096 0.286262 0.25 0.285495 0.248904 0.285495
0 0.33114 0.276285 0.332237 0.277053 0.332237 0.27782 0.332237 0.276285
0 0.342105 0.267076 0.342105 0.267843 0.343202 0.267843 0.343202 0.267076
0 0.332237 0.264774 0.332237 0.266309 0.33443 0.266309 0.33443 0.265541 0.333333 0.264774
0 0.699561 0.260169 0.698465 0.260936 0.699561 0.260936
0 0.611842 0.256332 0.610746 0.257099 0.610746 0.257866 0.611842 0.257866 0.612939 0.257099
0 0.439693 0.250959 0.438596 0.251727 0.4375 0.251727 0.436404 0.252494 0.4375 0.253262 0.4375 0.254029 0.438596 0.254797 0.438596 0.255564 0.439693 0.256332 0.438596 0.257099 0.438596 0.263239 0.439693 0.264006 0.439693 0.267076 0.440789 0.267843 0.440789 0.270913 0.439693 0.271681 0.439693 0.277053 0.446272 0.281658 0.449561 0.281658 0.450658 0.28089 0.451754 0.28089 0.452851 0.281658 0.453947 0.28089 0.453947 0.279355 0.45614 0.27782 0.45614 0.277053 0.457237 0.276285 0.457237 0.274751 0.458333 0.273983 0.458333 0.273216 0.457237 0.272448 0.457237 0.271681 0.45614 0.270913 0.45614 0.268611 0.455044 0.267843 0.455044 0.267076 0.453947 0.266309 0.453947 0.262471 0.452851 0.261704 0.453947 0.260936 0.452851 0.260169 0.453947 0.259401 0.453947 0.257866 0.452851 0.257099 0.452851 0.255564 0.451754 0.254797 0.451754 0.254029 0.447368 0.250959
0 0.441886 0.237913 0.441886 0.24175 0.444079 0.24175 0.444079 0.240215 0.442982 0.239447 0.442982 0.237913
0 0.366228 0.231005 0.367325 0.231773 0.367325 0.23254 0.369518 0.234075 0.370614 0.234075 0.370614 0.23254 0.368421 0.231005
0 0.450658 0.220261 0.450658 0.221796 0.452851 0.221796 0.452851 0.221028 0.451754 0.220261
0 0.442982 0.201842 0.442982 0.204144 0.444079 0.204912 0.444079 0.205679 0.445175 0.206447 0.445175 0.208749 0.446272 0.209517 0.446272 0.212586 0.446272 0.208749 0.445175 0.207982 0.445175 0.205679 0.444079 0.204912 0.444079 0.203377 0.442982 0.202609
0 0.621711 0.191865 0.620614 0.192632 0.619518 0.192632 0.619518 0.1934 0.617325 0.194935 0.617325 0.195702 0.615132 0.197237 0.615132 0.198772 0.617325 0.198772 0.618421 0.198005 0.619518 0.198005 0.626096 0.1934 0.626096 0.191865
0 0.641447 0.182655 0.640351 0.183423 0.640351 0.18726 0.642544 0.18726 0.64364 0.186493 0.64364 0.183423 0.642544 0.182655
0 0.391447 0.179586 0.391447 0.18112 0.392544 0.181888 0.392544 0.183423 0.39364 0.18419 0.39364 0.182655 0.392544 0.181888 0.392544 0.179586
0 0.6875 0.174213 0.6875 0.174981 0.688596 0.175748 0.689693 0.175748 0.689693 0.174213
0 0.633772 0.171911 0.632675 0.172678 0.632675 0.176516 0.633772 0.176516 0.634868 0.175748 0.634868 0.172678
0 0.682018 0.164236 0.682018 0.165771 0.680921 0.166539 0.680921 0.167306 0.683114 0.167306 0.683114 0.164236
0 0.514254 0.153492 0.514254 0.155027 0.515351 0.154259 0.515351 0.153492
0 0.519737 0.150422 0.51864 0.15119 0.519737 0.15119 0.520833 0.150422
0 0.724781 0.142748 0.723684 0.143515 0.722588 0.143515 0.723684 0.144282 0.725877 0.142748
0 0.64693 0.135073 0.644737 0.136608 0.644737 0.138143 0.645833 0.138143 0.645833 0.137375 0.64693 0.136608
0 0.512061 0.135073 0.512061 0.13584 0.510965 0.136608 0.512061 0.137375 0.513158 0.136608 0.513158 0.13584
0 0.734649 0.132003 0.733553 0.132771 0.733553 0.134305 0.732456 0.135073 0.733553 0.135073 0.733553 0.133538 0.734649 0.132771
0 0.575658 0.127398 0.575658 0.129701 0.575658 0.128933 0.576754 0.128166 0.576754 0.127398
0 0.588816 0.125863 0.587719 0.126631 0.587719 0.129701 0.588816 0.130468 0.589912 0.129701 0.591009 0.129701 0.592105 0.128933 0.592105 0.127398 0.591009 0.126631 0.591009 0.125863
0 0.625 0.114351 0.625 0.115119 0.627193 0.116654 0.627193 0.117421 0.629386 0.118956 0.630482 0.118956 0.629386 0.118189 0.629386 0.117421 0.628289 0.116654 0.628289 0.115886 0.627193 0.115119 0.626096 0.115119
0 0.639254 0.107444 0.638158 0.108212 0.638158 0.109747 0.637061 0.110514 0.637061 0.112049 0.635965 0.112817 0.635965 0.113584 0.634868 0.114351 0.634868 0.115886 0.633772 0.116654 0.633772 0.117421 0.635965 0.115886 0.635965 0.115119 0.637061 0.114351 0.637061 0.112049 0.638158 0.111282 0.638158 0.108979 0.639254 0.108212
0 0.507675 0.095165 0.506579 0.0959325 0.506579 0.0966999 0.507675 0.0966999
