0 0.316886 0.843438 0.317982 0.844206 0.317982 0.845741 0.319079 0.846508 0.319079 0.848043 0.320175 0.84881 0.320175 0.849578 0.323465 0.85188 0.324561 0.85188 0.324561 0.851113 0.321272 0.84881 0.321272 0.848043 0.320175 0.847276 0.320175 0.846508 0.319079 0.845741 0.319079 0.844206 0.317982 0.843438
0 0.316886 0.811972 0.314693 0.813507 0.314693 0.81581 0.317982 0.81581 0.317982 0.811972
0 0.354167 0.795088 0.354167 0.798158 0.355263 0.798926 0.351974 0.801228 0.351974 0.801995 0.350877 0.802763 0.351974 0.802763 0.35636 0.799693 0.35636 0.795088
0 0.179825 0.793553 0.180921 0.794321 0.182018 0.793553
0 0.208333 0.781274 0.207237 0.782041 0.207237 0.783576 0.208333 0.783576 0.210526 0.782041 0.210526 0.781274
0 0.229167 0.762087 0.229167 0.763622 0.230263 0.762855 0.230263 0.762087
0 0.180921 0.683039 0.180921 0.684574 0.182018 0.685342 0.182018 0.693016 0.183114 0.693784 0.183114 0.694551 0.184211 0.693784 0.184211 0.683807 0.183114 0.683807 0.182018 0.683039
0 0.54386 0.682272 0.54386 0.683039 0.544956 0.683807 0.544956 0.684574 0.544956 0.682272
0 0.419956 0.666922 0.41886 0.66769 0.41886 0.67076 0.417763 0.671527 0.417763 0.672295 0.416667 0.673062 0.416667 0.67383 0.414474 0.675365 0.414474 0.676132 0.411184 0.678434 0.411184 0.679202 0.410088 0.679969 0.410088 0.681504 0.408991 0.682272 0.408991 0.683807 0.407895 0.684574 0.407895 0.685342 0.406798 0.686109 0.406798 0.691481 0.407895 0.692249 0.407895 0.693016 0.408991 0.693784 0.410088 0.693784 0.411184 0.694551 0.413377 0.694551 0.414474 0.693784 0.41557 0.693784 0.417763 0.692249 0.41886 0.692249 0.419956 0.691481 0.419956 0.689946 0.421053 0.689179 0.421053 0.686109 0.422149 0.685342 0.422149 0.679969 0.423246 0.679202 0.423246 0.676899 0.424342 0.676132 0.424342 0.669225 0.421053 0.666922
0 0.494518 0.652341 0.492325 0.653876 0.492325 0.656178 0.493421 0.656946 0.493421 0.657713 0.494518 0.65848 0.493421 0.659248 0.493421 0.660015 0.494518 0.660015 0.495614 0.659248 0.495614 0.656946 0.496711 0.656178 0.496711 0.653108 0.495614 0.652341
0 0.529605 0.643899 0.529605 0.644666 0.528509 0.645434 0.528509 0.646201 0.530702 0.646201 0.530702 0.644666
0 0.51864 0.639294 0.517544 0.640061 0.517544 0.641596 0.51864 0.642364 0.519737 0.642364 0.52193 0.640829 0.52193 0.640061 0.520833 0.640061 0.519737 0.639294
0 0.203947 0.630852 0.203947 0.631619 0.205044 0.631619 0.205044 0.630852
0 0.232456 0.62855 0.232456 0.629317 0.230263 0.630852 0.230263 0.631619 0.229167 0.632387 0.22807 0.632387 0.223684 0.635457 0.223684 0.636224 0.222588 0.636992 0.222588 0.640061 0.223684 0.640829 0.223684 0.641596 0.225877 0.643131 0.23136 0.643131 0.233553 0.641596 0.233553 0.640829 0.234649 0.640061 0.234649 0.639294 0.235746 0.638526 0.235746 0.637759 0.236842 0.636992 0.236842 0.635457 0.237939 0.634689 0.237939 0.630852 0.234649 0.62855
0 0.619518 0.611665 0.619518 0.612433 0.620614 0.612433 0.621711 0.6132 0.621711 0.612433 0.620614 0.611665
0 0.54386 0.602456 0.544956 0.603223 0.546053 0.603223 0.549342 0.605526 0.550439 0.605526 0.552632 0.603991 0.552632 0.603223 0.547149 0.603223 0.546053 0.602456
0 0.561404 0.582502 0.561404 0.583269 0.5625 0.583269 0.5625 0.582502
0 0.307018 0.566385 0.305921 0.567153 0.305921 0.56792 0.308114 0.56792 0.308114 0.566385
0 0.631579 0.563315 0.630482 0.564083 0.630482 0.566385 0.631579 0.567153 0.633772 0.567153 0.634868 0.566385 0.634868 0.56485 0.632675 0.563315
0 0.16886 0.548734 0.16886 0.549501 0.169956 0.549501 0.169956 0.548734
0 0.355263 0.547966 0.354167 0.548734 0.344298 0.548734 0.343202 0.549501 0.341009 0.549501 0.339912 0.550269 0.339912 0.551036 0.337719 0.552571 0.342105 0.555641 0.342105 0.556408 0.343202 0.557176 0.343202 0.557943 0.344298 0.558711 0.344298 0.561781 0.346491 0.561781 0.347588 0.562548 0.348684 0.562548 0.35307 0.565618 0.357456 0.565618 0.360746 0.56792 0.360746 0.567153 0.361842 0.566385 0.361842 0.565618 0.362939 0.56485 0.362939 0.551804 0.361842 0.551036 0.361842 0.550269 0.359649 0.548734 0.35636 0.548734
0 0.324561 0.545664 0.322368 0.547199 0.322368 0.547966 0.321272 0.548734 0.321272 0.552571 0.322368 0.553338 0.322368 0.554106 0.325658 0.554106 0.326754 0.553338 0.326754 0.551804 0.327851 0.551036 0.327851 0.549501 0.328947 0.548734 0.328947 0.546431 0.327851 0.545664
0 0.348684 0.534152 0.348684 0.535687 0.349781 0.536454 0.349781 0.537222 0.351974 0.537222 0.351974 0.534919 0.350877 0.534152
0 0.247807 0.52878 0.247807 0.529547 0.248904 0.530315 0.248904 0.52878
0 0.167763 0.52571 0.167763 0.526477 0.16886 0.526477 0.16886 0.52571
0 0.625 0.521873 0.625 0.523408 0.626096 0.524175 0.627193 0.524175 0.627193 0.523408
0 0.608553 0.520338 0.608553 0.524175 0.609649 0.524942 0.609649 0.526477 0.610746 0.527245 0.611842 0.527245 0.612939 0.528012 0.618421 0.528012 0.619518 0.527245 0.619518 0.52571 0.618421 0.524942 0.618421 0.523408 0.616228 0.521873 0.615132 0.521873 0.614035 0.521105 0.612939 0.521105 0.611842 0.520338
0 0.150219 0.513431 0.151316 0.514198 0.150219 0.514965 0.149123 0.514965 0.152412 0.514965 0.153509 0.514198 0.152412 0.513431
0 0.622807 0.506523 0.622807 0.507291 0.623904 0.508058 0.626096 0.508058 0.626096 0.507291 0.625 0.507291 0.623904 0.506523
0 0.191886 0.505756 0.190789 0.506523 0.189693 0.506523 0.1875 0.508058 0.183114 0.508058 0.182018 0.508826 0.177632 0.508826 0.176535 0.509593 0.175439 0.509593 0.176535 0.510361 0.180921 0.510361 0.182018 0.509593 0.188596 0.509593 0.190789 0.508058 0.191886 0.508058 0.192982 0.507291 0.194079 0.507291 0.195175 0.506523 0.194079 0.505756
0 0.631579 0.504988 0.631579 0.506523 0.632675 0.506523 0.633772 0.507291 0.634868 0.507291 0.635965 0.508058 0.64693 0.508058 0.64693 0.507291 0.645833 0.506523 0.644737 0.506523 0.64364 0.507291 0.640351 0.507291 0.639254 0.506523 0.638158 0.506523 0.637061 0.505756 0.634868 0.505756 0.633772 0.504988
0 0.586623 0.503454 0.586623 0.506523 0.587719 0.507291 0.587719 0.508058 0.588816 0.508826 0.588816 0.509593 0.589912 0.510361 0.597588 0.510361 0.597588 0.509593 0.596491 0.508826 0.595395 0.508826 0.591009 0.505756 0.591009 0.504988 0.589912 0.504221 0.589912 0.503454
0 0.220395 0.495012 0.219298 0.495779 0.219298 0.497314 0.220395 0.498081 0.223684 0.498081 0.223684 0.497314 0.224781 0.496546 0.223684 0.495779 0.223684 0.495012
0 0.58114 0.494244 0.580044 0.495012 0.580044 0.498081 0.58114 0.498849 0.582237 0.498849 0.583333 0.499616 0.586623 0.499616 0.587719 0.498849
0 0.699561 0.48043 0.700658 0.481197 0.702851 0.481197 0.701754 0.481197 0.700658 0.48043
0 0.649123 0.48043 0.650219 0.481197 0.652412 0.481197 0.651316 0.481197 0.650219 0.48043
0 0.538377 0.475058 0.537281 0.475825 0.537281 0.479662 0.538377 0.48043 0.538377 0.481197 0.54057 0.482732 0.541667 0.482732 0.542763 0.4835 0.544956 0.4835 0.546053 0.484267 0.547149 0.484267 0.548246 0.4835 0.548246 0.481197 0.546053 0.479662 0.546053 0.478895 0.541667 0.475825 0.54057 0.475825 0.539474 0.475058
0 0.190789 0.473523 0.189693 0.47429 0.189693 0.475058 0.188596 0.475825 0.188596 0.47736 0.1875 0.478127 0.1875 0.479662 0.189693 0.479662 0.189693 0.478895 0.191886 0.47736 0.191886 0.473523
0 0.649123 0.469685 0.649123 0.47122 0.650219 0.470453 0.650219 0.469685
0 0.347588 0.458173 0.345395 0.459708 0.345395 0.461243 0.346491 0.462011 0.347588 0.461243 0.348684 0.461243 0.349781 0.460476 0.349781 0.459708 0.350877 0.458941 0.349781 0.458173
0 0.205044 0.458173 0.205044 0.458941 0.207237 0.460476 0.20943 0.460476 0.20943 0.458941 0.208333 0.458173
0 0.390351 0.453569 0.388158 0.455104 0.389254 0.455871 0.391447 0.454336 0.391447 0.453569
0 0.425439 0.452034 0.424342 0.452801 0.41886 0.452801 0.417763 0.453569 0.41557 0.453569 0.412281 0.455871 0.412281 0.456639 0.411184 0.457406 0.411184 0.458941 0.412281 0.459708 0.412281 0.460476 0.413377 0.461243 0.413377 0.462011 0.417763 0.465081 0.417763 0.465848 0.423246 0.465848 0.424342 0.466616 0.433114 0.466616 0.436404 0.464313 0.436404 0.463546 0.438596 0.462011 0.438596 0.460476 0.439693 0.459708 0.438596 0.458941 0.438596 0.458173 0.433114 0.454336 0.433114 0.453569 0.430921 0.453569 0.429825 0.452801 0.426535 0.452801
0 0.384868 0.446662 0.383772 0.447429 0.381579 0.447429 0.382675 0.448196 0.385965 0.448196 0.385965 0.447429
0 0.339912 0.443592 0.338816 0.444359 0.335526 0.444359 0.33443 0.445127 0.333333 0.445127 0.333333 0.446662 0.335526 0.448196 0.339912 0.448196 0.341009 0.447429 0.341009 0.446662 0.342105 0.445894 0.342105 0.445127
0 0.559211 0.442824 0.558114 0.443592 0.558114 0.445127 0.559211 0.444359
0 0.223684 0.442824 0.222588 0.443592 0.218202 0.443592 0.217105 0.444359 0.216009 0.443592 0.214912 0.443592 0.213816 0.444359 0.213816 0.445127 0.217105 0.447429 0.218202 0.447429 0.219298 0.448196 0.224781 0.448196 0.225877 0.447429 0.225877 0.446662 0.226974 0.445894 0.226974 0.443592 0.225877 0.442824
0 0.184211 0.442824 0.184211 0.443592 0.183114 0.444359 0.183114 0.445894 0.182018 0.446662 0.182018 0.448196 0.184211 0.446662 0.184211 0.445894 0.185307 0.445127 0.185307 0.442824
0 0.599781 0.438987 0.599781 0.439754 0.600877 0.440522 0.599781 0.441289 0.599781 0.442824 0.600877 0.442824 0.60307 0.441289 0.60307 0.439754 0.601974 0.438987
0 0.66886 0.438219 0.666667 0.439754 0.666667 0.442057 0.66886 0.443592 0.671053 0.443592 0.672149 0.442824 0.672149 0.440522
0 0.210526 0.432847 0.20943 0.433615 0.20943 0.43515 0.210526 0.435917 0.212719 0.434382 0.212719 0.433615 0.211623 0.432847
0 0.717105 0.431312 0.717105 0.432847 0.718202 0.433615 0.718202 0.43208
0 0.354167 0.428243 0.35307 0.42901 0.351974 0.42901 0.348684 0.431312 0.348684 0.43515 0.350877 0.436685 0.351974 0.436685 0.35307 0.437452 0.354167 0.436685 0.355263 0.437452 0.35636 0.437452 0.357456 0.436685 0.359649 0.436685 0.364035 0.433615 0.364035 0.43208 0.362939 0.431312 0.362939 0.430545 0.359649 0.428243
0 0.430921 0.424405 0.430921 0.425173 0.429825 0.42594 0.430921 0.426708 0.430921 0.427475 0.432018 0.428243 0.435307 0.428243 0.435307 0.42594 0.433114 0.424405
0 0.45614 0.414428 0.453947 0.415963 0.453947 0.42594 0.452851 0.426708 0.452851 0.43208 0.451754 0.432847 0.451754 0.438219 0.450658 0.438987 0.450658 0.442057 0.451754 0.442824 0.451754 0.451266 0.452851 0.452034 0.452851 0.453569 0.453947 0.454336 0.455044 0.453569 0.455044 0.448964 0.45614 0.448196 0.45614 0.442824 0.457237 0.442057 0.457237 0.441289 0.458333 0.440522 0.458333 0.437452 0.45943 0.436685 0.458333 0.435917 0.458333 0.432847 0.457237 0.43208 0.457237 0.428243 0.45614 0.427475 0.457237 0.426708 0.45614 0.42594 0.45614 0.42287 0.457237 0.422103 0.457237 0.419033 0.45614 0.418266
0 0.175439 0.414428 0.175439 0.415196 0.178728 0.417498 0.178728 0.416731 0.177632 0.415963 0.177632 0.415196 0.176535 0.414428
0 0.229167 0.411358 0.22807 0.412126 0.22807 0.413661 0.230263 0.413661 0.232456 0.412126 0.232456 0.411358
0 0.566886 0.401381 0.564693 0.402916 0.564693 0.403684 0.565789 0.404451 0.566886 0.404451 0.567982 0.405219 0.569079 0.405219 0.569079 0.404451 0.570175 0.403684 0.569079 0.402916 0.569079 0.402149 0.567982 0.401381
0 0.377193 0.399079 0.376096 0.399847 0.377193 0.400614 0.379386 0.400614 0.379386 0.399847 0.378289 0.399079
0 0.234649 0.399079 0.234649 0.400614 0.235746 0.400614 0.235746 0.399847
0 0.724781 0.395242 0.725877 0.396009 0.726974 0.396009 0.725877 0.395242
0 0.58114 0.391404 0.577851 0.393707 0.577851 0.394474 0.578947 0.395242 0.58114 0.395242 0.58443 0.392939 0.58443 0.392172 0.583333 0.391404
0 0.707237 0.390637 0.70614 0.391404 0.70614 0.392172 0.707237 0.392172 0.708333 0.392939 0.70943 0.392939 0.70943 0.392172
0 0.260965 0.390637 0.260965 0.391404 0.259868 0.392172 0.260965 0.392939 0.260965 0.392172 0.262061 0.391404 0.262061 0.390637
0 0.578947 0.3868 0.578947 0.387567 0.580044 0.388335 0.582237 0.388335 0.582237 0.387567 0.58114 0.3868
0 0.257675 0.386032 0.256579 0.3868 0.255482 0.3868 0.255482 0.387567 0.254386 0.388335 0.254386 0.38987 0.255482 0.390637 0.258772 0.388335 0.258772 0.3868
0 0.650219 0.38066 0.649123 0.381427 0.64693 0.381427 0.64693 0.382195 0.651316 0.382195 0.651316 0.38066
0 0.633772 0.379893 0.633772 0.38066 0.634868 0.381427 0.635965 0.381427 0.635965 0.38066 0.634868 0.379893
0 0.438596 0.379893 0.438596 0.38066 0.439693 0.38066 0.439693 0.379893
0 0.753289 0.376823 0.753289 0.37759 0.755482 0.37759 0.756579 0.376823
0 0.210526 0.376823 0.210526 0.37759 0.211623 0.37759 0.211623 0.376823
0 0.638158 0.375288 0.637061 0.376055 0.638158 0.376055
0 0.730263 0.37452 0.73136 0.375288 0.736842 0.375288 0.737939 0.376055 0.736842 0.375288 0.735746 0.375288 0.734649 0.37452
0 0.660088 0.363008 0.658991 0.363776 0.657895 0.363776 0.656798 0.364543 0.655702 0.364543 0.650219 0.368381 0.650219 0.369916 0.654605 0.369916 0.658991 0.366846 0.658991 0.366078 0.661184 0.364543 0.661184 0.363008
0 0.566886 0.359939 0.563596 0.362241 0.563596 0.363776 0.5625 0.364543 0.5625 0.369148 0.563596 0.369916 0.563596 0.370683 0.565789 0.370683 0.566886 0.37145 0.567982 0.370683 0.569079 0.370683 0.569079 0.369916 0.570175 0.369148 0.570175 0.365311 0.569079 0.364543 0.569079 0.362241 0.567982 0.361474 0.567982 0.359939
0 0.224781 0.359939 0.224781 0.360706 0.225877 0.361474 0.226974 0.361474 0.22807 0.362241 0.229167 0.362241 0.230263 0.361474 0.230263 0.360706 0.22807 0.360706 0.226974 0.359939
0 0.219298 0.358404 0.219298 0.359171 0.221491 0.359171 0.220395 0.359171
0 0.413377 0.356869 0.412281 0.357636 0.411184 0.357636 0.408991 0.359171 0.407895 0.359171 0.407895 0.359939 0.405702 0.361474 0.405702 0.366846 0.407895 0.368381 0.407895 0.369916 0.410088 0.369916 0.412281 0.37145 0.41886 0.37145 0.421053 0.369916 0.422149 0.369916 0.423246 0.369148 0.423246 0.368381 0.425439 0.366846 0.425439 0.366078 0.426535 0.365311 0.426535 0.360706 0.424342 0.359171 0.424342 0.358404 0.423246 0.358404 0.421053 0.356869
0 0.360746 0.354566 0.359649 0.355334 0.358553 0.355334 0.358553 0.356869 0.359649 0.357636 0.359649 0.359171 0.361842 0.360706 0.365132 0.360706 0.367325 0.359171 0.367325 0.358404 0.366228 0.357636 0.366228 0.356869 0.362939 0.354566
0 0.566886 0.349962 0.567982 0.349962 0.569079 0.350729 0.570175 0.350729 0.570175 0.349962
0 0.662281 0.345357 0.661184 0.346124 0.661184 0.348427 0.660088 0.349194 0.660088 0.349962 0.661184 0.350729 0.661184 0.353799 0.66557 0.353799 0.666667 0.353031 0.669956 0.353031 0.671053 0.352264 0.672149 0.352264 0.673246 0.351497 0.673246 0.350729 0.671053 0.349194 0.669956 0.349962 0.66886 0.349962 0.666667 0.348427 0.666667 0.347659 0.663377 0.345357
0 0.722588 0.343054 0.722588 0.343822 0.721491 0.344589 0.722588 0.345357 0.723684 0.345357 0.724781 0.344589 0.725877 0.344589 0.726974 0.343822 0.725877 0.343054
0 0.550439 0.33845 0.548246 0.339985 0.548246 0.342287 0.549342 0.343054 0.549342 0.345357 0.548246 0.346124 0.548246 0.353031 0.549342 0.353799 0.549342 0.356869 0.550439 0.357636 0.550439 0.361474 0.549342 0.362241 0.549342 0.363776 0.548246 0.364543 0.548246 0.368381 0.549342 0.369148 0.552632 0.369148 0.552632 0.368381 0.553728 0.367613 0.553728 0.366846 0.554825 0.366078 0.554825 0.365311 0.555921 0.364543 0.555921 0.363776 0.557018 0.363008 0.557018 0.362241 0.558114 0.361474 0.558114 0.356869 0.559211 0.356101 0.559211 0.355334 0.557018 0.353799 0.557018 0.353031 0.554825 0.351497 0.554825 0.349194 0.555921 0.348427 0.555921 0.347659 0.557018 0.346892 0.557018 0.345357 0.555921 0.344589 0.555921 0.343054 0.554825 0.342287 0.554825 0.340752 0.551535 0.33845
0 0.348684 0.33845 0.348684 0.339985 0.349781 0.339217
0 0.354167 0.328473 0.354167 0.32924 0.355263 0.32924
0 0.343202 0.318496 0.343202 0.319263 0.342105 0.320031 0.342105 0.321566 0.341009 0.322333 0.338816 0.322333 0.335526 0.324635 0.335526 0.32617 0.336623 0.326938 0.341009 0.326938 0.343202 0.325403 0.342105 0.324635 0.343202 0.323868 0.342105 0.323101 0.342105 0.322333 0.343202 0.321566
0 0.35307 0.302379 0.35307 0.303914 0.354167 0.304682 0.354167 0.302379
0 0.262061 0.291635 0.262061 0.292402 0.266447 0.295472 0.267544 0.295472 0.266447 0.294705 0.266447 0.293937 0.265351 0.29317 0.265351 0.292402 0.263158 0.292402
0 0.733553 0.286262 0.733553 0.28703 0.734649 0.286262 0.735746 0.286262
0 0.403509 0.283193 0.402412 0.28396 0.403509 0.284728
0 0.685307 0.273983 0.685307 0.274751 0.684211 0.275518 0.685307 0.275518 0.686404 0.274751
0 0.455044 0.271681 0.452851 0.273216 0.451754 0.273216 0.450658 0.273983 0.444079 0.273983 0.442982 0.274751 0.440789 0.274751 0.439693 0.275518 0.4375 0.275518 0.436404 0.276285 0.4375 0.277053 0.4375 0.279355 0.438596 0.280123 0.438596 0.28089 0.439693 0.281658 0.439693 0.282425 0.442982 0.284728 0.442982 0.285495 0.445175 0.28703 0.446272 0.28703 0.449561 0.289332 0.451754 0.289332 0.453947 0.287797 0.453947 0.28703 0.455044 0.286262 0.455044 0.285495 0.45614 0.284728 0.45614 0.282425 0.457237 0.281658 0.457237 0.27782 0.45614 0.277053 0.45614 0.271681
0 0.335526 0.269378 0.335526 0.270913 0.337719 0.270913 0.337719 0.269378
0 0.595395 0.267843 0.595395 0.270146 0.596491 0.270913 0.597588 0.270146 0.597588 0.269378 0.596491 0.268611 0.596491 0.267843
0 0.694079 0.265541 0.692982 0.266309 0.692982 0.267076 0.691886 0.267843 0.692982 0.267843 0.695175 0.266309 0.695175 0.265541
0 0.446272 0.255564 0.445175 0.256332 0.442982 0.256332 0.441886 0.257099 0.441886 0.257866 0.440789 0.258634 0.440789 0.259401 0.438596 0.260936 0.438596 0.263239 0.439693 0.264006 0.440789 0.264006 0.444079 0.266309 0.448465 0.266309 0.448465 0.265541 0.451754 0.263239 0.452851 0.263239 0.455044 0.261704 0.455044 0.259401 0.453947 0.258634 0.453947 0.257866 0.451754 0.256332 0.447368 0.256332
0 0.430921 0.255564 0.429825 0.256332 0.428728 0.256332 0.428728 0.260169 0.429825 0.260169 0.432018 0.258634 0.432018 0.257099 0.433114 0.256332 0.432018 0.255564
0 0.743421 0.249424 0.743421 0.250192 0.742325 0.250959 0.742325 0.251727 0.743421 0.251727 0.745614 0.250192 0.746711 0.250192 0.746711 0.249424
0 0.439693 0.247122 0.439693 0.248657 0.440789 0.249424 0.442982 0.249424 0.441886 0.248657 0.441886 0.247889 0.440789 0.247122
0 0.371711 0.237145 0.371711 0.23868 0.372807 0.239447 0.373904 0.23868 0.373904 0.237145
0 0.302632 0.22947 0.304825 0.231005 0.304825 0.231773 0.308114 0.234075 0.308114 0.233308 0.305921 0.231773 0.305921 0.231005 0.303728 0.22947
0 0.449561 0.227936 0.448465 0.228703 0.448465 0.234843 0.450658 0.234843 0.450658 0.233308 0.451754 0.23254 0.451754 0.230238 0.450658 0.22947 0.450658 0.228703
0 0.296053 0.225633 0.297149 0.226401 0.298246 0.226401 0.299342 0.227168 0.299342 0.226401 0.298246 0.226401 0.297149 0.225633
0 0.637061 0.216424 0.635965 0.217191 0.637061 0.217191
0 0.305921 0.212586 0.307018 0.213354 0.307018 0.212586
0 0.455044 0.211051 0.455044 0.211819 0.453947 0.212586 0.453947 0.213354 0.455044 0.213354 0.455044 0.212586 0.45614 0.211819 0.45614 0.211051
0 0.642544 0.209517 0.640351 0.211051 0.641447 0.211051 0.642544 0.210284
0 0.611842 0.19954 0.609649 0.201074 0.609649 0.203377 0.610746 0.204144 0.611842 0.204144 0.614035 0.205679 0.615132 0.205679 0.616228 0.204912 0.616228 0.202609
0 0.398026 0.194167 0.398026 0.194935 0.399123 0.194935
0 0.631579 0.191865 0.631579 0.194167 0.632675 0.194935 0.633772 0.194935 0.634868 0.194167 0.637061 0.194167 0.638158 0.1934 0.637061 0.192632 0.635965 0.192632 0.634868 0.191865
0 0.625 0.191865 0.623904 0.192632 0.623904 0.1934 0.622807 0.194167 0.623904 0.194935 0.623904 0.195702 0.628289 0.195702 0.628289 0.1934 0.626096 0.191865
0 0.35307 0.186493 0.354167 0.18726 0.354167 0.188028 0.35636 0.189563 0.355263 0.188795 0.355263 0.18726 0.354167 0.186493
0 0.452851 0.185725 0.452851 0.191097 0.453947 0.191865 0.453947 0.197237 0.455044 0.198005 0.455044 0.198772 0.455044 0.195702 0.453947 0.194935 0.453947 0.188028 0.452851 0.18726
0 0.628289 0.183423 0.626096 0.184958 0.626096 0.185725 0.627193 0.186493 0.628289 0.185725 0.629386 0.185725 0.629386 0.184958 0.630482 0.18419 0.629386 0.183423
0 0.683114 0.165004 0.684211 0.165771 0.684211 0.165004
0 0.510965 0.162701 0.510965 0.165004 0.512061 0.164236 0.512061 0.163469
0 0.559211 0.158097 0.555921 0.160399 0.555921 0.163469 0.557018 0.164236 0.561404 0.161167 0.561404 0.158097
0 0.705044 0.154259 0.703947 0.155027 0.701754 0.155027 0.702851 0.155794 0.703947 0.155027 0.705044 0.155027 0.70614 0.154259
0 0.630482 0.149655 0.629386 0.150422 0.629386 0.15119 0.626096 0.153492 0.626096 0.154259 0.627193 0.154259 0.629386 0.152724 0.629386 0.151957 0.631579 0.150422 0.631579 0.149655
0 0.497807 0.144282 0.496711 0.14505 0.496711 0.145817 0.497807 0.145817 0.498904 0.14505 0.5 0.14505 0.498904 0.144282
0 0.583333 0.127398 0.582237 0.128166 0.58114 0.128166 0.577851 0.130468 0.577851 0.131236 0.572368 0.135073 0.572368 0.13584 0.569079 0.138143 0.569079 0.13891 0.566886 0.140445 0.566886 0.141213 0.565789 0.14198 0.565789 0.142748 0.564693 0.143515 0.564693 0.14505 0.563596 0.145817 0.563596 0.150422 0.563596 0.149655 0.564693 0.148887 0.564693 0.14812 0.566886 0.146585 0.567982 0.146585 0.571272 0.144282 0.571272 0.143515 0.572368 0.142748 0.572368 0.14198 0.573465 0.141213 0.573465 0.140445 0.576754 0.138143 0.576754 0.137375 0.577851 0.136608 0.577851 0.13584 0.58114 0.133538 0.582237 0.133538 0.582237 0.132771 0.583333 0.132003 0.583333 0.131236 0.58443 0.130468 0.58443 0.128166
0 0.564693 0.119724 0.563596 0.120491 0.563596 0.122026 0.563596 0.121259 0.564693 0.120491
0 0.525219 0.0905602 0.525219 0.0920952 0.525219 0.0913277 0.526316 0.0905602
0 0.506579 0.0867229 0.507675 0.0874904 0.507675 0.0882579 0.508772 0.0874904 0.507675 0.0867229
