0 0.324561 0.865695 0.324561 0.867229 0.323465 0.867997 0.324561 0.868764 0.324561 0.871067 0.325658 0.871834 0.325658 0.872602 0.326754 0.873369 0.326754 0.871834 0.325658 0.871067 0.325658 0.869532 0.324561 0.868764
0 0.313596 0.838066 0.313596 0.838833 0.314693 0.839601 0.315789 0.839601 0.315789 0.838833 0.314693 0.838066
0 0.310307 0.820414 0.309211 0.821182 0.309211 0.823484 0.310307 0.823484 0.311404 0.822717 0.311404 0.820414
0 0.186404 0.81888 0.186404 0.820414 0.1875 0.819647 0.191886 0.819647 0.191886 0.81888
0 0.344298 0.811205 0.343202 0.811972 0.343202 0.81274 0.344298 0.813507 0.345395 0.813507 0.345395 0.811972
0 0.200658 0.791251 0.199561 0.792018 0.199561 0.792786 0.200658 0.792786
0 0.230263 0.763622 0.230263 0.765157 0.229167 0.765925 0.230263 0.766692 0.23136 0.766692 0.232456 0.76746 0.230263 0.768995 0.230263 0.772064 0.229167 0.772832 0.229167 0.778204 0.22807 0.778972 0.22807 0.779739 0.226974 0.780507 0.226974 0.781274 0.22807 0.782041 0.22807 0.783576 0.229167 0.784344 0.229167 0.787414 0.22807 0.788181 0.22807 0.789716 0.226974 0.790483 0.226974 0.791251 0.225877 0.792018 0.225877 0.793553 0.226974 0.794321 0.225877 0.795088 0.225877 0.797391 0.22807 0.797391 0.229167 0.796623 0.229167 0.795856 0.22807 0.795088 0.229167 0.794321 0.230263 0.794321 0.230263 0.793553 0.23136 0.792786 0.23136 0.792018 0.232456 0.791251 0.232456 0.790483 0.233553 0.789716 0.233553 0.782041 0.232456 0.781274 0.232456 0.780507 0.23136 0.779739 0.23136 0.778204 0.230263 0.777437 0.23136 0.776669 0.23136 0.775902 0.232456 0.775134 0.233553 0.775134 0.233553 0.774367 0.234649 0.773599 0.235746 0.773599 0.236842 0.772832 0.236842 0.76746 0.235746 0.766692 0.235746 0.765157 0.234649 0.76439 0.233553 0.76439 0.232456 0.763622
0 0.232456 0.749041 0.23136 0.749808 0.230263 0.749808 0.229167 0.750576 0.229167 0.751343 0.22807 0.752111 0.22807 0.757483 0.229167 0.75825 0.229167 0.759018 0.230263 0.759785 0.23136 0.759785 0.232456 0.759018 0.233553 0.759785 0.233553 0.756715 0.234649 0.755948 0.234649 0.754413 0.235746 0.753645 0.235746 0.749808 0.236842 0.749041
0 0.1875 0.692249 0.186404 0.693016 0.1875 0.693784 0.188596 0.693784 0.188596 0.692249
0 0.510965 0.676132 0.509868 0.676899 0.509868 0.677667 0.510965 0.678434 0.510965 0.679202 0.514254 0.681504 0.514254 0.682272 0.519737 0.686109 0.520833 0.686109 0.523026 0.687644 0.524123 0.687644 0.527412 0.689946 0.528509 0.689946 0.528509 0.689179 0.527412 0.688411 0.527412 0.687644 0.525219 0.686109 0.524123 0.686109 0.51864 0.682272 0.517544 0.683039 0.515351 0.681504 0.516447 0.680737 0.514254 0.679202 0.513158 0.679969 0.512061 0.679202 0.512061 0.678434 0.513158 0.677667 0.513158 0.676899 0.512061 0.676899
0 0.183114 0.675365 0.182018 0.676132 0.182018 0.676899 0.180921 0.677667 0.180921 0.679969 0.182018 0.679969 0.183114 0.679202
0 0.421053 0.67383 0.417763 0.676132 0.417763 0.676899 0.414474 0.679202 0.414474 0.682272 0.41557 0.683039 0.41557 0.684574 0.416667 0.685342 0.416667 0.688411 0.417763 0.689179 0.417763 0.689946 0.419956 0.691481 0.423246 0.691481 0.424342 0.690714 0.424342 0.689946 0.425439 0.689179 0.424342 0.688411 0.425439 0.687644 0.425439 0.686109 0.426535 0.685342 0.426535 0.682272 0.427632 0.681504 0.427632 0.677667 0.426535 0.676899 0.426535 0.676132 0.425439 0.675365 0.425439 0.674597 0.424342 0.67383
0 0.186404 0.660015 0.188596 0.66155 0.188596 0.66462 0.188596 0.660783 0.1875 0.660015
0 0.501096 0.654643 0.498904 0.656178 0.498904 0.659248 0.501096 0.659248 0.502193 0.65848 0.502193 0.657713 0.503289 0.656946 0.503289 0.654643
0 0.242325 0.621642 0.241228 0.62241 0.240132 0.62241 0.236842 0.624712 0.235746 0.624712 0.233553 0.626247 0.232456 0.626247 0.232456 0.627015 0.23136 0.627782 0.23136 0.630084 0.230263 0.630852 0.230263 0.633922 0.23136 0.634689 0.23136 0.635457 0.232456 0.636224 0.233553 0.636224 0.234649 0.636992 0.236842 0.636992 0.237939 0.636224 0.240132 0.636224 0.243421 0.633922 0.243421 0.633154 0.244518 0.632387 0.244518 0.631619 0.245614 0.630852 0.245614 0.630084 0.246711 0.629317 0.246711 0.62855 0.247807 0.627782 0.245614 0.626247 0.246711 0.62548 0.246711 0.624712 0.245614 0.623945 0.245614 0.623177 0.244518 0.62241 0.243421 0.62241
0 0.588816 0.61627 0.588816 0.617805 0.591009 0.61934 0.591009 0.617805
0 0.214912 0.614735 0.214912 0.615503 0.216009 0.615503
0 0.58443 0.6132 0.583333 0.613968 0.585526 0.615503 0.586623 0.614735
0 0.549342 0.590177 0.547149 0.591711 0.547149 0.593246 0.546053 0.594014 0.546053 0.596316 0.547149 0.597084 0.547149 0.597851 0.548246 0.598619 0.548246 0.600921 0.549342 0.601688 0.549342 0.602456 0.551535 0.603991 0.554825 0.603991 0.554825 0.602456 0.555921 0.601688 0.555921 0.599386 0.554825 0.598619 0.554825 0.595549 0.553728 0.594781 0.553728 0.593246 0.552632 0.592479 0.552632 0.591711 0.551535 0.590944 0.550439 0.590944
0 0.173246 0.570223 0.172149 0.57099 0.173246 0.57099 0.174342 0.570223
0 0.626096 0.568688 0.625 0.569455 0.625 0.571757 0.627193 0.573292 0.628289 0.573292 0.630482 0.571757 0.630482 0.570223 0.629386 0.569455 0.629386 0.568688
0 0.310307 0.561781 0.309211 0.562548 0.309211 0.563315 0.310307 0.564083 0.311404 0.564083 0.311404 0.562548
0 0.214912 0.553338 0.214912 0.554873 0.216009 0.554106
0 0.348684 0.549501 0.347588 0.550269 0.344298 0.550269 0.343202 0.551036 0.343202 0.551804 0.342105 0.552571 0.342105 0.554106 0.347588 0.557943 0.347588 0.558711 0.348684 0.559478 0.348684 0.562548 0.350877 0.564083 0.350877 0.56485 0.35307 0.566385 0.354167 0.565618 0.35636 0.565618 0.357456 0.566385 0.360746 0.566385 0.362939 0.56792 0.362939 0.568688 0.364035 0.568688 0.364035 0.567153 0.365132 0.566385 0.365132 0.565618 0.366228 0.56485 0.366228 0.563315 0.365132 0.562548 0.365132 0.561781 0.364035 0.561013 0.364035 0.551804 0.362939 0.551036 0.361842 0.551036 0.360746 0.550269 0.360746 0.549501 0.359649 0.549501 0.358553 0.550269 0.350877 0.550269 0.349781 0.549501
0 0.333333 0.542594 0.332237 0.543361 0.330044 0.543361 0.328947 0.544129 0.328947 0.544896 0.327851 0.545664 0.327851 0.549501 0.328947 0.550269 0.33114 0.550269 0.336623 0.546431 0.336623 0.545664 0.337719 0.544896 0.337719 0.544129 0.336623 0.544129 0.33443 0.542594
0 0.35307 0.534919 0.351974 0.535687 0.351974 0.537222 0.354167 0.538757 0.355263 0.538757 0.35636 0.537989 0.35636 0.537222 0.35307 0.537222 0.351974 0.536454 0.35307 0.535687 0.355263 0.535687 0.354167 0.535687
0 0.66557 0.53185 0.667763 0.533384 0.667763 0.532617 0.666667 0.53185
0 0.25 0.529547 0.25 0.530315 0.251096 0.530315 0.251096 0.529547
0 0.183114 0.529547 0.182018 0.530315 0.180921 0.530315 0.177632 0.532617 0.178728 0.533384 0.179825 0.533384 0.180921 0.532617 0.180921 0.53185 0.182018 0.531082 0.183114 0.531082 0.183114 0.530315 0.184211 0.529547
0 0.620614 0.523408 0.620614 0.524942 0.623904 0.524942 0.622807 0.524942 0.621711 0.524175 0.621711 0.523408
0 0.198465 0.518035 0.194079 0.521105 0.192982 0.521105 0.191886 0.521873 0.190789 0.521873 0.1875 0.524175 0.1875 0.524942 0.186404 0.52571 0.186404 0.526477 0.188596 0.524942 0.190789 0.524942 0.191886 0.524175 0.192982 0.524175 0.197368 0.521105 0.197368 0.520338 0.198465 0.51957
0 0.161184 0.511896 0.161184 0.513431 0.162281 0.513431 0.163377 0.512663 0.162281 0.511896
0 0.172149 0.508826 0.172149 0.510361 0.173246 0.511128 0.174342 0.510361 0.174342 0.509593 0.173246 0.508826
0 0.64693 0.508058 0.64693 0.508826 0.648026 0.508826 0.648026 0.508058
0 0.600877 0.508058 0.599781 0.508826 0.598684 0.508826 0.597588 0.509593 0.593202 0.509593 0.593202 0.511896 0.594298 0.512663 0.594298 0.513431 0.595395 0.513431 0.597588 0.514965 0.598684 0.514965 0.599781 0.515733 0.600877 0.515733 0.60307 0.517268 0.60307 0.520338 0.604167 0.521105 0.604167 0.521873 0.60636 0.523408 0.607456 0.523408 0.608553 0.524175 0.609649 0.524175 0.610746 0.524942 0.612939 0.524942 0.615132 0.523408 0.615132 0.52264 0.611842 0.520338 0.611842 0.51957 0.609649 0.518035 0.609649 0.5165 0.608553 0.515733 0.608553 0.512663 0.607456 0.511896 0.607456 0.511128 0.60636 0.510361 0.605263 0.510361 0.60307 0.508826 0.601974 0.508826
0 0.611842 0.503454 0.610746 0.504221 0.608553 0.504221 0.607456 0.504988 0.608553 0.505756 0.608553 0.506523 0.612939 0.506523 0.614035 0.505756 0.614035 0.504221 0.612939 0.503454
0 0.219298 0.497314 0.218202 0.498081 0.217105 0.498081 0.217105 0.500384 0.218202 0.501151 0.219298 0.501151 0.220395 0.500384 0.220395 0.499616 0.221491 0.498849
0 0.612939 0.496546 0.611842 0.497314 0.611842 0.498081 0.610746 0.498849 0.610746 0.500384 0.612939 0.500384 0.614035 0.499616 0.614035 0.498849 0.615132 0.498081 0.616228 0.498081 0.623904 0.503454 0.625 0.503454 0.625 0.501919 0.623904 0.501151 0.623904 0.500384 0.620614 0.498081 0.619518 0.498081 0.618421 0.497314 0.617325 0.497314 0.616228 0.496546
0 0.580044 0.495779 0.580044 0.496546 0.578947 0.497314 0.578947 0.500384 0.580044 0.501151 0.580044 0.501919 0.58114 0.502686 0.58114 0.503454 0.582237 0.504221 0.582237 0.504988 0.58443 0.506523 0.587719 0.506523 0.588816 0.505756 0.588816 0.501919 0.587719 0.501151 0.587719 0.500384 0.58114 0.495779
0 0.724781 0.495012 0.725877 0.495779 0.726974 0.495779 0.72807 0.496546 0.72807 0.495779 0.726974 0.495012
0 0.698465 0.488872 0.700658 0.490407 0.701754 0.490407 0.702851 0.491174 0.703947 0.491174 0.703947 0.490407 0.702851 0.490407 0.701754 0.489639 0.700658 0.489639 0.699561 0.488872
0 0.690789 0.4835 0.690789 0.484267 0.691886 0.485035 0.692982 0.484267 0.692982 0.4835
0 0.64364 0.473523 0.64364 0.47429 0.642544 0.475058 0.642544 0.475825 0.641447 0.476592 0.642544 0.476592 0.64364 0.47736 0.64364 0.476592 0.644737 0.475825 0.644737 0.473523
0 0.538377 0.473523 0.538377 0.475825 0.537281 0.476592 0.537281 0.478127 0.538377 0.478895 0.538377 0.48043 0.542763 0.4835 0.54386 0.4835 0.544956 0.484267 0.547149 0.484267 0.548246 0.4835 0.548246 0.478895 0.547149 0.478127 0.547149 0.47736 0.544956 0.475825 0.544956 0.475058 0.54386 0.475058 0.542763 0.47429 0.541667 0.47429 0.54057 0.473523
0 0.642544 0.463546 0.64364 0.464313 0.64364 0.463546
0 0.360746 0.454336 0.359649 0.455104 0.359649 0.457406 0.360746 0.458173 0.361842 0.458173 0.362939 0.457406 0.364035 0.457406 0.365132 0.456639 0.365132 0.454336
0 0.417763 0.448964 0.414474 0.451266 0.414474 0.453569 0.413377 0.454336 0.414474 0.455104 0.414474 0.458941 0.41557 0.459708 0.41557 0.462011 0.41886 0.464313 0.422149 0.464313 0.423246 0.465081 0.425439 0.465081 0.426535 0.465848 0.427632 0.465848 0.428728 0.466616 0.432018 0.466616 0.433114 0.465848 0.435307 0.465848 0.439693 0.462778 0.439693 0.455871 0.430921 0.449731 0.429825 0.450499 0.427632 0.448964
0 0.564693 0.448196 0.563596 0.448964 0.563596 0.449731 0.564693 0.450499 0.564693 0.451266 0.565789 0.452034 0.565789 0.448196
0 0.559211 0.448196 0.559211 0.448964 0.560307 0.448196
0 0.675439 0.446662 0.677632 0.448196 0.678728 0.448196 0.680921 0.449731 0.683114 0.449731 0.684211 0.450499 0.686404 0.450499 0.686404 0.449731 0.682018 0.446662
0 0.339912 0.445894 0.336623 0.448196 0.336623 0.451266 0.337719 0.451266 0.338816 0.452034 0.342105 0.452034 0.342105 0.451266 0.343202 0.450499 0.343202 0.449731 0.344298 0.448964 0.344298 0.447429 0.343202 0.446662 0.343202 0.445894
0 0.391447 0.444359 0.391447 0.446662 0.392544 0.447429 0.39364 0.446662 0.39364 0.445127 0.392544 0.444359
0 0.586623 0.442057 0.585526 0.442824 0.58443 0.442824 0.583333 0.443592 0.589912 0.443592 0.591009 0.444359 0.593202 0.444359 0.594298 0.443592 0.593202 0.442824 0.592105 0.442824 0.591009 0.442057
0 0.375 0.435917 0.373904 0.436685 0.373904 0.438987 0.376096 0.440522 0.376096 0.441289 0.378289 0.442824 0.379386 0.442824 0.382675 0.445127 0.383772 0.445127 0.387061 0.442824 0.381579 0.438987 0.381579 0.438219 0.380482 0.438219 0.378289 0.436685 0.376096 0.436685
0 0.190789 0.434382 0.190789 0.43515 0.191886 0.434382
0 0.175439 0.434382 0.175439 0.43515 0.179825 0.43515 0.178728 0.434382
0 0.355263 0.431312 0.35307 0.432847 0.351974 0.432847 0.350877 0.433615 0.349781 0.433615 0.346491 0.435917 0.346491 0.437452 0.347588 0.438219 0.347588 0.439754 0.35307 0.443592 0.357456 0.443592 0.358553 0.442824 0.358553 0.442057 0.360746 0.440522 0.360746 0.438987 0.361842 0.438219 0.361842 0.434382 0.362939 0.433615 0.361842 0.432847 0.360746 0.432847 0.359649 0.43208 0.358553 0.43208 0.357456 0.431312
0 0.701754 0.429777 0.701754 0.431312 0.702851 0.43208 0.705044 0.43208 0.705044 0.431312 0.702851 0.429777
0 0.23136 0.429777 0.230263 0.430545 0.226974 0.430545 0.226974 0.43208 0.224781 0.433615 0.224781 0.43515 0.223684 0.435917 0.223684 0.442824 0.224781 0.443592 0.226974 0.443592 0.230263 0.441289 0.230263 0.435917 0.232456 0.434382 0.233553 0.434382 0.234649 0.433615 0.235746 0.433615 0.236842 0.432847 0.236842 0.430545 0.235746 0.429777
0 0.211623 0.426708 0.213816 0.428243 0.213816 0.430545 0.214912 0.431312 0.214912 0.43515 0.216009 0.435917 0.216009 0.436685 0.217105 0.435917 0.217105 0.430545 0.216009 0.429777 0.216009 0.428243 0.214912 0.427475 0.214912 0.426708
0 0.164474 0.426708 0.164474 0.427475 0.16557 0.428243 0.16557 0.427475
0 0.45614 0.424405 0.45614 0.425173 0.457237 0.42594 0.457237 0.42901 0.45614 0.429777 0.45614 0.43208 0.455044 0.432847 0.455044 0.435917 0.453947 0.436685 0.453947 0.439754 0.452851 0.440522 0.452851 0.456639 0.453947 0.457406 0.452851 0.458173 0.452851 0.460476 0.453947 0.461243 0.453947 0.462778 0.455044 0.463546 0.457237 0.462011 0.457237 0.461243 0.458333 0.460476 0.458333 0.458941 0.45943 0.458173 0.45943 0.456639 0.458333 0.455871 0.458333 0.454336 0.457237 0.453569 0.457237 0.447429 0.458333 0.446662 0.458333 0.443592 0.45943 0.442824 0.45943 0.429777 0.458333 0.42901 0.458333 0.426708 0.457237 0.42594 0.457237 0.425173
0 0.427632 0.4198 0.426535 0.420568 0.426535 0.421335 0.428728 0.42287 0.429825 0.42287 0.430921 0.423638 0.433114 0.423638 0.433114 0.421335 0.430921 0.4198
0 0.423246 0.413661 0.424342 0.413661 0.425439 0.414428 0.426535 0.414428 0.427632 0.415196 0.427632 0.415963 0.428728 0.416731 0.428728 0.417498 0.429825 0.416731 0.429825 0.415196 0.427632 0.413661
0 0.236842 0.405986 0.236842 0.406754 0.235746 0.407521 0.237939 0.409056 0.239035 0.408289 0.240132 0.408289 0.240132 0.406754 0.239035 0.405986
0 0.233553 0.403684 0.232456 0.404451 0.233553 0.404451 0.234649 0.405219 0.234649 0.404451
0 0.380482 0.399079 0.379386 0.399847 0.379386 0.400614 0.380482 0.401381 0.382675 0.401381 0.382675 0.399847 0.381579 0.399847
0 0.705044 0.392172 0.705044 0.393707 0.70614 0.394474 0.708333 0.394474 0.708333 0.392939 0.707237 0.392172
0 0.255482 0.392172 0.254386 0.392939 0.254386 0.396009 0.255482 0.396009 0.256579 0.396777 0.258772 0.396777 0.258772 0.393707 0.257675 0.393707
0 0.436404 0.391404 0.435307 0.392172 0.435307 0.393707 0.436404 0.393707
0 0.572368 0.388335 0.571272 0.389102 0.571272 0.38987 0.570175 0.390637 0.570175 0.394474 0.572368 0.396009 0.572368 0.396777 0.573465 0.397544 0.573465 0.398312 0.574561 0.399079 0.574561 0.401381 0.572368 0.402916 0.576754 0.402916 0.58114 0.399847 0.582237 0.399847 0.583333 0.399079 0.583333 0.396777 0.582237 0.396009 0.58114 0.396009 0.577851 0.393707 0.577851 0.392172 0.575658 0.390637 0.575658 0.38987 0.573465 0.388335
0 0.596491 0.38373 0.596491 0.387567 0.595395 0.388335 0.593202 0.388335 0.589912 0.390637 0.589912 0.392172 0.596491 0.392172 0.597588 0.391404 0.597588 0.388335 0.598684 0.387567 0.598684 0.384497 0.597588 0.38373
0 0.724781 0.382195 0.723684 0.382962 0.723684 0.384497 0.724781 0.385265 0.725877 0.385265 0.725877 0.382962
0 0.630482 0.382195 0.629386 0.382962 0.628289 0.382962 0.628289 0.38373 0.634868 0.38373 0.635965 0.382962 0.637061 0.382962 0.635965 0.382962 0.634868 0.382195
0 0.218202 0.37759 0.217105 0.378358 0.218202 0.379125 0.219298 0.379125 0.219298 0.37759
0 0.618421 0.376055 0.618421 0.378358 0.619518 0.378358 0.621711 0.379893 0.627193 0.379893 0.628289 0.379125 0.629386 0.379125 0.629386 0.378358 0.628289 0.37759 0.627193 0.37759 0.626096 0.376823 0.625 0.376823 0.623904 0.376055
0 0.565789 0.37145 0.564693 0.372218 0.564693 0.372985 0.563596 0.373753 0.563596 0.37452 0.5625 0.375288 0.5625 0.376055 0.560307 0.37759 0.5625 0.379125 0.564693 0.379125 0.565789 0.378358 0.566886 0.378358 0.569079 0.376823 0.570175 0.376823 0.570175 0.372985 0.567982 0.37145
0 0.671053 0.366078 0.669956 0.366846 0.669956 0.367613 0.672149 0.369148 0.675439 0.369148 0.676535 0.368381 0.677632 0.368381 0.676535 0.368381 0.674342 0.366846 0.672149 0.366846
0 0.241228 0.363776 0.241228 0.364543 0.242325 0.365311 0.243421 0.364543 0.242325 0.363776
0 0.680921 0.362241 0.680921 0.364543 0.682018 0.365311 0.683114 0.364543 0.683114 0.362241
0 0.549342 0.356869 0.548246 0.357636 0.548246 0.359171 0.547149 0.359939 0.547149 0.360706 0.546053 0.361474 0.546053 0.370683 0.547149 0.37145 0.547149 0.372985 0.548246 0.373753 0.548246 0.37452 0.549342 0.375288 0.549342 0.376055 0.553728 0.376055 0.554825 0.375288 0.554825 0.37452 0.555921 0.373753 0.555921 0.370683 0.557018 0.369916 0.557018 0.368381 0.558114 0.367613 0.558114 0.366846 0.559211 0.366078 0.559211 0.364543 0.558114 0.363776 0.558114 0.362241 0.557018 0.361474 0.552632 0.361474 0.551535 0.360706 0.550439 0.360706 0.548246 0.359171 0.548246 0.357636
0 0.41886 0.356869 0.412281 0.361474 0.412281 0.363008 0.411184 0.363776 0.411184 0.366846 0.412281 0.367613 0.412281 0.368381 0.413377 0.369148 0.413377 0.369916 0.41557 0.37145 0.417763 0.37145 0.41886 0.372218 0.422149 0.372218 0.423246 0.372985 0.428728 0.372985 0.429825 0.372218 0.430921 0.372218 0.432018 0.37145 0.433114 0.37145 0.433114 0.369148 0.435307 0.367613 0.435307 0.365311 0.436404 0.364543 0.436404 0.363008 0.434211 0.361474 0.434211 0.360706 0.433114 0.359939 0.433114 0.359171 0.432018 0.359171 0.430921 0.358404 0.429825 0.358404 0.428728 0.357636 0.426535 0.357636 0.425439 0.356869
0 0.375 0.356869 0.373904 0.357636 0.372807 0.357636 0.371711 0.358404 0.370614 0.358404 0.369518 0.359171 0.368421 0.358404 0.367325 0.358404 0.366228 0.359171 0.365132 0.359171 0.365132 0.360706 0.366228 0.361474 0.369518 0.361474 0.370614 0.360706 0.371711 0.361474 0.372807 0.361474 0.373904 0.360706 0.375 0.361474 0.377193 0.361474 0.378289 0.362241 0.379386 0.362241 0.380482 0.361474 0.380482 0.358404 0.379386 0.357636 0.379386 0.356869
0 0.663377 0.356101 0.66557 0.357636 0.66557 0.359939 0.667763 0.361474 0.66886 0.360706 0.66886 0.358404 0.667763 0.357636 0.667763 0.356869 0.666667 0.356101
0 0.655702 0.356101 0.654605 0.356869 0.653509 0.356869 0.652412 0.357636 0.651316 0.357636 0.648026 0.359939 0.644737 0.359939 0.642544 0.361474 0.642544 0.364543 0.64364 0.365311 0.648026 0.365311 0.649123 0.364543 0.650219 0.364543 0.651316 0.363776 0.652412 0.363776 0.655702 0.361474 0.655702 0.360706 0.657895 0.359171 0.657895 0.357636 0.656798 0.356869 0.656798 0.356101
0 0.561404 0.349194 0.561404 0.350729 0.561404 0.349962 0.5625 0.349194
0 0.712719 0.346892 0.711623 0.347659 0.710526 0.347659 0.70943 0.348427 0.708333 0.348427 0.707237 0.349194 0.707237 0.350729 0.711623 0.350729 0.713816 0.349194 0.713816 0.347659
0 0.355263 0.34152 0.355263 0.343054 0.35636 0.343054 0.357456 0.342287 0.35636 0.34152
0 0.548246 0.336915 0.544956 0.339217 0.544956 0.340752 0.54386 0.34152 0.54386 0.342287 0.544956 0.343054 0.544956 0.346124 0.546053 0.346892 0.552632 0.346892 0.552632 0.343822 0.553728 0.343054 0.553728 0.342287 0.552632 0.34152 0.552632 0.337682 0.551535 0.336915
0 0.364035 0.33538 0.364035 0.336147 0.365132 0.336915 0.366228 0.336915 0.367325 0.337682 0.368421 0.337682 0.366228 0.336147 0.365132 0.336147
0 0.419956 0.322333 0.41886 0.323101 0.419956 0.323101
0 0.347588 0.317728 0.346491 0.318496 0.346491 0.319263 0.345395 0.320031 0.345395 0.320798 0.344298 0.321566 0.344298 0.323868 0.343202 0.324635 0.343202 0.325403 0.344298 0.32617 0.346491 0.32617 0.349781 0.323868 0.349781 0.323101 0.350877 0.322333 0.350877 0.320798 0.349781 0.320031 0.350877 0.319263 0.350877 0.318496 0.349781 0.317728
0 0.319079 0.310054 0.317982 0.310821 0.319079 0.310821
0 0.283991 0.307751 0.282895 0.308519 0.283991 0.309286
0 0.707237 0.297774 0.70614 0.298542 0.705044 0.298542 0.705044 0.300844 0.70614 0.300844 0.707237 0.301612 0.70943 0.300077 0.708333 0.299309 0.708333 0.298542
0 0.422149 0.29317 0.422149 0.294705 0.423246 0.295472 0.424342 0.295472 0.424342 0.293937 0.423246 0.29317
0 0.737939 0.292402 0.737939 0.29317 0.740132 0.29317 0.741228 0.293937 0.741228 0.294705 0.743421 0.296239 0.745614 0.296239 0.746711 0.297007 0.748904 0.297007 0.747807 0.296239 0.745614 0.296239 0.740132 0.292402
0 0.332237 0.287797 0.33114 0.288565 0.33114 0.289332 0.332237 0.289332 0.333333 0.2901 0.33443 0.289332 0.337719 0.289332 0.337719 0.287797
0 0.366228 0.279355 0.366228 0.280123 0.367325 0.280123 0.367325 0.279355
0 0.449561 0.276285 0.448465 0.277053 0.447368 0.277053 0.446272 0.27782 0.445175 0.27782 0.444079 0.278588 0.442982 0.278588 0.440789 0.280123 0.440789 0.283193 0.439693 0.28396 0.439693 0.284728 0.438596 0.285495 0.438596 0.286262 0.439693 0.28703 0.439693 0.287797 0.442982 0.2901 0.442982 0.291635 0.446272 0.293937 0.446272 0.294705 0.447368 0.295472 0.450658 0.295472 0.452851 0.293937 0.453947 0.293937 0.455044 0.29317 0.455044 0.292402 0.45614 0.291635 0.45614 0.288565 0.457237 0.287797 0.457237 0.284728 0.458333 0.28396 0.458333 0.283193 0.457237 0.282425 0.457237 0.281658 0.455044 0.280123 0.455044 0.27782 0.453947 0.277053 0.452851 0.277053 0.451754 0.276285
0 0.688596 0.275518 0.686404 0.277053 0.686404 0.27782 0.688596 0.27782 0.689693 0.277053 0.689693 0.276285
0 0.586623 0.275518 0.586623 0.27782 0.587719 0.278588 0.588816 0.27782 0.588816 0.277053 0.587719 0.276285 0.587719 0.275518
0 0.335526 0.274751 0.33443 0.275518 0.33443 0.276285 0.336623 0.27782 0.336623 0.278588 0.337719 0.278588 0.338816 0.279355 0.342105 0.279355 0.342105 0.278588 0.341009 0.27782 0.341009 0.277053 0.337719 0.274751
0 0.29057 0.267843 0.29057 0.268611 0.292763 0.270146 0.292763 0.270913 0.29386 0.271681 0.29386 0.270146
0 0.445175 0.261704 0.444079 0.262471 0.442982 0.262471 0.442982 0.263239 0.441886 0.264006 0.441886 0.264774 0.440789 0.265541 0.440789 0.266309 0.441886 0.267076 0.441886 0.268611 0.442982 0.268611 0.444079 0.269378 0.447368 0.269378 0.448465 0.268611 0.449561 0.268611 0.450658 0.267843 0.451754 0.267843 0.452851 0.267076 0.452851 0.266309 0.453947 0.265541 0.453947 0.264774 0.452851 0.264006 0.452851 0.263239 0.450658 0.261704
0 0.430921 0.261704 0.429825 0.262471 0.429825 0.264006 0.432018 0.265541 0.433114 0.265541 0.435307 0.264006 0.434211 0.263239 0.434211 0.262471 0.433114 0.262471 0.432018 0.261704
0 0.721491 0.260169 0.720395 0.260936 0.720395 0.261704 0.719298 0.262471 0.719298 0.263239 0.720395 0.264006 0.724781 0.260936 0.724781 0.260169
0 0.438596 0.252494 0.4375 0.253262 0.4375 0.254029 0.438596 0.254797 0.438596 0.255564 0.440789 0.255564 0.440789 0.253262 0.439693 0.253262
0 0.734649 0.249424 0.734649 0.250192 0.733553 0.250959 0.732456 0.250959 0.734649 0.250959 0.736842 0.249424
0 0.341009 0.24482 0.341009 0.247122 0.342105 0.247889 0.342105 0.250192 0.343202 0.250959 0.343202 0.253262 0.344298 0.254029 0.344298 0.250959 0.343202 0.250192 0.343202 0.247889 0.342105 0.247122 0.342105 0.245587
0 0.444079 0.243285 0.444079 0.244052 0.442982 0.24482 0.442982 0.247122 0.444079 0.247889 0.447368 0.245587 0.447368 0.244052 0.446272 0.244052 0.445175 0.243285
0 0.745614 0.240982 0.745614 0.24175 0.746711 0.24175 0.747807 0.240982
0 0.311404 0.240982 0.3125 0.24175 0.3125 0.242517 0.313596 0.242517 0.3125 0.24175 0.3125 0.240982
0 0.366228 0.23254 0.366228 0.234075 0.367325 0.234075 0.368421 0.233308 0.369518 0.234075 0.369518 0.23254
0 0.360746 0.228703 0.360746 0.231005 0.361842 0.231773 0.362939 0.231005 0.362939 0.230238
0 0.620614 0.224098 0.617325 0.226401 0.617325 0.227168 0.618421 0.227168 0.619518 0.226401 0.619518 0.225633 0.620614 0.224866 0.621711 0.224866 0.621711 0.224098
0 0.314693 0.221028 0.314693 0.222563 0.316886 0.224098 0.319079 0.224098 0.319079 0.223331 0.316886 0.223331 0.315789 0.222563 0.315789 0.221796
0 0.364035 0.215656 0.364035 0.221796 0.362939 0.222563 0.364035 0.223331 0.364035 0.224098 0.361842 0.225633 0.364035 0.224098 0.364035 0.222563 0.365132 0.221796 0.365132 0.218726 0.366228 0.217959 0.365132 0.217191 0.365132 0.216424
0 0.599781 0.207214 0.596491 0.209517 0.595395 0.209517 0.592105 0.211819 0.592105 0.214121 0.593202 0.214889 0.598684 0.214889 0.599781 0.214121 0.599781 0.213354 0.601974 0.211819 0.604167 0.211819 0.607456 0.209517 0.608553 0.209517 0.609649 0.208749 0.609649 0.207982 0.608553 0.207214
0 0.361842 0.202609 0.361842 0.204912 0.362939 0.205679 0.362939 0.207214 0.364035 0.207982 0.364035 0.206447 0.362939 0.205679 0.362939 0.203377
0 0.402412 0.201074 0.402412 0.202609 0.403509 0.202609 0.403509 0.201842
0 0.403509 0.178051 0.403509 0.178818 0.404605 0.179586 0.404605 0.18112 0.405702 0.181888 0.405702 0.184958 0.407895 0.186493 0.407895 0.18726 0.408991 0.188028 0.408991 0.188795 0.410088 0.188795 0.408991 0.188028 0.408991 0.18726 0.407895 0.186493 0.407895 0.185725 0.405702 0.18419 0.405702 0.181888 0.404605 0.18112 0.404605 0.178818
0 0.605263 0.174981 0.60307 0.176516 0.60307 0.177283 0.601974 0.178051 0.601974 0.178818 0.600877 0.179586 0.600877 0.18112 0.599781 0.181888 0.599781 0.182655 0.598684 0.183423 0.599781 0.183423 0.601974 0.181888 0.601974 0.18112 0.604167 0.179586 0.604167 0.178818 0.605263 0.178051 0.605263 0.177283 0.60636 0.176516 0.60636 0.175748 0.607456 0.174981
0 0.553728 0.164236 0.551535 0.165771 0.551535 0.168841 0.550439 0.169609 0.552632 0.171144 0.553728 0.170376 0.553728 0.169609 0.554825 0.168841 0.554825 0.168074 0.555921 0.167306 0.555921 0.165004 0.554825 0.165004
0 0.580044 0.153492 0.578947 0.154259 0.578947 0.155027 0.577851 0.155794 0.577851 0.156562 0.58114 0.154259 0.58114 0.153492
0 0.560307 0.129701 0.560307 0.130468 0.559211 0.131236 0.559211 0.134305 0.558114 0.135073 0.558114 0.13584 0.559211 0.13584 0.559211 0.135073 0.560307 0.134305
