0 0.26864 0.855718 0.26864 0.856485 0.269737 0.857252 0.269737 0.855718
0 0.241228 0.847276 0.240132 0.848043 0.239035 0.848043 0.239035 0.84881 0.237939 0.849578 0.237939 0.850345 0.236842 0.851113 0.236842 0.854183 0.237939 0.854183 0.237939 0.85188 0.239035 0.851113 0.239035 0.849578 0.241228 0.848043 0.242325 0.848043
0 0.185307 0.847276 0.185307 0.848043 0.180921 0.851113 0.180921 0.85188 0.183114 0.850345 0.184211 0.850345 0.185307 0.849578
0 0.309211 0.829624 0.309211 0.830391 0.308114 0.831159 0.308114 0.831926 0.307018 0.832694 0.307018 0.834229 0.305921 0.834996 0.305921 0.836531 0.307018 0.837299 0.307018 0.839601 0.307018 0.838833 0.308114 0.838066 0.308114 0.835764 0.309211 0.834996 0.309211 0.831926 0.310307 0.831159 0.310307 0.830391
0 0.196272 0.828856 0.195175 0.829624 0.195175 0.831926 0.194079 0.832694 0.195175 0.833461 0.195175 0.832694 0.196272 0.831926
0 0.346491 0.820414 0.346491 0.821182 0.347588 0.821949 0.347588 0.825787 0.348684 0.826554 0.348684 0.828856 0.349781 0.829624 0.349781 0.827322 0.348684 0.826554 0.348684 0.822717 0.347588 0.821949 0.347588 0.820414
0 0.341009 0.818112 0.342105 0.81888 0.343202 0.818112
0 0.257675 0.816577 0.256579 0.817345 0.257675 0.818112 0.259868 0.818112
0 0.218202 0.798158 0.216009 0.799693 0.216009 0.80353 0.218202 0.80353 0.218202 0.801228 0.219298 0.80046 0.219298 0.798926
0 0.225877 0.791251 0.225877 0.794321 0.226974 0.794321 0.22807 0.795088 0.229167 0.794321 0.229167 0.793553 0.22807 0.792786 0.22807 0.791251
0 0.474781 0.750576 0.474781 0.751343 0.475877 0.752111 0.475877 0.752878 0.476974 0.753645 0.476974 0.754413 0.479167 0.755948 0.480263 0.755948 0.480263 0.75518 0.476974 0.752878 0.476974 0.752111
0 0.237939 0.743668 0.236842 0.744436 0.236842 0.747506 0.237939 0.748273 0.242325 0.748273 0.242325 0.747506 0.243421 0.746738 0.243421 0.745203 0.241228 0.743668
0 0.479167 0.716807 0.48136 0.718342 0.482456 0.718342 0.483553 0.71911 0.485746 0.71911 0.485746 0.718342 0.484649 0.717575 0.482456 0.717575 0.48136 0.716807
0 0.470395 0.713738 0.470395 0.714505 0.471491 0.714505 0.471491 0.713738
0 0.184211 0.696853 0.184211 0.697621 0.183114 0.698388 0.183114 0.699923 0.184211 0.699156 0.185307 0.699156 0.186404 0.698388 0.186404 0.696853
0 0.179825 0.685342 0.178728 0.686109 0.179825 0.686876
0 0.16557 0.676899 0.163377 0.678434 0.162281 0.678434 0.164474 0.678434 0.16557 0.677667 0.166667 0.677667
0 0.425439 0.67383 0.423246 0.675365 0.422149 0.675365 0.41886 0.677667 0.41886 0.678434 0.417763 0.679202 0.417763 0.679969 0.41886 0.680737 0.41886 0.685342 0.417763 0.686109 0.417763 0.686876 0.41886 0.687644 0.41886 0.689179 0.421053 0.690714 0.421053 0.691481 0.423246 0.693016 0.425439 0.693016 0.427632 0.691481 0.427632 0.690714 0.428728 0.689946 0.428728 0.689179 0.429825 0.688411 0.429825 0.685342 0.430921 0.684574 0.430921 0.680737 0.432018 0.679969 0.432018 0.678434 0.430921 0.677667 0.430921 0.676899 0.426535 0.67383
0 0.515351 0.671527 0.514254 0.672295 0.514254 0.674597 0.517544 0.674597 0.517544 0.67383 0.51864 0.673062 0.51864 0.671527
0 0.191886 0.66769 0.191886 0.668457 0.192982 0.668457
0 0.506579 0.647736 0.505482 0.648503 0.505482 0.650038 0.504386 0.650806 0.503289 0.650806 0.504386 0.651573 0.504386 0.652341 0.505482 0.652341 0.506579 0.653108 0.508772 0.653108 0.509868 0.652341 0.512061 0.652341 0.513158 0.651573 0.515351 0.651573 0.516447 0.650806 0.517544 0.650806 0.517544 0.650038 0.516447 0.649271 0.515351 0.649271 0.514254 0.648503 0.513158 0.648503 0.512061 0.647736
0 0.245614 0.618573 0.245614 0.61934 0.244518 0.620107 0.244518 0.62241 0.243421 0.623177 0.243421 0.624712 0.244518 0.62548 0.244518 0.626247 0.245614 0.627015 0.245614 0.627782 0.246711 0.627782 0.247807 0.62855 0.248904 0.627782 0.251096 0.627782 0.253289 0.626247 0.253289 0.623945 0.252193 0.623177 0.252193 0.621642 0.251096 0.620875 0.251096 0.620107 0.248904 0.618573
0 0.582237 0.6132 0.58114 0.613968 0.58114 0.614735 0.582237 0.615503 0.58443 0.615503 0.58443 0.614735 0.583333 0.613968 0.583333 0.6132
0 0.221491 0.612433 0.221491 0.6132 0.222588 0.6132
0 0.564693 0.611665 0.563596 0.612433 0.563596 0.6132 0.5625 0.613968 0.5625 0.615503 0.563596 0.61627 0.564693 0.61627 0.565789 0.615503 0.566886 0.615503 0.566886 0.611665
0 0.557018 0.607828 0.557018 0.61013 0.558114 0.610898 0.558114 0.61013 0.559211 0.609363
0 0.558114 0.585572 0.557018 0.586339 0.555921 0.586339 0.557018 0.587107 0.559211 0.587107 0.559211 0.585572
0 0.617325 0.57406 0.614035 0.576362 0.612939 0.576362 0.612939 0.57713 0.611842 0.577897 0.612939 0.578665 0.612939 0.579432 0.614035 0.5802 0.615132 0.5802 0.616228 0.579432 0.619518 0.579432 0.621711 0.577897 0.621711 0.575595 0.619518 0.57406
0 0.138158 0.571757 0.137061 0.572525 0.138158 0.572525
0 0.285088 0.57099 0.286184 0.571757 0.286184 0.572525 0.287281 0.572525 0.287281 0.571757 0.286184 0.57099
0 0.561404 0.570223 0.560307 0.57099 0.560307 0.573292 0.561404 0.57406 0.561404 0.574827 0.563596 0.576362 0.563596 0.579432 0.564693 0.5802 0.566886 0.5802 0.566886 0.579432 0.567982 0.578665 0.567982 0.575595 0.569079 0.574827 0.569079 0.57406 0.567982 0.573292 0.567982 0.572525 0.565789 0.57099 0.564693 0.57099 0.563596 0.570223
0 0.307018 0.566385 0.305921 0.567153 0.305921 0.568688 0.307018 0.568688 0.307018 0.56792 0.308114 0.567153
0 0.183114 0.56485 0.182018 0.565618 0.183114 0.566385 0.184211 0.565618
0 0.311404 0.557176 0.311404 0.558711 0.3125 0.558711 0.3125 0.557176
0 0.350877 0.549501 0.349781 0.550269 0.348684 0.550269 0.345395 0.552571 0.345395 0.554873 0.344298 0.555641 0.350877 0.560246 0.350877 0.561781 0.351974 0.562548 0.351974 0.564083 0.35307 0.56485 0.35307 0.565618 0.354167 0.566385 0.354167 0.567153 0.35636 0.567153 0.357456 0.56792 0.359649 0.56792 0.362939 0.570223 0.364035 0.570223 0.364035 0.569455 0.365132 0.568688 0.365132 0.567153 0.367325 0.565618 0.367325 0.56485 0.366228 0.564083 0.366228 0.561013 0.365132 0.560246 0.365132 0.555641 0.366228 0.554873 0.366228 0.554106 0.364035 0.552571 0.364035 0.551804 0.362939 0.551804 0.361842 0.551036 0.361842 0.550269 0.359649 0.550269 0.358553 0.549501
0 0.226974 0.543361 0.225877 0.544129 0.224781 0.544129 0.219298 0.547966 0.219298 0.548734 0.220395 0.548734 0.220395 0.547966 0.222588 0.546431 0.223684 0.546431 0.225877 0.544896 0.226974 0.544896 0.22807 0.544129 0.22807 0.543361
0 0.336623 0.541059 0.33443 0.542594 0.33443 0.543361 0.333333 0.544129 0.333333 0.545664 0.33443 0.546431 0.33443 0.547199 0.335526 0.547966 0.336623 0.547966 0.337719 0.547199 0.338816 0.547199 0.339912 0.546431 0.341009 0.546431 0.343202 0.544896 0.344298 0.544896 0.344298 0.542594 0.343202 0.541827 0.342105 0.541827 0.341009 0.541059
0 0.632675 0.539524 0.632675 0.540292 0.634868 0.540292 0.633772 0.539524
0 0.155702 0.537989 0.155702 0.539524 0.156798 0.540292 0.156798 0.538757
0 0.357456 0.535687 0.355263 0.537222 0.35636 0.537989 0.35636 0.538757 0.359649 0.538757 0.359649 0.536454 0.358553 0.535687
0 0.252193 0.533384 0.252193 0.534919 0.253289 0.535687 0.255482 0.535687 0.255482 0.534152 0.254386 0.533384
0 0.64693 0.52878 0.649123 0.530315 0.650219 0.530315 0.649123 0.529547 0.648026 0.529547
0 0.282895 0.527245 0.282895 0.52878 0.283991 0.528012
0 0.621711 0.526477 0.621711 0.527245 0.623904 0.527245 0.623904 0.526477
0 0.305921 0.51957 0.307018 0.520338 0.307018 0.51957
0 0.163377 0.507291 0.163377 0.510361 0.164474 0.511128 0.164474 0.510361 0.163377 0.509593
0 0.208333 0.505756 0.207237 0.506523 0.207237 0.507291 0.205044 0.508826 0.205044 0.511128 0.20614 0.510361 0.20614 0.509593 0.208333 0.508058
0 0.595395 0.496546 0.594298 0.497314 0.594298 0.498849 0.595395 0.499616 0.595395 0.500384 0.599781 0.503454 0.600877 0.503454 0.601974 0.504221 0.604167 0.504221 0.601974 0.502686 0.601974 0.501919 0.600877 0.501151 0.600877 0.500384 0.599781 0.499616 0.599781 0.498849 0.597588 0.497314 0.596491 0.497314
0 0.578947 0.495779 0.577851 0.496546 0.577851 0.497314 0.576754 0.498081 0.576754 0.500384 0.578947 0.501919 0.578947 0.503454 0.580044 0.504221 0.58114 0.504221 0.58443 0.506523 0.586623 0.506523 0.587719 0.505756 0.587719 0.503454 0.585526 0.501919 0.585526 0.501151 0.58443 0.500384 0.58443 0.499616 0.583333 0.498849 0.583333 0.498081 0.58114 0.496546 0.58114 0.495779
0 0.674342 0.482732 0.675439 0.4835 0.675439 0.484267 0.679825 0.487337 0.682018 0.487337 0.682018 0.486569 0.680921 0.485802 0.680921 0.485035 0.679825 0.484267 0.678728 0.484267 0.676535 0.482732
0 0.645833 0.478895 0.644737 0.479662 0.645833 0.48043 0.648026 0.48043 0.649123 0.479662 0.648026 0.478895
0 0.539474 0.471988 0.539474 0.478127 0.54057 0.478895 0.54057 0.479662 0.542763 0.481197 0.54386 0.481197 0.546053 0.482732 0.547149 0.482732 0.548246 0.481965 0.547149 0.481197 0.547149 0.47736 0.546053 0.476592 0.546053 0.47429 0.542763 0.471988
0 0.64364 0.465848 0.64364 0.466616 0.644737 0.467383 0.644737 0.465848
0 0.423246 0.442824 0.422149 0.443592 0.421053 0.443592 0.41557 0.447429 0.41557 0.452034 0.414474 0.452801 0.414474 0.455871 0.41557 0.456639 0.41557 0.458173 0.416667 0.458941 0.416667 0.459708 0.41886 0.461243 0.41886 0.462011 0.419956 0.462011 0.421053 0.462778 0.428728 0.462778 0.429825 0.463546 0.435307 0.463546 0.436404 0.462778 0.4375 0.462778 0.438596 0.462011 0.439693 0.462011 0.439693 0.461243 0.440789 0.460476 0.440789 0.459708 0.441886 0.458941 0.441886 0.455104 0.440789 0.454336 0.440789 0.452801 0.436404 0.449731 0.435307 0.449731 0.434211 0.448964 0.434211 0.447429 0.432018 0.445894 0.432018 0.445127 0.430921 0.444359 0.430921 0.443592 0.429825 0.443592 0.428728 0.442824
0 0.582237 0.438987 0.58114 0.439754 0.577851 0.439754 0.576754 0.440522 0.574561 0.440522 0.573465 0.441289 0.572368 0.441289 0.570175 0.442824 0.570175 0.443592 0.566886 0.445894 0.566886 0.448196 0.564693 0.449731 0.564693 0.450499 0.565789 0.450499 0.566886 0.449731 0.567982 0.449731 0.569079 0.450499 0.570175 0.449731 0.571272 0.449731 0.573465 0.448196 0.575658 0.448196 0.576754 0.447429 0.578947 0.447429 0.580044 0.446662 0.583333 0.446662 0.58443 0.445894 0.592105 0.445894 0.593202 0.445127 0.595395 0.445127 0.597588 0.443592 0.599781 0.443592 0.601974 0.445127 0.60636 0.445127 0.607456 0.445894 0.612939 0.445894 0.614035 0.445127 0.615132 0.445127 0.616228 0.444359 0.617325 0.444359 0.618421 0.445127 0.619518 0.445127 0.620614 0.445894 0.621711 0.445894 0.622807 0.446662 0.628289 0.446662 0.629386 0.447429 0.649123 0.447429 0.650219 0.446662 0.655702 0.446662 0.656798 0.445894 0.656798 0.445127 0.657895 0.444359 0.658991 0.444359 0.660088 0.445127 0.662281 0.443592 0.663377 0.443592 0.664474 0.442824 0.66557 0.442824 0.66557 0.442057 0.664474 0.442057 0.663377 0.441289 0.657895 0.441289 0.658991 0.442057 0.658991 0.443592 0.657895 0.444359 0.655702 0.444359 0.654605 0.443592 0.653509 0.443592 0.651316 0.442057 0.648026 0.442057 0.64693 0.441289 0.639254 0.441289 0.638158 0.440522 0.632675 0.440522 0.631579 0.439754 0.628289 0.439754 0.627193 0.440522 0.610746 0.440522 0.609649 0.441289 0.599781 0.441289 0.598684 0.440522 0.597588 0.440522 0.596491 0.439754 0.592105 0.439754 0.591009 0.438987 0.589912 0.438987 0.588816 0.439754 0.587719 0.439754 0.586623 0.438987
0 0.460526 0.433615 0.45943 0.434382 0.45943 0.438219 0.458333 0.438987 0.458333 0.450499 0.457237 0.451266 0.457237 0.455104 0.45614 0.455871 0.45614 0.457406 0.455044 0.458173 0.455044 0.462011 0.453947 0.462778 0.453947 0.466616 0.452851 0.467383 0.452851 0.468918 0.453947 0.469685 0.453947 0.470453 0.455044 0.469685 0.455044 0.468918 0.45614 0.46815 0.45614 0.465848 0.457237 0.465081 0.457237 0.463546 0.458333 0.462778 0.458333 0.462011 0.45943 0.461243 0.45943 0.458941 0.460526 0.458173 0.460526 0.455104 0.461623 0.454336 0.461623 0.452801 0.462719 0.452034 0.462719 0.451266 0.463816 0.450499 0.463816 0.446662 0.462719 0.445894 0.462719 0.444359 0.461623 0.443592 0.461623 0.434382
0 0.419956 0.424405 0.416667 0.426708 0.41557 0.426708 0.414474 0.427475 0.413377 0.427475 0.412281 0.428243 0.405702 0.428243 0.402412 0.430545 0.392544 0.430545 0.391447 0.431312 0.389254 0.431312 0.388158 0.43208 0.385965 0.43208 0.384868 0.432847 0.383772 0.432847 0.382675 0.433615 0.380482 0.433615 0.379386 0.434382 0.378289 0.434382 0.377193 0.43515 0.376096 0.43515 0.369518 0.439754 0.366228 0.439754 0.362939 0.437452 0.35307 0.437452 0.35307 0.438987 0.351974 0.439754 0.351974 0.440522 0.348684 0.442824 0.347588 0.442824 0.350877 0.445127 0.350877 0.446662 0.351974 0.447429 0.351974 0.448196 0.350877 0.448964 0.349781 0.448964 0.347588 0.447429 0.346491 0.447429 0.343202 0.449731 0.343202 0.451266 0.344298 0.452034 0.348684 0.452034 0.350877 0.450499 0.351974 0.450499 0.354167 0.448964 0.355263 0.448964 0.35636 0.448196 0.360746 0.448196 0.361842 0.447429 0.365132 0.447429 0.367325 0.445894 0.368421 0.445894 0.371711 0.443592 0.372807 0.443592 0.373904 0.442824 0.375 0.442824 0.376096 0.442057 0.378289 0.442057 0.379386 0.441289 0.381579 0.441289 0.382675 0.440522 0.385965 0.440522 0.387061 0.439754 0.388158 0.439754 0.389254 0.438987 0.390351 0.438987 0.39364 0.436685 0.394737 0.436685 0.395833 0.435917 0.402412 0.435917 0.403509 0.436685 0.406798 0.436685 0.407895 0.435917 0.408991 0.436685 0.410088 0.435917 0.411184 0.435917 0.412281 0.43515 0.411184 0.434382 0.411184 0.432847 0.410088 0.43208 0.410088 0.430545 0.412281 0.42901 0.416667 0.42901 0.417763 0.428243 0.419956 0.428243 0.422149 0.426708 0.423246 0.426708 0.424342 0.42594 0.424342 0.425173 0.423246 0.424405
0 0.686404 0.4198 0.684211 0.421335 0.683114 0.421335 0.682018 0.422103 0.682018 0.42287 0.680921 0.423638 0.680921 0.424405 0.682018 0.425173 0.680921 0.42594 0.680921 0.426708 0.679825 0.427475 0.679825 0.428243 0.678728 0.42901 0.678728 0.43208 0.677632 0.432847 0.677632 0.438987 0.676535 0.439754 0.676535 0.440522 0.675439 0.441289 0.674342 0.441289 0.673246 0.442057 0.672149 0.442057 0.671053 0.442824 0.669956 0.442824 0.66886 0.442057 0.667763 0.442824 0.66886 0.442824 0.669956 0.443592 0.672149 0.443592 0.673246 0.444359 0.675439 0.444359 0.677632 0.445894 0.678728 0.445894 0.679825 0.446662 0.679825 0.447429 0.683114 0.449731 0.684211 0.449731 0.685307 0.450499 0.6875 0.450499 0.688596 0.451266 0.691886 0.451266 0.692982 0.452034 0.700658 0.452034 0.700658 0.450499 0.699561 0.449731 0.699561 0.445894 0.698465 0.445127 0.698465 0.440522 0.697368 0.439754 0.697368 0.438219 0.696272 0.437452 0.696272 0.436685 0.696272 0.438219 0.695175 0.438987 0.695175 0.443592 0.696272 0.444359 0.696272 0.445894 0.697368 0.446662 0.694079 0.448964 0.691886 0.448964 0.684211 0.443592 0.683114 0.443592 0.680921 0.442057 0.680921 0.438987 0.682018 0.438219 0.682018 0.43515 0.683114 0.434382 0.683114 0.433615 0.684211 0.432847 0.684211 0.431312 0.685307 0.430545 0.685307 0.427475 0.686404 0.426708 0.686404 0.425173 0.6875 0.424405 0.6875 0.42287 0.688596 0.422103 0.688596 0.4198
0 0.242325 0.419033 0.240132 0.420568 0.240132 0.421335 0.239035 0.422103 0.239035 0.423638 0.237939 0.424405 0.237939 0.425173 0.236842 0.42594 0.236842 0.426708 0.235746 0.427475 0.235746 0.428243 0.234649 0.42901 0.234649 0.430545 0.236842 0.43208 0.239035 0.43208 0.246711 0.426708 0.246711 0.42287 0.245614 0.422103 0.245614 0.421335 0.244518 0.420568 0.244518 0.4198 0.243421 0.419033
0 0.411184 0.413661 0.411184 0.415196 0.412281 0.415196 0.413377 0.415963 0.417763 0.415963 0.41886 0.415196 0.41886 0.414428 0.417763 0.413661
0 0.237939 0.410591 0.237939 0.411358 0.235746 0.412893 0.235746 0.413661 0.234649 0.414428 0.234649 0.415196 0.233553 0.415963 0.233553 0.417498 0.232456 0.418266 0.232456 0.4198 0.23136 0.420568 0.232456 0.420568 0.234649 0.419033 0.234649 0.418266 0.237939 0.415963 0.237939 0.415196 0.239035 0.414428 0.239035 0.412893 0.240132 0.412126 0.240132 0.411358 0.239035 0.410591
0 0.387061 0.401381 0.387061 0.402916 0.389254 0.404451 0.389254 0.402149 0.388158 0.401381
0 0.254386 0.396009 0.253289 0.396777 0.253289 0.399847 0.254386 0.400614 0.257675 0.400614 0.257675 0.396009
0 0.720395 0.395242 0.720395 0.396009 0.721491 0.396777 0.722588 0.396777 0.724781 0.398312 0.724781 0.399079 0.726974 0.399079 0.724781 0.397544 0.724781 0.396009 0.723684 0.395242
0 0.70614 0.395242 0.70614 0.396009 0.707237 0.396777 0.710526 0.396777 0.710526 0.396009 0.70943 0.395242
0 0.596491 0.394474 0.595395 0.395242 0.593202 0.395242 0.592105 0.396009 0.592105 0.396777 0.589912 0.398312 0.589912 0.399079 0.592105 0.399079 0.593202 0.398312 0.594298 0.398312 0.596491 0.396777
0 0.182018 0.389102 0.182018 0.38987 0.183114 0.38987
0 0.607456 0.375288 0.60636 0.376055 0.604167 0.376055 0.604167 0.376823 0.60307 0.37759 0.60307 0.379125 0.604167 0.379893 0.605263 0.379893 0.60636 0.379125 0.608553 0.379125 0.609649 0.378358 0.610746 0.378358 0.611842 0.379125 0.612939 0.379125 0.614035 0.378358 0.617325 0.378358 0.617325 0.37759 0.615132 0.376055 0.612939 0.376055 0.611842 0.375288
0 0.221491 0.37452 0.221491 0.376055 0.222588 0.376823 0.223684 0.376055 0.223684 0.37452
0 0.551535 0.369148 0.549342 0.370683 0.549342 0.373753 0.550439 0.37452 0.550439 0.378358 0.552632 0.379893 0.553728 0.379893 0.557018 0.382195 0.558114 0.382195 0.561404 0.384497 0.561404 0.385265 0.564693 0.387567 0.566886 0.387567 0.569079 0.389102 0.575658 0.389102 0.575658 0.3868 0.574561 0.386032 0.574561 0.385265 0.573465 0.384497 0.573465 0.382195 0.572368 0.381427 0.572368 0.379125 0.567982 0.376055 0.566886 0.376055 0.565789 0.375288 0.564693 0.375288 0.563596 0.37452 0.5625 0.37452 0.560307 0.372985 0.560307 0.372218 0.555921 0.369148
0 0.639254 0.362241 0.637061 0.363776 0.635965 0.363776 0.634868 0.364543 0.633772 0.364543 0.633772 0.365311 0.631579 0.366846 0.631579 0.367613 0.628289 0.369916 0.628289 0.37145 0.627193 0.372218 0.627193 0.37452 0.628289 0.375288 0.630482 0.375288 0.634868 0.372218 0.635965 0.372218 0.638158 0.370683 0.640351 0.370683 0.642544 0.369148 0.64364 0.369148 0.64693 0.366846 0.64693 0.364543 0.64364 0.362241
0 0.248904 0.362241 0.248904 0.363776 0.246711 0.365311 0.246711 0.366078 0.247807 0.366846 0.25 0.366846 0.25 0.366078 0.248904 0.365311
0 0.380482 0.355334 0.379386 0.356101 0.379386 0.359171 0.380482 0.359939 0.382675 0.359939 0.383772 0.360706 0.385965 0.360706 0.385965 0.356869 0.384868 0.356869 0.382675 0.355334
0 0.697368 0.353031 0.692982 0.356101 0.692982 0.356869 0.690789 0.358404 0.690789 0.359171 0.6875 0.361474 0.684211 0.361474 0.684211 0.363776 0.685307 0.363008 0.688596 0.363008 0.689693 0.362241 0.690789 0.362241 0.694079 0.359939 0.694079 0.359171 0.697368 0.356869 0.697368 0.356101 0.700658 0.353799 0.699561 0.353031
0 0.558114 0.348427 0.558114 0.349962 0.559211 0.349194 0.559211 0.348427
0 0.364035 0.346892 0.364035 0.347659 0.365132 0.347659 0.366228 0.348427 0.367325 0.348427 0.367325 0.347659 0.366228 0.346892
0 0.550439 0.336147 0.549342 0.336915 0.547149 0.336915 0.544956 0.33845 0.544956 0.339217 0.54386 0.339985 0.54386 0.344589 0.546053 0.346124 0.549342 0.346124 0.552632 0.343822 0.552632 0.343054 0.553728 0.342287 0.553728 0.337682 0.552632 0.336915 0.551535 0.336915
0 0.383772 0.33538 0.380482 0.337682 0.382675 0.337682 0.383772 0.336915 0.384868 0.336915 0.387061 0.33538
0 0.591009 0.334612 0.591009 0.33538 0.592105 0.33538 0.592105 0.334612
0 0.445175 0.33231 0.442982 0.333845 0.440789 0.333845 0.439693 0.334612 0.438596 0.334612 0.4375 0.333845 0.436404 0.333845 0.436404 0.334612 0.435307 0.33538 0.436404 0.336147 0.435307 0.336915 0.435307 0.33845 0.438596 0.340752 0.438596 0.343054 0.4375 0.343822 0.4375 0.346124 0.436404 0.346892 0.436404 0.347659 0.435307 0.348427 0.435307 0.349194 0.434211 0.349962 0.434211 0.355334 0.433114 0.356101 0.433114 0.356869 0.430921 0.358404 0.429825 0.357636 0.427632 0.357636 0.426535 0.356869 0.424342 0.356869 0.423246 0.356101 0.421053 0.356101 0.419956 0.356869 0.419956 0.357636 0.41886 0.358404 0.41886 0.359171 0.416667 0.360706 0.416667 0.363008 0.41557 0.363776 0.41557 0.366078 0.416667 0.366846 0.416667 0.369148 0.417763 0.369916 0.417763 0.372985 0.41886 0.373753 0.41886 0.37452 0.419956 0.375288 0.419956 0.376823 0.421053 0.37759 0.421053 0.378358 0.419956 0.379125 0.419956 0.379893 0.421053 0.38066 0.421053 0.386032 0.422149 0.3868 0.422149 0.388335 0.424342 0.38987 0.424342 0.390637 0.425439 0.391404 0.426535 0.391404 0.429825 0.393707 0.432018 0.392172 0.433114 0.392172 0.434211 0.391404 0.434211 0.389102 0.435307 0.388335 0.435307 0.385265 0.436404 0.384497 0.436404 0.38373 0.435307 0.382962 0.435307 0.38066 0.436404 0.379893 0.435307 0.379125 0.436404 0.378358 0.436404 0.376055 0.4375 0.375288 0.4375 0.373753 0.438596 0.372985 0.438596 0.372218 0.439693 0.37145 0.439693 0.370683 0.440789 0.369916 0.440789 0.369148 0.441886 0.368381 0.441886 0.367613 0.442982 0.366846 0.442982 0.366078 0.444079 0.365311 0.444079 0.364543 0.442982 0.363776 0.442982 0.362241 0.440789 0.360706 0.440789 0.359939 0.441886 0.359171 0.441886 0.358404 0.444079 0.356869 0.444079 0.346892 0.445175 0.346124 0.445175 0.343822 0.444079 0.343054 0.444079 0.33845 0.445175 0.337682 0.445175 0.336915 0.446272 0.336147 0.446272 0.33231
0 0.220395 0.33231 0.220395 0.333845 0.221491 0.334612 0.221491 0.333845 0.220395 0.333078
0 0.412281 0.324635 0.411184 0.325403 0.412281 0.325403
0 0.242325 0.323868 0.244518 0.325403 0.246711 0.325403 0.247807 0.32617 0.248904 0.32617 0.248904 0.325403 0.245614 0.325403 0.244518 0.324635 0.243421 0.324635
0 0.724781 0.320031 0.724781 0.320798 0.725877 0.320031
0 0.586623 0.316193 0.585526 0.316961 0.586623 0.317728 0.587719 0.317728 0.588816 0.316961 0.588816 0.316193
0 0.713816 0.311589 0.713816 0.313891 0.714912 0.313891 0.716009 0.313124 0.716009 0.311589
0 0.354167 0.311589 0.35307 0.312356 0.35307 0.313124 0.351974 0.313891 0.351974 0.316193 0.35307 0.316961 0.355263 0.315426 0.357456 0.315426 0.359649 0.316961 0.360746 0.316961 0.362939 0.318496 0.362939 0.319263 0.364035 0.320031 0.364035 0.322333 0.365132 0.322333 0.365132 0.320798 0.364035 0.320031 0.364035 0.319263 0.362939 0.318496 0.362939 0.316193 0.361842 0.315426 0.361842 0.313891 0.358553 0.311589
0 0.288377 0.310821 0.288377 0.311589 0.289474 0.312356 0.29057 0.311589 0.289474 0.310821
0 0.321272 0.310054 0.321272 0.311589 0.322368 0.311589 0.322368 0.310054
0 0.712719 0.307751 0.712719 0.309286 0.713816 0.310054 0.713816 0.308519
0 0.751096 0.297774 0.751096 0.298542 0.753289 0.298542 0.752193 0.297774
0 0.698465 0.297007 0.697368 0.297774 0.699561 0.297774 0.699561 0.297007
0 0.705044 0.295472 0.703947 0.296239 0.703947 0.297007 0.705044 0.297774 0.705044 0.298542 0.707237 0.300077 0.708333 0.300077 0.70943 0.300844 0.70943 0.302379 0.710526 0.303147 0.710526 0.302379 0.711623 0.301612 0.711623 0.299309 0.710526 0.298542 0.710526 0.297774 0.707237 0.295472
0 0.424342 0.295472 0.424342 0.296239 0.423246 0.297007 0.423246 0.297774 0.424342 0.297774 0.424342 0.297007 0.425439 0.296239 0.425439 0.295472
0 0.577851 0.287797 0.576754 0.288565 0.577851 0.289332 0.577851 0.2901 0.580044 0.2901 0.58114 0.289332 0.58114 0.288565 0.580044 0.287797
0 0.377193 0.28703 0.377193 0.289332 0.379386 0.290867 0.379386 0.291635 0.380482 0.292402 0.382675 0.292402 0.383772 0.29317 0.385965 0.29317 0.387061 0.293937 0.389254 0.293937 0.389254 0.29317 0.388158 0.292402 0.388158 0.290867 0.385965 0.289332 0.385965 0.288565 0.384868 0.288565 0.383772 0.287797 0.382675 0.287797 0.381579 0.28703
0 0.451754 0.283193 0.450658 0.28396 0.449561 0.28396 0.448465 0.284728 0.446272 0.284728 0.444079 0.286262 0.442982 0.286262 0.440789 0.287797 0.440789 0.29317 0.441886 0.293937 0.441886 0.294705 0.442982 0.295472 0.442982 0.297007 0.447368 0.300077 0.448465 0.300077 0.451754 0.302379 0.452851 0.301612 0.452851 0.300844 0.453947 0.300077 0.453947 0.299309 0.455044 0.298542 0.455044 0.296239 0.45614 0.295472 0.45614 0.291635 0.457237 0.290867 0.457237 0.28703 0.458333 0.286262 0.458333 0.284728 0.455044 0.284728 0.453947 0.28396 0.453947 0.283193
0 0.322368 0.282425 0.321272 0.283193 0.322368 0.28396 0.322368 0.284728 0.323465 0.285495 0.323465 0.286262 0.324561 0.28703 0.325658 0.28703 0.325658 0.285495 0.324561 0.284728 0.324561 0.28396
0 0.699561 0.277053 0.698465 0.27782 0.698465 0.280123 0.699561 0.280123 0.700658 0.279355 0.700658 0.277053
0 0.33443 0.275518 0.333333 0.276285 0.333333 0.27782 0.33443 0.278588 0.33443 0.279355 0.335526 0.280123 0.337719 0.280123 0.338816 0.279355 0.338816 0.278588 0.337719 0.27782 0.337719 0.277053 0.335526 0.275518
0 0.300439 0.270913 0.300439 0.273216 0.301535 0.273216 0.301535 0.270913
0 0.723684 0.268611 0.722588 0.269378 0.724781 0.269378 0.724781 0.268611
0 0.713816 0.268611 0.710526 0.270913 0.710526 0.271681 0.70943 0.272448 0.70943 0.273216 0.70614 0.275518 0.707237 0.276285 0.70943 0.276285 0.710526 0.275518 0.711623 0.275518 0.713816 0.273983 0.713816 0.273216 0.714912 0.272448 0.714912 0.269378
0 0.448465 0.267076 0.447368 0.267843 0.444079 0.267843 0.441886 0.269378 0.441886 0.270913 0.440789 0.271681 0.440789 0.274751 0.441886 0.275518 0.441886 0.276285 0.444079 0.276285 0.445175 0.277053 0.446272 0.276285 0.447368 0.276285 0.449561 0.274751 0.450658 0.274751 0.453947 0.272448 0.453947 0.270146 0.450658 0.267843 0.449561 0.267843
0 0.357456 0.259401 0.35636 0.260169 0.35307 0.260169 0.35307 0.266309 0.351974 0.267076 0.351974 0.267843 0.350877 0.268611 0.350877 0.272448 0.354167 0.272448 0.35636 0.270913 0.357456 0.270913 0.357456 0.270146 0.359649 0.268611 0.360746 0.268611 0.361842 0.269378 0.362939 0.269378 0.365132 0.270913 0.365132 0.279355 0.366228 0.279355 0.366228 0.271681 0.365132 0.270913 0.365132 0.270146 0.364035 0.269378 0.364035 0.268611 0.362939 0.268611 0.361842 0.267843 0.361842 0.267076 0.360746 0.266309 0.360746 0.264006 0.361842 0.263239 0.361842 0.262471 0.362939 0.261704 0.361842 0.260936 0.361842 0.260169 0.360746 0.260169 0.359649 0.259401
0 0.345395 0.257866 0.344298 0.258634 0.344298 0.259401 0.343202 0.260169 0.343202 0.260936 0.342105 0.261704 0.342105 0.263239 0.341009 0.264006 0.342105 0.264774 0.342105 0.265541 0.343202 0.265541 0.344298 0.264774 0.344298 0.264006 0.345395 0.263239 0.345395 0.261704 0.346491 0.260936 0.346491 0.257866
0 0.358553 0.251727 0.35636 0.253262 0.355263 0.253262 0.354167 0.254029 0.354167 0.254797 0.355263 0.255564 0.35636 0.255564 0.357456 0.254797 0.361842 0.254797 0.362939 0.254029 0.364035 0.254029 0.364035 0.251727
0 0.3125 0.240982 0.3125 0.242517 0.313596 0.24175
0 0.400219 0.237145 0.399123 0.237913 0.398026 0.237913 0.398026 0.23868 0.394737 0.240982 0.394737 0.24175 0.39364 0.242517 0.39364 0.24482 0.394737 0.244052 0.394737 0.243285 0.398026 0.240982 0.398026 0.240215 0.400219 0.23868
0 0.605263 0.236378 0.601974 0.23868 0.601974 0.239447 0.60307 0.239447 0.60636 0.237145 0.607456 0.237145 0.607456 0.236378
0 0.364035 0.233308 0.362939 0.234075 0.362939 0.236378 0.364035 0.237145 0.364035 0.237913 0.365132 0.237913 0.366228 0.23868 0.367325 0.23868 0.367325 0.23561 0.366228 0.234843 0.366228 0.234075 0.365132 0.233308
0 0.317982 0.231005 0.317982 0.231773 0.321272 0.234075 0.322368 0.234075 0.323465 0.234843 0.326754 0.234843 0.327851 0.234075 0.333333 0.237913 0.33443 0.237913 0.33443 0.236378 0.332237 0.234843 0.332237 0.234075 0.323465 0.234075 0.319079 0.231005
0 0.473684 0.227936 0.473684 0.230238 0.472588 0.231005 0.472588 0.236378 0.472588 0.23254 0.473684 0.231773
0 0.591009 0.214889 0.589912 0.215656 0.588816 0.215656 0.586623 0.217191 0.586623 0.217959 0.585526 0.218726 0.585526 0.219493 0.58443 0.220261 0.58443 0.221028 0.583333 0.221796 0.58443 0.222563 0.585526 0.222563 0.586623 0.221796 0.588816 0.221796 0.591009 0.220261 0.591009 0.219493 0.592105 0.218726 0.592105 0.217959 0.593202 0.217191 0.593202 0.215656 0.592105 0.214889
0 0.403509 0.214121 0.402412 0.214889 0.402412 0.215656 0.403509 0.216424 0.403509 0.217191 0.404605 0.217959 0.404605 0.216424 0.403509 0.215656
0 0.551535 0.207214 0.551535 0.207982 0.552632 0.208749 0.553728 0.208749 0.554825 0.209517 0.5625 0.209517 0.5625 0.207214
0 0.351974 0.206447 0.351974 0.207214 0.354167 0.208749 0.355263 0.208749 0.35636 0.209517 0.35636 0.208749 0.35307 0.206447
0 0.35307 0.192632 0.351974 0.1934 0.351974 0.194935 0.350877 0.195702 0.350877 0.19647 0.349781 0.197237 0.349781 0.198005 0.348684 0.198772 0.348684 0.203377 0.349781 0.203377 0.349781 0.200307 0.350877 0.19954 0.350877 0.198005 0.351974 0.197237 0.351974 0.19647 0.35307 0.195702
0 0.588816 0.191097 0.587719 0.191865 0.586623 0.191865 0.582237 0.194935 0.582237 0.195702 0.58114 0.19647 0.580044 0.19647 0.580044 0.197237 0.58114 0.197237 0.58114 0.19647 0.582237 0.195702 0.585526 0.195702 0.589912 0.192632 0.589912 0.191097
0 0.565789 0.171144 0.564693 0.171911 0.564693 0.172678 0.5625 0.174213 0.5625 0.174981 0.565789 0.172678
0 0.529605 0.168074 0.529605 0.169609 0.530702 0.169609 0.531798 0.168841 0.530702 0.168074
0 0.474781 0.149655 0.474781 0.15119 0.475877 0.15119 0.475877 0.150422
0 0.555921 0.14505 0.555921 0.145817 0.553728 0.147352 0.553728 0.14812 0.552632 0.148887 0.552632 0.149655 0.551535 0.150422 0.551535 0.15119 0.548246 0.153492 0.548246 0.159632 0.547149 0.160399 0.547149 0.161167 0.546053 0.161934 0.546053 0.162701 0.544956 0.163469 0.544956 0.164236 0.54386 0.165004 0.54386 0.167306 0.542763 0.168074 0.542763 0.168841 0.54386 0.169609 0.54386 0.174213 0.542763 0.174981 0.542763 0.176516 0.541667 0.177283 0.541667 0.178051 0.539474 0.179586 0.539474 0.180353 0.538377 0.18112 0.536184 0.18112 0.535088 0.180353 0.535088 0.177283 0.533991 0.176516 0.533991 0.174213 0.533991 0.18112 0.535088 0.181888 0.535088 0.182655 0.536184 0.183423 0.536184 0.189563 0.537281 0.19033 0.537281 0.189563 0.539474 0.188028 0.539474 0.18726 0.541667 0.185725 0.541667 0.184958 0.542763 0.18419 0.542763 0.183423 0.544956 0.181888 0.544956 0.18112 0.546053 0.180353 0.546053 0.179586 0.547149 0.178818 0.547149 0.176516 0.548246 0.175748 0.548246 0.171911 0.547149 0.171144 0.547149 0.170376 0.546053 0.169609 0.546053 0.167306 0.547149 0.166539 0.547149 0.165004 0.548246 0.164236 0.548246 0.163469 0.549342 0.162701 0.549342 0.161167 0.550439 0.160399 0.550439 0.159632 0.551535 0.158864 0.551535 0.155027 0.552632 0.154259 0.552632 0.152724 0.553728 0.151957 0.553728 0.15119 0.554825 0.150422 0.554825 0.149655 0.555921 0.148887 0.555921 0.147352 0.557018 0.146585 0.557018 0.14505
0 0.492325 0.128933 0.492325 0.130468 0.493421 0.129701 0.493421 0.128933
0 0.519737 0.114351 0.519737 0.118189 0.520833 0.118956 0.520833 0.129701 0.52193 0.130468 0.52193 0.131236 0.52193 0.128166 0.520833 0.127398 0.520833 0.115886 0.519737 0.115119
0 0.519737 0.0997698 0.519737 0.100537 0.51864 0.101305 0.519737 0.102072 0.519737 0.108979
