0 0.253289 0.84881 0.253289 0.849578 0.254386 0.849578 0.254386 0.84881
0 0.26864 0.827322 0.267544 0.828089 0.265351 0.828089 0.264254 0.828856 0.262061 0.828856 0.260965 0.829624 0.260965 0.830391 0.259868 0.831159 0.260965 0.831926 0.264254 0.831926 0.265351 0.831159 0.266447 0.831159 0.267544 0.830391 0.26864 0.830391 0.269737 0.831159 0.27193 0.831159 0.274123 0.829624 0.274123 0.828856 0.273026 0.828089 0.27193 0.828089 0.270833 0.827322
0 0.339912 0.822717 0.338816 0.823484 0.338816 0.825019 0.339912 0.825019
0 0.269737 0.821949 0.270833 0.822717 0.27193 0.822717 0.27193 0.821949
0 0.167763 0.799693 0.166667 0.80046 0.164474 0.80046 0.163377 0.801228 0.163377 0.801995 0.164474 0.801995 0.16557 0.801228 0.166667 0.801228 0.167763 0.80046
0 0.185307 0.796623 0.185307 0.797391 0.1875 0.797391 0.186404 0.796623
0 0.184211 0.744436 0.183114 0.745203 0.182018 0.745203 0.182018 0.745971 0.180921 0.746738 0.180921 0.747506 0.182018 0.747506 0.185307 0.745203 0.185307 0.744436
0 0.243421 0.739064 0.242325 0.739831 0.242325 0.740599 0.241228 0.741366 0.241228 0.742134 0.242325 0.742901 0.242325 0.743668 0.243421 0.744436 0.245614 0.744436 0.247807 0.742901 0.247807 0.741366 0.246711 0.740599 0.246711 0.739831 0.244518 0.739831
0 0.155702 0.733691 0.154605 0.734459 0.153509 0.734459 0.153509 0.735226 0.152412 0.735994 0.153509 0.735994 0.155702 0.734459
0 0.163377 0.726784 0.163377 0.727552 0.162281 0.728319 0.163377 0.728319 0.164474 0.727552 0.16557 0.727552 0.16557 0.726784
0 0.447368 0.71297 0.447368 0.714505 0.446272 0.715272 0.446272 0.71604 0.447368 0.716807 0.447368 0.720645 0.448465 0.721412 0.448465 0.722947 0.449561 0.723715 0.449561 0.724482 0.450658 0.725249 0.450658 0.726017 0.451754 0.726784 0.451754 0.728319 0.453947 0.729854 0.455044 0.729854 0.45614 0.730622 0.460526 0.730622 0.461623 0.731389 0.461623 0.730622 0.457237 0.730622 0.455044 0.729087 0.455044 0.728319 0.452851 0.726784 0.452851 0.726017 0.451754 0.725249 0.451754 0.724482 0.450658 0.723715 0.451754 0.722947 0.451754 0.72218 0.452851 0.721412 0.455044 0.721412 0.45614 0.720645 0.457237 0.720645 0.45943 0.71911 0.461623 0.71911 0.462719 0.718342 0.463816 0.718342 0.464912 0.717575 0.466009 0.717575 0.466009 0.716807 0.462719 0.716807 0.461623 0.717575 0.45943 0.717575 0.458333 0.718342 0.457237 0.718342 0.453947 0.720645 0.451754 0.720645 0.451754 0.721412 0.450658 0.72218 0.449561 0.72218 0.448465 0.721412 0.448465 0.720645 0.450658 0.71911 0.450658 0.718342 0.449561 0.717575 0.449561 0.71604 0.448465 0.715272 0.448465 0.713738
0 0.177632 0.705295 0.177632 0.70683 0.176535 0.707598 0.179825 0.707598 0.179825 0.706063 0.178728 0.705295
0 0.1875 0.686109 0.1875 0.686876 0.188596 0.686876 0.188596 0.686109
0 0.429825 0.674597 0.428728 0.675365 0.427632 0.675365 0.425439 0.676899 0.424342 0.676899 0.424342 0.677667 0.422149 0.679202 0.422149 0.681504 0.421053 0.682272 0.421053 0.685342 0.422149 0.686109 0.422149 0.687644 0.423246 0.688411 0.423246 0.690714 0.424342 0.691481 0.424342 0.692249 0.425439 0.693016 0.425439 0.693784 0.427632 0.695318 0.428728 0.694551 0.429825 0.694551 0.432018 0.693016 0.432018 0.691481 0.433114 0.690714 0.433114 0.687644 0.434211 0.686876 0.434211 0.677667 0.433114 0.676899 0.433114 0.676132 0.432018 0.675365 0.430921 0.675365
0 0.533991 0.673062 0.536184 0.674597 0.537281 0.67383 0.536184 0.673062
0 0.560307 0.66769 0.560307 0.669225 0.561404 0.669225 0.560307 0.668457
0 0.548246 0.665388 0.548246 0.666155 0.547149 0.666922 0.549342 0.666922 0.550439 0.666155 0.551535 0.666155 0.551535 0.665388
0 0.520833 0.648503 0.51864 0.650038 0.51864 0.650806 0.520833 0.652341 0.523026 0.652341 0.525219 0.650806 0.526316 0.650806 0.528509 0.652341 0.528509 0.653108 0.529605 0.653876 0.529605 0.656946 0.528509 0.657713 0.528509 0.660783 0.527412 0.66155 0.527412 0.663085 0.526316 0.663853 0.526316 0.66462 0.525219 0.665388 0.525219 0.66769 0.524123 0.668457 0.524123 0.669992 0.527412 0.669992 0.528509 0.669225 0.528509 0.668457 0.529605 0.66769 0.529605 0.666155 0.530702 0.665388 0.530702 0.663853 0.531798 0.663085 0.531798 0.66155 0.532895 0.660783 0.532895 0.659248 0.533991 0.65848 0.533991 0.653108 0.532895 0.652341 0.532895 0.651573 0.529605 0.649271 0.528509 0.649271 0.527412 0.650038 0.525219 0.648503
0 0.564693 0.637759 0.564693 0.646201 0.565789 0.646969 0.566886 0.646969 0.565789 0.646201 0.565789 0.645434 0.564693 0.644666 0.565789 0.643899 0.565789 0.640829 0.564693 0.640061
0 0.5625 0.630084 0.5625 0.630852 0.563596 0.631619 0.564693 0.631619
0 0.229167 0.612433 0.22807 0.6132 0.226974 0.6132 0.226974 0.613968 0.229167 0.613968 0.230263 0.6132
0 0.255482 0.611665 0.252193 0.613968 0.253289 0.614735 0.253289 0.615503 0.252193 0.61627 0.252193 0.618573 0.251096 0.61934 0.251096 0.621642 0.252193 0.62241 0.252193 0.623177 0.253289 0.623945 0.254386 0.623945 0.255482 0.623177 0.256579 0.623177 0.258772 0.621642 0.258772 0.620107 0.259868 0.61934 0.259868 0.615503 0.258772 0.614735 0.258772 0.612433 0.257675 0.611665
0 0.583333 0.610898 0.583333 0.612433 0.58443 0.6132 0.585526 0.6132 0.586623 0.612433 0.585526 0.611665 0.585526 0.610898
0 0.635965 0.61013 0.640351 0.6132 0.640351 0.613968 0.641447 0.613968 0.639254 0.612433 0.639254 0.611665 0.637061 0.61013
0 0.240132 0.609363 0.240132 0.61013 0.241228 0.609363
0 0.570175 0.606293 0.569079 0.607061 0.567982 0.607061 0.566886 0.607828 0.566886 0.608596 0.565789 0.609363 0.566886 0.61013 0.566886 0.610898 0.567982 0.610898 0.569079 0.61013 0.570175 0.61013 0.571272 0.609363 0.571272 0.608596 0.572368 0.607828 0.572368 0.607061 0.571272 0.607061
0 0.557018 0.571757 0.554825 0.573292 0.554825 0.576362 0.553728 0.57713 0.553728 0.5802 0.554825 0.580967 0.555921 0.5802 0.557018 0.580967 0.563596 0.576362 0.563596 0.575595 0.564693 0.574827 0.564693 0.572525 0.563596 0.571757
0 0.148026 0.567153 0.148026 0.568688 0.149123 0.56792 0.149123 0.567153
0 0.614035 0.56485 0.610746 0.567153 0.610746 0.56792 0.608553 0.569455 0.608553 0.570223 0.607456 0.57099 0.607456 0.572525 0.60636 0.573292 0.60636 0.576362 0.607456 0.57713 0.608553 0.57713 0.610746 0.575595 0.610746 0.574827 0.611842 0.57406 0.611842 0.573292 0.617325 0.569455 0.617325 0.566385 0.615132 0.56485
0 0.190789 0.562548 0.190789 0.564083 0.191886 0.564083 0.192982 0.563315 0.192982 0.562548
0 0.281798 0.560246 0.281798 0.561781 0.282895 0.562548 0.282895 0.563315 0.282895 0.561013
0 0.26864 0.560246 0.26864 0.561013 0.269737 0.561013 0.269737 0.560246
0 0.320175 0.552571 0.316886 0.554873 0.316886 0.556408 0.317982 0.556408 0.319079 0.557176 0.320175 0.557176 0.321272 0.556408 0.321272 0.555641 0.322368 0.554873 0.322368 0.553338 0.321272 0.552571
0 0.350877 0.551036 0.349781 0.551804 0.348684 0.551804 0.346491 0.553338 0.346491 0.557943 0.349781 0.560246 0.349781 0.561013 0.350877 0.561013 0.351974 0.561781 0.351974 0.562548 0.35307 0.563315 0.35307 0.564083 0.354167 0.56485 0.354167 0.565618 0.355263 0.566385 0.355263 0.57099 0.35636 0.571757 0.358553 0.571757 0.360746 0.573292 0.362939 0.573292 0.365132 0.571757 0.366228 0.571757 0.366228 0.569455 0.367325 0.568688 0.367325 0.567153 0.366228 0.566385 0.366228 0.554873 0.364035 0.553338 0.364035 0.552571 0.362939 0.551804 0.360746 0.551804 0.359649 0.551036 0.358553 0.551036 0.357456 0.551804 0.35636 0.551804 0.355263 0.551036
0 0.137061 0.541059 0.138158 0.541827 0.138158 0.541059
0 0.342105 0.540292 0.341009 0.541059 0.339912 0.541059 0.339912 0.541827 0.338816 0.542594 0.338816 0.544129 0.341009 0.545664 0.347588 0.545664 0.348684 0.544896 0.349781 0.544896 0.349781 0.541827 0.348684 0.541059 0.347588 0.541059 0.346491 0.540292
0 0.310307 0.536454 0.310307 0.538757 0.309211 0.539524 0.309211 0.540292 0.310307 0.541059 0.309211 0.541827 0.309211 0.542594 0.310307 0.543361 0.310307 0.544896 0.311404 0.545664 0.311404 0.539524 0.310307 0.538757
0 0.152412 0.535687 0.153509 0.536454 0.153509 0.535687
0 0.256579 0.534919 0.256579 0.536454 0.257675 0.537222 0.259868 0.537222 0.260965 0.536454 0.258772 0.534919
0 0.628289 0.533384 0.628289 0.534152 0.629386 0.534919 0.629386 0.534152
0 0.344298 0.53185 0.344298 0.534152 0.345395 0.534152 0.346491 0.534919 0.348684 0.534919 0.349781 0.535687 0.350877 0.535687 0.351974 0.536454 0.35307 0.536454 0.354167 0.537222 0.355263 0.537222 0.35636 0.537989 0.360746 0.537989 0.361842 0.537222 0.361842 0.535687 0.358553 0.533384 0.35636 0.533384 0.354167 0.53185 0.35307 0.53185 0.351974 0.532617 0.350877 0.53185
0 0.279605 0.530315 0.279605 0.531082 0.280702 0.531082 0.280702 0.530315
0 0.630482 0.527245 0.630482 0.528012 0.631579 0.528012 0.633772 0.529547 0.634868 0.529547 0.634868 0.52878 0.633772 0.52878 0.631579 0.527245
0 0.308114 0.524942 0.307018 0.52571 0.308114 0.526477 0.308114 0.527245 0.308114 0.526477 0.309211 0.52571
0 0.576754 0.494244 0.576754 0.495012 0.577851 0.495779 0.577851 0.496546 0.576754 0.497314 0.576754 0.498849 0.577851 0.499616 0.577851 0.501151 0.578947 0.501919 0.578947 0.503454 0.58114 0.504988 0.583333 0.504988 0.58443 0.505756 0.586623 0.505756 0.586623 0.504988 0.587719 0.504221 0.587719 0.503454 0.586623 0.502686 0.58443 0.502686 0.583333 0.501919 0.58443 0.501151 0.58443 0.500384 0.585526 0.499616 0.585526 0.498081 0.583333 0.496546 0.583333 0.495779 0.582237 0.495012 0.58114 0.495012 0.580044 0.494244
0 0.591009 0.493477 0.591009 0.495779 0.594298 0.498081 0.596491 0.498081 0.596491 0.495779 0.593202 0.493477
0 0.640351 0.478895 0.639254 0.479662 0.639254 0.481197 0.640351 0.481965 0.641447 0.481965 0.642544 0.482732 0.64693 0.482732 0.64693 0.481197 0.645833 0.48043 0.644737 0.48043 0.642544 0.478895
0 0.538377 0.472755 0.537281 0.473523 0.537281 0.475058 0.538377 0.475825 0.538377 0.48043 0.537281 0.481197 0.537281 0.481965 0.538377 0.482732 0.538377 0.484267 0.54057 0.484267 0.54057 0.4835 0.542763 0.481965 0.544956 0.481965 0.546053 0.481197 0.547149 0.481197 0.547149 0.479662 0.546053 0.478895 0.546053 0.47736 0.544956 0.476592 0.544956 0.475825 0.54057 0.472755
0 0.666667 0.47122 0.667763 0.471988 0.66886 0.471988 0.66886 0.47122
0 0.697368 0.451266 0.697368 0.452034 0.699561 0.453569 0.701754 0.453569 0.702851 0.452801 0.701754 0.452034 0.700658 0.452034 0.699561 0.451266
0 0.563596 0.443592 0.563596 0.444359 0.5625 0.445127 0.5625 0.448196 0.566886 0.451266 0.566886 0.452034 0.569079 0.452034 0.570175 0.451266 0.571272 0.451266 0.573465 0.449731 0.573465 0.448196 0.574561 0.447429 0.573465 0.446662 0.573465 0.445894 0.571272 0.444359 0.570175 0.444359 0.569079 0.443592
0 0.464912 0.443592 0.464912 0.446662 0.463816 0.447429 0.463816 0.448964 0.462719 0.449731 0.462719 0.450499 0.461623 0.451266 0.461623 0.452034 0.460526 0.452801 0.460526 0.453569 0.45943 0.454336 0.45943 0.455871 0.458333 0.456639 0.458333 0.457406 0.457237 0.458173 0.457237 0.458941 0.45614 0.459708 0.45614 0.461243 0.455044 0.462011 0.455044 0.463546 0.453947 0.464313 0.453947 0.465848 0.452851 0.466616 0.452851 0.467383 0.451754 0.46815 0.451754 0.470453 0.452851 0.47122 0.451754 0.471988 0.451754 0.47429 0.452851 0.475058 0.452851 0.476592 0.452851 0.475825 0.453947 0.475058 0.453947 0.47122 0.455044 0.470453 0.455044 0.468918 0.45614 0.46815 0.45614 0.467383 0.457237 0.466616 0.457237 0.464313 0.458333 0.463546 0.458333 0.462778 0.45943 0.462011 0.45943 0.459708 0.460526 0.458941 0.460526 0.457406 0.461623 0.456639 0.461623 0.455871 0.462719 0.455104 0.462719 0.453569 0.463816 0.452801 0.463816 0.450499 0.464912 0.449731 0.464912 0.445894 0.466009 0.445127 0.466009 0.443592
0 0.667763 0.442057 0.663377 0.445127 0.66557 0.446662 0.667763 0.446662 0.66886 0.447429 0.669956 0.447429 0.671053 0.446662 0.673246 0.446662 0.674342 0.445894 0.674342 0.444359 0.673246 0.443592 0.672149 0.444359 0.66886 0.442057
0 0.406798 0.432847 0.405702 0.433615 0.398026 0.433615 0.395833 0.43515 0.394737 0.43515 0.39364 0.435917 0.382675 0.435917 0.381579 0.436685 0.380482 0.436685 0.379386 0.437452 0.378289 0.437452 0.375 0.439754 0.375 0.442057 0.372807 0.443592 0.371711 0.442824 0.370614 0.442824 0.370614 0.443592 0.369518 0.444359 0.366228 0.444359 0.366228 0.445894 0.368421 0.447429 0.372807 0.447429 0.373904 0.446662 0.375 0.446662 0.376096 0.445894 0.377193 0.445894 0.378289 0.445127 0.379386 0.445127 0.380482 0.444359 0.382675 0.444359 0.384868 0.442824 0.385965 0.442824 0.387061 0.442057 0.389254 0.442057 0.390351 0.441289 0.391447 0.441289 0.392544 0.440522 0.39364 0.440522 0.394737 0.439754 0.401316 0.439754 0.402412 0.440522 0.403509 0.440522 0.404605 0.441289 0.405702 0.441289 0.406798 0.442057 0.407895 0.442057 0.410088 0.443592 0.410088 0.448964 0.411184 0.449731 0.411184 0.451266 0.412281 0.452034 0.412281 0.452801 0.414474 0.454336 0.414474 0.455104 0.41557 0.455104 0.417763 0.456639 0.41886 0.456639 0.419956 0.457406 0.421053 0.457406 0.422149 0.458173 0.424342 0.458173 0.425439 0.458941 0.430921 0.458941 0.432018 0.459708 0.434211 0.459708 0.435307 0.458941 0.438596 0.458941 0.440789 0.457406 0.441886 0.457406 0.442982 0.456639 0.442982 0.455104 0.444079 0.454336 0.444079 0.450499 0.442982 0.449731 0.442982 0.446662 0.441886 0.445894 0.441886 0.445127 0.439693 0.443592 0.438596 0.443592 0.436404 0.442057 0.436404 0.442824 0.435307 0.443592 0.434211 0.442824 0.434211 0.440522 0.428728 0.436685 0.428728 0.435917 0.426535 0.435917 0.425439 0.43515 0.424342 0.43515 0.423246 0.434382 0.421053 0.434382 0.419956 0.433615 0.416667 0.433615 0.41557 0.432847
0 0.6875 0.415196 0.686404 0.415963 0.685307 0.415963 0.684211 0.416731 0.684211 0.417498 0.683114 0.418266 0.683114 0.419033 0.684211 0.4198 0.684211 0.420568 0.685307 0.420568 0.686404 0.421335 0.688596 0.4198 0.689693 0.4198 0.690789 0.419033 0.690789 0.416731 0.689693 0.415963 0.688596 0.415963
0 0.237939 0.415196 0.237939 0.415963 0.236842 0.416731 0.236842 0.419033 0.239035 0.420568 0.241228 0.420568 0.242325 0.421335 0.243421 0.420568 0.243421 0.417498 0.242325 0.416731 0.242325 0.415963 0.241228 0.415963 0.240132 0.415196
0 0.395833 0.409056 0.395833 0.410591 0.398026 0.412126 0.399123 0.412126 0.401316 0.413661 0.402412 0.413661 0.403509 0.414428 0.405702 0.414428 0.405702 0.413661 0.402412 0.411358 0.401316 0.411358 0.400219 0.410591 0.399123 0.410591 0.39693 0.409056
0 0.705044 0.399079 0.705044 0.400614 0.70614 0.401381 0.708333 0.401381 0.70943 0.400614 0.70943 0.399847 0.708333 0.399079
0 0.254386 0.399079 0.253289 0.399847 0.253289 0.400614 0.252193 0.401381 0.253289 0.402149 0.253289 0.404451 0.254386 0.404451 0.256579 0.402916 0.256579 0.402149 0.257675 0.401381 0.257675 0.399079
0 0.719298 0.397544 0.720395 0.398312 0.720395 0.399079 0.723684 0.399079 0.723684 0.398312 0.722588 0.397544
0 0.203947 0.390637 0.203947 0.391404 0.205044 0.390637
0 0.200658 0.3868 0.201754 0.387567 0.202851 0.387567 0.201754 0.3868
0 0.570175 0.379893 0.567982 0.381427 0.567982 0.38373 0.566886 0.384497 0.566886 0.386032 0.569079 0.386032 0.570175 0.385265 0.571272 0.385265 0.572368 0.384497 0.573465 0.384497 0.577851 0.381427 0.577851 0.38066 0.576754 0.379893
0 0.622807 0.372985 0.621711 0.373753 0.618421 0.373753 0.617325 0.37452 0.616228 0.37452 0.615132 0.375288 0.611842 0.375288 0.610746 0.376055 0.609649 0.376055 0.60636 0.378358 0.60636 0.38066 0.607456 0.38066 0.608553 0.381427 0.609649 0.38066 0.615132 0.38066 0.616228 0.379893 0.618421 0.379893 0.625 0.375288 0.625 0.37452 0.626096 0.373753 0.625 0.373753 0.623904 0.372985
0 0.247807 0.370683 0.246711 0.37145 0.246711 0.372985 0.247807 0.373753 0.247807 0.375288 0.25 0.373753 0.25 0.372985 0.251096 0.372218 0.251096 0.370683
0 0.560307 0.349194 0.559211 0.349962 0.559211 0.350729 0.560307 0.349962
0 0.237939 0.34152 0.239035 0.342287 0.240132 0.342287 0.241228 0.343054 0.242325 0.343054 0.244518 0.344589 0.245614 0.344589 0.246711 0.345357 0.247807 0.345357 0.245614 0.343822 0.244518 0.343822 0.243421 0.343054 0.242325 0.343054 0.241228 0.342287 0.240132 0.342287 0.239035 0.34152
0 0.585526 0.340752 0.58443 0.34152 0.58443 0.342287 0.585526 0.34152 0.586623 0.34152 0.586623 0.340752
0 0.394737 0.339985 0.39364 0.340752 0.39364 0.34152 0.391447 0.343054 0.390351 0.343054 0.390351 0.343822 0.388158 0.345357 0.388158 0.346124 0.387061 0.346892 0.387061 0.347659 0.385965 0.348427 0.385965 0.349194 0.382675 0.351497 0.378289 0.351497 0.377193 0.350729 0.376096 0.351497 0.377193 0.351497 0.378289 0.352264 0.380482 0.352264 0.382675 0.353799 0.382675 0.354566 0.385965 0.356869 0.388158 0.356869 0.389254 0.356101 0.389254 0.353799 0.390351 0.353031 0.390351 0.352264 0.391447 0.351497 0.391447 0.349962 0.39364 0.348427 0.39364 0.347659 0.394737 0.346892 0.394737 0.346124 0.395833 0.345357 0.395833 0.343822 0.39693 0.343054 0.39693 0.34152
0 0.551535 0.33231 0.550439 0.333078 0.550439 0.333845 0.547149 0.336147 0.547149 0.336915 0.546053 0.337682 0.546053 0.33845 0.54386 0.339985 0.54386 0.342287 0.544956 0.342287 0.546053 0.343054 0.547149 0.343054 0.548246 0.342287 0.549342 0.342287 0.550439 0.34152 0.550439 0.340752 0.551535 0.339985 0.551535 0.339217 0.552632 0.33845 0.552632 0.337682 0.553728 0.336915 0.553728 0.33231
0 0.253289 0.327705 0.253289 0.328473 0.255482 0.330008 0.256579 0.330008 0.258772 0.331543 0.259868 0.331543 0.266447 0.336147 0.265351 0.33538 0.266447 0.334612 0.265351 0.333845 0.264254 0.333845 0.262061 0.33231 0.260965 0.33231 0.255482 0.328473 0.254386 0.328473
0 0.364035 0.326938 0.364035 0.328473 0.365132 0.32924 0.365132 0.331543 0.366228 0.33231 0.366228 0.339985 0.364035 0.34152 0.362939 0.34152 0.360746 0.339985 0.360746 0.339217 0.359649 0.339217 0.358553 0.33845 0.358553 0.337682 0.357456 0.336915 0.357456 0.336147 0.35636 0.33538 0.35636 0.334612 0.355263 0.333845 0.355263 0.330008 0.354167 0.330775 0.354167 0.331543 0.35307 0.33231 0.35307 0.333078 0.354167 0.333845 0.354167 0.33538 0.355263 0.336147 0.355263 0.336915 0.35636 0.337682 0.35636 0.33845 0.357456 0.339217 0.357456 0.339985 0.361842 0.343054 0.366228 0.343054 0.367325 0.343822 0.368421 0.343822 0.369518 0.344589 0.378289 0.344589 0.380482 0.343054 0.380482 0.342287 0.381579 0.34152 0.381579 0.339985 0.380482 0.339217 0.377193 0.339217 0.376096 0.339985 0.375 0.339985 0.372807 0.33845 0.372807 0.334612 0.371711 0.333845 0.371711 0.33231 0.369518 0.330775 0.369518 0.330008 0.367325 0.328473 0.367325 0.327705 0.366228 0.326938
0 0.379386 0.323101 0.378289 0.323868 0.378289 0.328473 0.379386 0.328473 0.380482 0.327705 0.380482 0.326938 0.381579 0.32617 0.381579 0.324635 0.380482 0.323868 0.380482 0.323101
0 0.588816 0.320798 0.587719 0.321566 0.587719 0.322333 0.588816 0.322333 0.588816 0.321566 0.589912 0.320798
0 0.714912 0.319263 0.713816 0.320031 0.713816 0.323101 0.714912 0.323101 0.716009 0.322333 0.716009 0.321566 0.717105 0.320798 0.717105 0.319263
0 0.448465 0.319263 0.447368 0.320031 0.447368 0.320798 0.446272 0.321566 0.446272 0.322333 0.445175 0.323101 0.445175 0.32617 0.444079 0.326938 0.444079 0.328473 0.440789 0.330775 0.439693 0.330775 0.438596 0.331543 0.4375 0.331543 0.436404 0.330775 0.433114 0.330775 0.429825 0.333078 0.427632 0.333078 0.426535 0.333845 0.421053 0.333845 0.419956 0.334612 0.421053 0.33538 0.421053 0.336147 0.425439 0.339217 0.429825 0.339217 0.430921 0.339985 0.434211 0.339985 0.4375 0.342287 0.4375 0.343822 0.436404 0.344589 0.436404 0.345357 0.434211 0.346892 0.433114 0.346892 0.429825 0.349194 0.429825 0.350729 0.427632 0.352264 0.427632 0.353799 0.426535 0.354566 0.426535 0.355334 0.425439 0.356101 0.425439 0.356869 0.423246 0.358404 0.423246 0.359171 0.422149 0.359939 0.422149 0.362241 0.421053 0.363008 0.421053 0.365311 0.419956 0.366078 0.419956 0.368381 0.41886 0.369148 0.41886 0.369916 0.417763 0.370683 0.417763 0.373753 0.416667 0.37452 0.416667 0.378358 0.41557 0.379125 0.41557 0.38066 0.413377 0.382195 0.413377 0.392939 0.414474 0.393707 0.414474 0.398312 0.41557 0.399079 0.41557 0.400614 0.416667 0.401381 0.416667 0.406754 0.417763 0.407521 0.417763 0.409056 0.41886 0.409823 0.41886 0.411358 0.421053 0.411358 0.425439 0.414428 0.425439 0.415196 0.426535 0.415963 0.427632 0.415963 0.428728 0.416731 0.430921 0.416731 0.432018 0.417498 0.433114 0.417498 0.433114 0.415963 0.434211 0.415196 0.434211 0.410591 0.435307 0.409823 0.435307 0.406754 0.436404 0.405986 0.436404 0.404451 0.4375 0.403684 0.4375 0.395242 0.438596 0.394474 0.438596 0.393707 0.4375 0.392939 0.4375 0.390637 0.436404 0.38987 0.436404 0.38373 0.4375 0.382962 0.4375 0.382195 0.438596 0.381427 0.438596 0.38066 0.439693 0.379893 0.439693 0.378358 0.440789 0.37759 0.440789 0.375288 0.441886 0.37452 0.441886 0.373753 0.442982 0.372985 0.442982 0.372218 0.444079 0.37145 0.444079 0.370683 0.445175 0.369916 0.445175 0.368381 0.446272 0.367613 0.446272 0.365311 0.448465 0.363776 0.448465 0.360706 0.449561 0.359939 0.449561 0.355334 0.448465 0.354566 0.448465 0.349962 0.447368 0.349194 0.447368 0.344589 0.446272 0.343822 0.446272 0.339217 0.447368 0.33845 0.447368 0.333845 0.448465 0.333078 0.448465 0.331543 0.449561 0.330775 0.449561 0.330008 0.451754 0.328473 0.452851 0.328473 0.455044 0.326938 0.455044 0.321566 0.453947 0.320798 0.453947 0.319263
0 0.324561 0.314658 0.323465 0.315426 0.322368 0.315426 0.321272 0.316193 0.319079 0.316193 0.317982 0.315426 0.317982 0.316193 0.319079 0.316961 0.320175 0.316961 0.322368 0.318496 0.324561 0.318496 0.325658 0.317728 0.325658 0.316961 0.326754 0.316193 0.326754 0.315426 0.325658 0.314658
0 0.328947 0.311589 0.328947 0.313124 0.330044 0.313124 0.33114 0.313891 0.332237 0.313891 0.333333 0.314658 0.333333 0.315426 0.33443 0.316193 0.33443 0.318496 0.335526 0.319263 0.335526 0.320798 0.33443 0.321566 0.33443 0.322333 0.333333 0.323101 0.333333 0.323868 0.33443 0.324635 0.33443 0.32617 0.335526 0.326938 0.336623 0.326938 0.337719 0.327705 0.337719 0.328473 0.338816 0.32924 0.345395 0.32924 0.346491 0.330008 0.348684 0.330008 0.349781 0.32924 0.350877 0.32924 0.351974 0.328473 0.355263 0.328473 0.35307 0.326938 0.346491 0.326938 0.345395 0.327705 0.342105 0.327705 0.338816 0.325403 0.338816 0.324635 0.337719 0.323868 0.337719 0.320031 0.338816 0.319263 0.338816 0.318496 0.337719 0.317728 0.337719 0.316961 0.336623 0.316193 0.336623 0.315426 0.335526 0.314658 0.335526 0.313891 0.33443 0.313124 0.33443 0.312356 0.333333 0.311589
0 0.294956 0.311589 0.296053 0.312356 0.297149 0.312356 0.297149 0.311589
0 0.626096 0.307751 0.626096 0.308519 0.623904 0.310054 0.622807 0.309286 0.621711 0.310054 0.620614 0.310054 0.617325 0.312356 0.618421 0.313124 0.617325 0.313891 0.612939 0.313891 0.614035 0.314658 0.617325 0.314658 0.618421 0.313891 0.619518 0.314658 0.620614 0.314658 0.621711 0.315426 0.622807 0.315426 0.623904 0.314658 0.628289 0.314658 0.629386 0.313891 0.629386 0.312356 0.628289 0.311589 0.628289 0.310821 0.627193 0.310054 0.627193 0.309286 0.628289 0.308519 0.628289 0.307751
0 0.265351 0.304682 0.265351 0.305449 0.266447 0.306216 0.266447 0.304682
0 0.422149 0.302379 0.419956 0.303914 0.419956 0.304682 0.422149 0.304682 0.423246 0.303914 0.423246 0.302379
0 0.663377 0.299309 0.662281 0.300077 0.660088 0.300077 0.658991 0.300844 0.657895 0.300844 0.657895 0.301612 0.656798 0.302379 0.654605 0.302379 0.653509 0.301612 0.651316 0.301612 0.649123 0.300077 0.645833 0.300077 0.644737 0.300844 0.64364 0.300844 0.641447 0.302379 0.639254 0.302379 0.638158 0.303147 0.637061 0.303147 0.634868 0.304682 0.634868 0.305449 0.635965 0.306216 0.635965 0.306984 0.634868 0.307751 0.634868 0.308519 0.637061 0.308519 0.638158 0.307751 0.639254 0.307751 0.640351 0.306984 0.644737 0.306984 0.645833 0.306216 0.654605 0.306216 0.655702 0.305449 0.656798 0.305449 0.657895 0.304682 0.657895 0.303914 0.658991 0.303147 0.662281 0.303147 0.663377 0.302379 0.66557 0.302379 0.66557 0.300077 0.664474 0.299309
0 0.571272 0.298542 0.567982 0.300844 0.567982 0.302379 0.569079 0.302379 0.572368 0.300077 0.572368 0.299309 0.573465 0.298542
0 0.689693 0.296239 0.689693 0.297007 0.688596 0.297774 0.688596 0.298542 0.690789 0.300077 0.692982 0.300077 0.694079 0.299309 0.692982 0.298542 0.692982 0.297774 0.690789 0.296239
0 0.682018 0.294705 0.680921 0.295472 0.679825 0.295472 0.682018 0.295472
0 0.455044 0.289332 0.453947 0.2901 0.450658 0.2901 0.449561 0.290867 0.448465 0.290867 0.447368 0.291635 0.445175 0.291635 0.441886 0.293937 0.441886 0.294705 0.442982 0.295472 0.442982 0.298542 0.444079 0.299309 0.444079 0.300844 0.445175 0.301612 0.445175 0.303914 0.447368 0.305449 0.447368 0.306216 0.448465 0.306984 0.448465 0.309286 0.449561 0.309286 0.450658 0.310054 0.451754 0.309286 0.452851 0.309286 0.453947 0.308519 0.453947 0.307751 0.455044 0.306984 0.455044 0.305449 0.45614 0.304682 0.457237 0.304682 0.457237 0.299309 0.458333 0.298542 0.458333 0.294705 0.45943 0.293937 0.45943 0.292402 0.460526 0.291635 0.45943 0.290867 0.457237 0.290867
0 0.387061 0.289332 0.385965 0.2901 0.384868 0.2901 0.383772 0.290867 0.383772 0.291635 0.381579 0.29317 0.381579 0.293937 0.380482 0.294705 0.383772 0.297007 0.384868 0.297007 0.387061 0.298542 0.387061 0.299309 0.388158 0.300077 0.388158 0.300844 0.389254 0.301612 0.389254 0.303147 0.390351 0.303914 0.390351 0.306216 0.391447 0.306984 0.392544 0.306984 0.39364 0.307751 0.395833 0.307751 0.39693 0.306984 0.39693 0.305449 0.398026 0.304682 0.398026 0.301612 0.399123 0.300844 0.398026 0.300077 0.398026 0.296239 0.39693 0.295472 0.39693 0.294705 0.395833 0.294705 0.394737 0.293937 0.394737 0.29317 0.39364 0.292402 0.39364 0.291635 0.391447 0.2901 0.389254 0.2901 0.388158 0.289332
0 0.367325 0.278588 0.367325 0.279355 0.366228 0.280123 0.367325 0.28089 0.367325 0.281658 0.368421 0.282425 0.368421 0.28396 0.367325 0.284728 0.367325 0.285495 0.368421 0.286262 0.368421 0.289332 0.369518 0.2901 0.370614 0.2901 0.372807 0.291635 0.373904 0.291635 0.376096 0.29317 0.377193 0.29317 0.381579 0.2901 0.381579 0.287797 0.380482 0.28703 0.380482 0.286262 0.379386 0.285495 0.379386 0.28396 0.378289 0.283193 0.377193 0.283193 0.375 0.281658 0.372807 0.281658 0.368421 0.278588
0 0.692982 0.277053 0.690789 0.278588 0.690789 0.283193 0.691886 0.28396 0.694079 0.28396 0.695175 0.283193 0.695175 0.28089 0.696272 0.280123 0.696272 0.27782 0.695175 0.277053
0 0.446272 0.273983 0.445175 0.274751 0.444079 0.274751 0.442982 0.275518 0.442982 0.277053 0.441886 0.27782 0.441886 0.28089 0.442982 0.281658 0.442982 0.283193 0.444079 0.28396 0.446272 0.28396 0.448465 0.282425 0.449561 0.282425 0.452851 0.280123 0.452851 0.278588 0.453947 0.27782 0.453947 0.277053 0.451754 0.275518 0.451754 0.274751 0.450658 0.274751 0.449561 0.273983
0 0.722588 0.270146 0.722588 0.270913 0.724781 0.270913 0.724781 0.270146
0 0.339912 0.270146 0.338816 0.270913 0.337719 0.270913 0.337719 0.273216 0.333333 0.276285 0.333333 0.27782 0.33443 0.278588 0.33443 0.279355 0.337719 0.279355 0.337719 0.276285 0.341009 0.273983 0.345395 0.273983 0.345395 0.273216 0.346491 0.272448 0.345395 0.271681 0.345395 0.270913 0.344298 0.270146
0 0.311404 0.268611 0.311404 0.269378 0.3125 0.269378 0.314693 0.270913 0.314693 0.272448 0.315789 0.273216 0.315789 0.273983 0.317982 0.275518 0.317982 0.276285 0.319079 0.276285 0.319079 0.275518 0.317982 0.274751 0.317982 0.273983 0.316886 0.273216 0.316886 0.271681 0.315789 0.270913 0.315789 0.270146 0.313596 0.268611
0 0.743421 0.264006 0.742325 0.264774 0.742325 0.265541 0.740132 0.267076 0.739035 0.267076 0.737939 0.266309 0.735746 0.266309 0.735746 0.267076 0.737939 0.267076 0.739035 0.267843 0.742325 0.265541 0.742325 0.264774
0 0.746711 0.258634 0.745614 0.259401 0.745614 0.260169 0.744518 0.260936 0.744518 0.261704 0.745614 0.261704 0.746711 0.260936 0.746711 0.260169 0.747807 0.259401 0.747807 0.258634
0 0.362939 0.257099 0.361842 0.257866 0.359649 0.257866 0.358553 0.258634 0.358553 0.260169 0.357456 0.260936 0.357456 0.261704 0.358553 0.262471 0.359649 0.262471 0.360746 0.263239 0.364035 0.263239 0.365132 0.262471 0.366228 0.262471 0.368421 0.260936 0.368421 0.259401 0.365132 0.257099
0 0.586623 0.251727 0.58443 0.253262 0.583333 0.253262 0.583333 0.254029 0.587719 0.254029 0.588816 0.253262 0.589912 0.253262 0.591009 0.252494 0.591009 0.251727
0 0.398026 0.244052 0.395833 0.245587 0.394737 0.245587 0.394737 0.246355 0.39364 0.247122 0.39364 0.247889 0.394737 0.248657 0.39693 0.247122 0.39693 0.246355 0.400219 0.244052
0 0.368421 0.243285 0.368421 0.247122 0.367325 0.247889 0.367325 0.248657 0.368421 0.249424 0.369518 0.248657 0.369518 0.244052
0 0.327851 0.226401 0.327851 0.22947 0.328947 0.22947 0.327851 0.228703 0.327851 0.227936 0.328947 0.227168 0.328947 0.226401
0 0.583333 0.222563 0.582237 0.223331 0.58114 0.223331 0.578947 0.224866 0.578947 0.225633 0.577851 0.226401 0.577851 0.227168 0.576754 0.227936 0.576754 0.230238 0.578947 0.230238 0.580044 0.22947 0.58114 0.22947 0.583333 0.227936 0.58443 0.227936 0.58443 0.227168 0.585526 0.226401 0.585526 0.225633 0.586623 0.224866 0.586623 0.222563
0 0.542763 0.206447 0.542763 0.207982 0.54386 0.208749 0.544956 0.208749 0.546053 0.209517 0.546053 0.206447
0 0.485746 0.200307 0.485746 0.201842 0.483553 0.203377 0.484649 0.204144 0.484649 0.215656 0.485746 0.214889
0 0.482456 0.194935 0.482456 0.197237 0.483553 0.198005 0.483553 0.200307 0.483553 0.19954 0.484649 0.198772 0.484649 0.198005 0.483553 0.197237 0.483553 0.19647 0.482456 0.195702
0 0.536184 0.188795 0.532895 0.191097 0.532895 0.192632 0.531798 0.1934 0.531798 0.200307 0.532895 0.201074 0.533991 0.201074 0.533991 0.200307 0.535088 0.19954 0.535088 0.198772 0.536184 0.198005 0.536184 0.197237 0.537281 0.19647 0.537281 0.194935 0.538377 0.194167 0.538377 0.188795
0 0.555921 0.188028 0.554825 0.188795 0.554825 0.189563 0.553728 0.19033 0.553728 0.191097 0.552632 0.191865 0.552632 0.192632 0.551535 0.1934 0.551535 0.194167 0.549342 0.195702 0.549342 0.197237 0.547149 0.198772 0.547149 0.201842 0.547149 0.201074 0.548246 0.200307 0.548246 0.198772 0.549342 0.198005 0.549342 0.19647 0.551535 0.194935 0.551535 0.194167 0.552632 0.1934 0.552632 0.192632 0.553728 0.191865 0.553728 0.191097 0.554825 0.19033 0.554825 0.188795
0 0.475877 0.158097 0.475877 0.160399 0.476974 0.161167 0.476974 0.162701 0.47807 0.163469 0.47807 0.164236 0.47807 0.160399 0.476974 0.159632 0.476974 0.158864
