0 0.25 0.863392 0.248904 0.86416 0.248904 0.864927 0.25 0.864927
0 0.262061 0.85802 0.263158 0.858787 0.264254 0.858787 0.263158 0.85802
0 0.252193 0.842671 0.252193 0.845741 0.253289 0.846508 0.254386 0.845741 0.254386 0.843438 0.253289 0.842671
0 0.339912 0.833461 0.339912 0.834229 0.341009 0.834229
0 0.257675 0.832694 0.256579 0.833461 0.255482 0.833461 0.254386 0.834229 0.254386 0.836531 0.256579 0.836531 0.258772 0.834996 0.258772 0.833461
0 0.277412 0.828089 0.276316 0.828856 0.276316 0.830391 0.278509 0.831926 0.281798 0.829624 0.280702 0.828856 0.279605 0.828856 0.278509 0.828089
0 0.287281 0.81888 0.287281 0.819647 0.288377 0.819647
0 0.233553 0.75518 0.233553 0.759018 0.232456 0.759785 0.232456 0.760553 0.23136 0.76132 0.23136 0.765157 0.232456 0.765157 0.235746 0.762855 0.235746 0.75825 0.234649 0.757483 0.234649 0.755948
0 0.172149 0.751343 0.171053 0.752111 0.172149 0.752878 0.173246 0.752111 0.173246 0.751343
0 0.190789 0.735226 0.190789 0.736761 0.191886 0.737529 0.191886 0.735226
0 0.252193 0.733691 0.251096 0.734459 0.25 0.734459 0.25 0.735226 0.248904 0.735994 0.248904 0.737529 0.247807 0.738296 0.247807 0.739831 0.248904 0.740599 0.25 0.740599 0.251096 0.741366 0.252193 0.741366 0.253289 0.740599 0.254386 0.740599 0.257675 0.738296 0.257675 0.735994 0.255482 0.734459 0.253289 0.734459
0 0.440789 0.708365 0.439693 0.709133 0.438596 0.709133 0.4375 0.7099 0.4375 0.710668 0.436404 0.711435 0.436404 0.712203 0.438596 0.712203 0.442982 0.709133 0.441886 0.708365
0 0.544956 0.678434 0.544956 0.679969 0.547149 0.681504 0.547149 0.683039 0.548246 0.683807 0.548246 0.684574 0.548246 0.683039 0.547149 0.682272 0.547149 0.681504 0.546053 0.680737 0.546053 0.678434
0 0.432018 0.676899 0.429825 0.678434 0.429825 0.679202 0.428728 0.679969 0.428728 0.680737 0.427632 0.681504 0.427632 0.682272 0.426535 0.683039 0.426535 0.689946 0.427632 0.690714 0.427632 0.692249 0.428728 0.693016 0.428728 0.695318 0.429825 0.696086 0.429825 0.696853 0.432018 0.696853 0.433114 0.696086 0.434211 0.696086 0.436404 0.694551 0.436404 0.693016 0.4375 0.692249 0.4375 0.679969 0.436404 0.679202 0.436404 0.678434 0.435307 0.677667 0.435307 0.676899
0 0.492325 0.675365 0.491228 0.676132 0.489035 0.676132 0.487939 0.676899 0.485746 0.676899 0.484649 0.677667 0.482456 0.677667 0.48136 0.678434 0.480263 0.678434 0.479167 0.679202 0.47807 0.679202 0.475877 0.680737 0.473684 0.680737 0.472588 0.681504 0.471491 0.681504 0.470395 0.682272 0.469298 0.682272 0.471491 0.682272 0.472588 0.683039 0.479167 0.683039 0.480263 0.683807 0.484649 0.683807 0.485746 0.683039 0.493421 0.683039 0.494518 0.682272 0.495614 0.682272 0.496711 0.681504 0.496711 0.679969 0.5 0.677667 0.5 0.676132 0.493421 0.676132
0 0.196272 0.66769 0.196272 0.668457 0.197368 0.668457 0.197368 0.66769
0 0.532895 0.665388 0.532895 0.666155 0.533991 0.666155 0.533991 0.665388
0 0.524123 0.647736 0.523026 0.648503 0.520833 0.648503 0.519737 0.649271 0.519737 0.650038 0.51864 0.650806 0.51864 0.652341 0.519737 0.653108 0.519737 0.653876 0.520833 0.654643 0.524123 0.654643 0.527412 0.652341 0.527412 0.651573 0.528509 0.650806 0.528509 0.648503 0.527412 0.647736
0 0.536184 0.641596 0.535088 0.642364 0.533991 0.642364 0.530702 0.644666 0.530702 0.645434 0.529605 0.646201 0.530702 0.646969 0.531798 0.646969 0.532895 0.646201 0.532895 0.645434 0.535088 0.643899 0.536184 0.643899 0.536184 0.643131 0.537281 0.642364 0.537281 0.641596
0 0.553728 0.637759 0.553728 0.639294 0.554825 0.639294 0.554825 0.637759
0 0.609649 0.618573 0.609649 0.620107 0.615132 0.623945 0.615132 0.624712 0.616228 0.62548 0.617325 0.62548 0.618421 0.626247 0.618421 0.62548 0.617325 0.624712 0.617325 0.623945
0 0.585526 0.611665 0.587719 0.6132 0.588816 0.6132 0.588816 0.612433 0.587719 0.611665
0 0.239035 0.610898 0.239035 0.611665 0.241228 0.611665 0.241228 0.610898
0 0.245614 0.61013 0.246711 0.610898 0.247807 0.610898 0.247807 0.61013
0 0.26864 0.603223 0.267544 0.603991 0.266447 0.603991 0.265351 0.604758 0.265351 0.605526 0.264254 0.606293 0.264254 0.608596 0.263158 0.609363 0.263158 0.610898 0.262061 0.611665 0.262061 0.614735 0.263158 0.615503 0.263158 0.617805 0.264254 0.617805 0.265351 0.617038 0.266447 0.617038 0.26864 0.615503 0.26864 0.613968 0.269737 0.6132 0.269737 0.611665 0.270833 0.610898 0.270833 0.61013 0.27193 0.609363 0.27193 0.603991 0.270833 0.603223
0 0.632675 0.590177 0.637061 0.593246 0.638158 0.593246 0.640351 0.594781 0.642544 0.594781 0.64364 0.595549 0.644737 0.595549 0.64364 0.594781 0.641447 0.594781 0.639254 0.593246 0.638158 0.593246 0.633772 0.590177
0 0.137061 0.584037 0.137061 0.585572 0.138158 0.586339 0.138158 0.587107 0.139254 0.587874 0.139254 0.586339 0.137061 0.584804
0 0.546053 0.580967 0.546053 0.581734 0.548246 0.583269 0.548246 0.584037 0.550439 0.585572 0.551535 0.585572 0.552632 0.586339 0.553728 0.585572 0.554825 0.585572 0.557018 0.584037 0.555921 0.583269 0.555921 0.582502 0.553728 0.580967
0 0.614035 0.56485 0.612939 0.565618 0.612939 0.567153 0.614035 0.56792 0.615132 0.56792 0.616228 0.568688 0.618421 0.568688 0.619518 0.56792 0.619518 0.566385 0.617325 0.56485
0 0.198465 0.562548 0.197368 0.563315 0.198465 0.564083 0.199561 0.564083 0.200658 0.563315 0.199561 0.562548
0 0.154605 0.560246 0.154605 0.561781 0.155702 0.561781 0.155702 0.561013
0 0.608553 0.556408 0.60636 0.557943 0.60636 0.558711 0.605263 0.559478 0.605263 0.561013 0.607456 0.561013 0.608553 0.560246 0.609649 0.560246 0.612939 0.557943 0.612939 0.556408
0 0.609649 0.551036 0.608553 0.551804 0.608553 0.552571 0.609649 0.553338 0.611842 0.553338 0.612939 0.554106 0.615132 0.554106 0.615132 0.552571 0.614035 0.551804 0.612939 0.551804 0.611842 0.551036
0 0.35307 0.551036 0.351974 0.551804 0.349781 0.551804 0.346491 0.554106 0.346491 0.554873 0.345395 0.555641 0.345395 0.556408 0.346491 0.557176 0.346491 0.558711 0.348684 0.560246 0.348684 0.561013 0.350877 0.562548 0.350877 0.563315 0.35307 0.56485 0.35307 0.565618 0.355263 0.567153 0.355263 0.56792 0.35636 0.568688 0.35636 0.57099 0.357456 0.571757 0.357456 0.57406 0.358553 0.574827 0.358553 0.576362 0.359649 0.57713 0.361842 0.57713 0.362939 0.576362 0.364035 0.576362 0.365132 0.575595 0.366228 0.575595 0.367325 0.574827 0.367325 0.572525 0.368421 0.571757 0.367325 0.57099 0.367325 0.570223 0.366228 0.569455 0.366228 0.56792 0.365132 0.567153 0.365132 0.558711 0.366228 0.557943 0.366228 0.555641 0.364035 0.554106 0.364035 0.552571 0.362939 0.552571 0.361842 0.551804 0.359649 0.551804 0.358553 0.551036
0 0.64364 0.550269 0.64364 0.551804 0.644737 0.551804 0.64364 0.551036
0 0.345395 0.540292 0.345395 0.541059 0.344298 0.541827 0.344298 0.544129 0.346491 0.545664 0.35307 0.545664 0.354167 0.544896 0.355263 0.544896 0.355263 0.541827 0.354167 0.541059 0.351974 0.541059 0.350877 0.540292
0 0.262061 0.535687 0.262061 0.537222 0.263158 0.537989 0.265351 0.537989 0.266447 0.537222 0.266447 0.536454 0.265351 0.535687
0 0.362939 0.532617 0.361842 0.533384 0.360746 0.533384 0.360746 0.536454 0.361842 0.537222 0.361842 0.537989 0.362939 0.538757 0.365132 0.538757 0.367325 0.537222 0.367325 0.534152 0.365132 0.532617
0 0.275219 0.532617 0.276316 0.533384 0.277412 0.533384 0.277412 0.532617
0 0.114035 0.52878 0.112939 0.529547 0.115132 0.529547 0.115132 0.52878
0 0.341009 0.526477 0.338816 0.528012 0.338816 0.531082 0.336623 0.532617 0.335526 0.532617 0.332237 0.534919 0.33114 0.534919 0.330044 0.535687 0.330044 0.536454 0.328947 0.537222 0.328947 0.537989 0.327851 0.538757 0.327851 0.540292 0.326754 0.541059 0.326754 0.546431 0.327851 0.546431 0.327851 0.545664 0.328947 0.544896 0.328947 0.544129 0.330044 0.543361 0.330044 0.542594 0.33114 0.541827 0.33114 0.540292 0.332237 0.539524 0.332237 0.538757 0.336623 0.535687 0.336623 0.534919 0.337719 0.534152 0.338816 0.534152 0.338816 0.533384 0.339912 0.532617 0.339912 0.53185 0.341009 0.531082 0.341009 0.529547 0.342105 0.52878 0.342105 0.527245
0 0.586623 0.489639 0.585526 0.490407 0.585526 0.491174 0.586623 0.491174 0.589912 0.493477 0.593202 0.493477 0.593202 0.491942 0.592105 0.491174 0.592105 0.490407 0.591009 0.489639
0 0.555921 0.489639 0.554825 0.490407 0.554825 0.492709 0.555921 0.493477 0.555921 0.494244 0.557018 0.494244 0.560307 0.496546 0.560307 0.497314 0.564693 0.500384 0.564693 0.499616 0.565789 0.498849 0.566886 0.498849 0.567982 0.498081 0.575658 0.498081 0.578947 0.500384 0.578947 0.501919 0.577851 0.502686 0.576754 0.502686 0.575658 0.503454 0.573465 0.503454 0.577851 0.503454 0.578947 0.504221 0.580044 0.504221 0.58114 0.503454 0.582237 0.503454 0.582237 0.501919 0.583333 0.501151 0.583333 0.498081 0.58443 0.497314 0.58443 0.492709 0.583333 0.491942 0.582237 0.492709 0.58114 0.491942 0.575658 0.495779 0.570175 0.495779 0.569079 0.495012 0.569079 0.494244 0.566886 0.492709 0.565789 0.492709 0.563596 0.491174 0.5625 0.491174 0.561404 0.490407 0.558114 0.490407 0.557018 0.489639
0 0.536184 0.47736 0.535088 0.478127 0.533991 0.478127 0.533991 0.484267 0.532895 0.485035 0.535088 0.486569 0.535088 0.491942 0.533991 0.492709 0.533991 0.497314 0.535088 0.498081 0.536184 0.497314 0.536184 0.495012 0.538377 0.493477 0.538377 0.492709 0.539474 0.491942 0.539474 0.491174 0.54057 0.490407 0.54057 0.485802 0.541667 0.485035 0.541667 0.479662 0.538377 0.47736
0 0.621711 0.475058 0.620614 0.475825 0.618421 0.475825 0.617325 0.476592 0.616228 0.476592 0.615132 0.47736 0.614035 0.47736 0.612939 0.478127 0.611842 0.478127 0.611842 0.478895 0.612939 0.478895 0.614035 0.479662 0.615132 0.479662 0.616228 0.478895 0.618421 0.478895 0.619518 0.478127 0.621711 0.478127 0.622807 0.478895 0.626096 0.478895 0.627193 0.479662 0.629386 0.479662 0.630482 0.478895 0.630482 0.478127 0.628289 0.476592 0.627193 0.476592 0.626096 0.475825 0.623904 0.475825 0.622807 0.475058
0 0.653509 0.472755 0.652412 0.473523 0.652412 0.47429 0.654605 0.47429 0.653509 0.473523
0 0.557018 0.47122 0.557018 0.47429 0.554825 0.475825 0.554825 0.476592 0.555921 0.47736 0.555921 0.478127 0.557018 0.478127 0.558114 0.47736 0.558114 0.475825 0.557018 0.475058
0 0.692982 0.452801 0.694079 0.453569 0.695175 0.453569 0.696272 0.454336 0.697368 0.454336 0.698465 0.455104 0.698465 0.453569 0.697368 0.453569 0.696272 0.452801
0 0.463816 0.450499 0.461623 0.452034 0.461623 0.453569 0.460526 0.454336 0.460526 0.455871 0.458333 0.457406 0.458333 0.458173 0.457237 0.458941 0.457237 0.459708 0.45614 0.460476 0.45614 0.461243 0.455044 0.462011 0.455044 0.462778 0.453947 0.463546 0.453947 0.465081 0.452851 0.465848 0.452851 0.468918 0.451754 0.469685 0.451754 0.476592 0.450658 0.47736 0.450658 0.481965 0.452851 0.481965 0.452851 0.481197 0.455044 0.479662 0.455044 0.470453 0.45614 0.469685 0.45614 0.465848 0.457237 0.465081 0.457237 0.462011 0.458333 0.461243 0.458333 0.459708 0.45943 0.458941 0.45943 0.458173 0.460526 0.457406 0.460526 0.455871 0.461623 0.455104 0.461623 0.454336 0.462719 0.453569 0.462719 0.452801 0.463816 0.452034 0.463816 0.451266 0.464912 0.450499
0 0.671053 0.447429 0.671053 0.448196 0.672149 0.448964 0.673246 0.448964 0.673246 0.448196 0.672149 0.447429
0 0.5625 0.447429 0.559211 0.449731 0.559211 0.451266 0.558114 0.452034 0.558114 0.455871 0.5625 0.458941 0.566886 0.458941 0.569079 0.457406 0.570175 0.457406 0.570175 0.456639 0.571272 0.455871 0.571272 0.448964 0.569079 0.447429
0 0.244518 0.415963 0.243421 0.416731 0.241228 0.416731 0.240132 0.417498 0.240132 0.418266 0.239035 0.419033 0.240132 0.4198 0.240132 0.421335 0.241228 0.421335 0.243421 0.42287 0.247807 0.42287 0.25 0.421335 0.25 0.4198 0.251096 0.419033 0.25 0.418266 0.25 0.417498 0.247807 0.415963 0.246711 0.415963 0.245614 0.416731
0 0.253289 0.403684 0.252193 0.404451 0.252193 0.406754 0.253289 0.407521 0.255482 0.407521 0.255482 0.404451 0.254386 0.403684
0 0.698465 0.402916 0.692982 0.406754 0.692982 0.407521 0.691886 0.408289 0.691886 0.409823 0.6875 0.412893 0.6875 0.413661 0.685307 0.415196 0.685307 0.415963 0.684211 0.416731 0.684211 0.418266 0.688596 0.418266 0.690789 0.416731 0.691886 0.416731 0.692982 0.415963 0.692982 0.414428 0.695175 0.412893 0.696272 0.412893 0.696272 0.410591 0.701754 0.406754 0.701754 0.405219 0.703947 0.403684 0.702851 0.402916
0 0.712719 0.396777 0.712719 0.397544 0.713816 0.398312 0.712719 0.399079 0.712719 0.401381 0.711623 0.402149 0.719298 0.402149 0.719298 0.400614 0.718202 0.399847 0.717105 0.399847 0.714912 0.398312 0.714912 0.397544 0.713816 0.397544
0 0.229167 0.392172 0.229167 0.394474 0.226974 0.396009 0.229167 0.396009 0.229167 0.395242 0.230263 0.394474 0.230263 0.392172
0 0.591009 0.376823 0.589912 0.37759 0.586623 0.37759 0.585526 0.378358 0.58443 0.378358 0.583333 0.379125 0.58114 0.379125 0.580044 0.379893 0.577851 0.379893 0.575658 0.381427 0.575658 0.382962 0.576754 0.382962 0.577851 0.38373 0.583333 0.38373 0.58443 0.382962 0.586623 0.382962 0.587719 0.382195 0.591009 0.382195 0.592105 0.381427 0.594298 0.381427 0.595395 0.38066 0.601974 0.38066 0.60307 0.379893 0.605263 0.379893 0.60636 0.379125 0.607456 0.379125 0.608553 0.378358 0.607456 0.378358 0.60636 0.37759 0.604167 0.37759 0.60307 0.376823
0 0.708333 0.372985 0.707237 0.373753 0.707237 0.376055 0.70614 0.376823 0.70614 0.379125 0.707237 0.379893 0.707237 0.381427 0.708333 0.382195 0.70943 0.382195 0.70943 0.38066 0.708333 0.379893 0.708333 0.37759 0.707237 0.376823 0.707237 0.375288 0.708333 0.37452 0.708333 0.373753 0.70943 0.372985
0 0.236842 0.368381 0.236842 0.369916 0.237939 0.369916 0.240132 0.37145 0.243421 0.37145 0.244518 0.370683 0.242325 0.369148 0.241228 0.369148 0.240132 0.368381
0 0.266447 0.340752 0.266447 0.342287 0.267544 0.34152
0 0.551535 0.330775 0.549342 0.33231 0.549342 0.333078 0.548246 0.333845 0.548246 0.334612 0.547149 0.33538 0.547149 0.336147 0.544956 0.337682 0.544956 0.339217 0.548246 0.339217 0.549342 0.33845 0.550439 0.33845 0.550439 0.337682 0.553728 0.33538 0.553728 0.334612 0.555921 0.333078 0.555921 0.331543 0.554825 0.330775
0 0.388158 0.330775 0.387061 0.331543 0.387061 0.333845 0.388158 0.334612 0.388158 0.33538 0.390351 0.336915 0.390351 0.337682 0.39364 0.339985 0.39693 0.339985 0.39693 0.33845 0.395833 0.337682 0.39693 0.336915 0.39693 0.336147 0.395833 0.33538 0.395833 0.334612 0.394737 0.333845 0.394737 0.333078 0.391447 0.330775
0 0.378289 0.328473 0.378289 0.32924 0.377193 0.330008 0.377193 0.333845 0.378289 0.334612 0.378289 0.33538 0.379386 0.33538 0.380482 0.336147 0.381579 0.33538 0.380482 0.334612 0.380482 0.331543 0.379386 0.330775 0.379386 0.328473
0 0.725877 0.325403 0.724781 0.32617 0.723684 0.32617 0.726974 0.32617 0.726974 0.325403
0 0.716009 0.324635 0.716009 0.325403 0.717105 0.32617 0.719298 0.32617 0.719298 0.325403 0.718202 0.324635
0 0.608553 0.317728 0.60636 0.319263 0.605263 0.319263 0.604167 0.320031 0.601974 0.320031 0.600877 0.320798 0.599781 0.320798 0.597588 0.322333 0.596491 0.322333 0.595395 0.323101 0.595395 0.325403 0.598684 0.325403 0.599781 0.32617 0.600877 0.32617 0.60307 0.327705 0.60636 0.327705 0.607456 0.326938 0.609649 0.326938 0.609649 0.32617 0.610746 0.325403 0.610746 0.323868 0.611842 0.323101 0.611842 0.322333 0.612939 0.321566 0.612939 0.320798 0.611842 0.320031 0.611842 0.318496 0.610746 0.317728
0 0.321272 0.316961 0.321272 0.318496 0.323465 0.320031 0.325658 0.318496 0.325658 0.317728 0.324561 0.316961
0 0.280702 0.315426 0.280702 0.316193 0.283991 0.318496 0.286184 0.318496 0.285088 0.317728 0.283991 0.317728 0.281798 0.316193 0.281798 0.315426
0 0.300439 0.313124 0.300439 0.314658 0.301535 0.314658 0.302632 0.315426 0.303728 0.314658 0.301535 0.313124
0 0.563596 0.310821 0.561404 0.312356 0.561404 0.313891 0.5625 0.313891 0.563596 0.313124 0.564693 0.313124 0.564693 0.312356 0.565789 0.311589 0.565789 0.310821
0 0.389254 0.304682 0.387061 0.306216 0.385965 0.306216 0.385965 0.306984 0.383772 0.308519 0.383772 0.309286 0.382675 0.310054 0.382675 0.311589 0.381579 0.312356 0.381579 0.313124 0.380482 0.313891 0.380482 0.315426 0.379386 0.316193 0.379386 0.316961 0.378289 0.317728 0.378289 0.320798 0.379386 0.321566 0.379386 0.323101 0.380482 0.323868 0.383772 0.323868 0.384868 0.323101 0.388158 0.323101 0.389254 0.322333 0.390351 0.322333 0.390351 0.321566 0.391447 0.320798 0.391447 0.320031 0.392544 0.319263 0.392544 0.318496 0.39364 0.317728 0.39364 0.316193 0.394737 0.315426 0.394737 0.314658 0.395833 0.313891 0.395833 0.311589 0.39693 0.310821 0.39693 0.309286 0.398026 0.308519 0.398026 0.307751 0.399123 0.306984 0.401316 0.306984 0.403509 0.308519 0.407895 0.308519 0.408991 0.309286 0.410088 0.309286 0.411184 0.308519 0.413377 0.308519 0.412281 0.307751 0.411184 0.307751 0.410088 0.306984 0.408991 0.306984 0.407895 0.306216 0.404605 0.306216 0.403509 0.305449 0.39693 0.305449 0.395833 0.304682
0 0.242325 0.301612 0.241228 0.302379 0.242325 0.303147 0.243421 0.303147 0.242325 0.302379
0 0.451754 0.295472 0.450658 0.296239 0.449561 0.296239 0.447368 0.297774 0.447368 0.299309 0.446272 0.300077 0.446272 0.302379 0.447368 0.303147 0.447368 0.307751 0.446272 0.308519 0.447368 0.309286 0.447368 0.310054 0.446272 0.310821 0.446272 0.312356 0.447368 0.313124 0.447368 0.313891 0.446272 0.314658 0.446272 0.316961 0.445175 0.317728 0.445175 0.320031 0.444079 0.320798 0.444079 0.324635 0.445175 0.325403 0.445175 0.32924 0.444079 0.330008 0.444079 0.330775 0.441886 0.33231 0.4375 0.33231 0.436404 0.331543 0.435307 0.331543 0.434211 0.330775 0.433114 0.330775 0.432018 0.330008 0.427632 0.330008 0.426535 0.330775 0.422149 0.330775 0.419956 0.33231 0.41886 0.33231 0.41557 0.330008 0.408991 0.330008 0.404605 0.333078 0.404605 0.336147 0.410088 0.339985 0.411184 0.339985 0.413377 0.34152 0.416667 0.34152 0.417763 0.342287 0.419956 0.342287 0.421053 0.34152 0.432018 0.34152 0.433114 0.340752 0.435307 0.340752 0.436404 0.34152 0.4375 0.34152 0.438596 0.342287 0.439693 0.342287 0.440789 0.343054 0.440789 0.346892 0.438596 0.348427 0.438596 0.349194 0.435307 0.351497 0.434211 0.351497 0.433114 0.352264 0.433114 0.353031 0.429825 0.355334 0.429825 0.356101 0.428728 0.356869 0.428728 0.357636 0.427632 0.358404 0.427632 0.359171 0.426535 0.359939 0.426535 0.360706 0.425439 0.361474 0.425439 0.363008 0.424342 0.363776 0.424342 0.365311 0.422149 0.366846 0.422149 0.370683 0.423246 0.37145 0.423246 0.372985 0.422149 0.373753 0.422149 0.376823 0.423246 0.37759 0.423246 0.38373 0.422149 0.384497 0.422149 0.385265 0.419956 0.3868 0.419956 0.387567 0.41886 0.388335 0.41886 0.389102 0.416667 0.390637 0.416667 0.391404 0.41557 0.392172 0.41557 0.393707 0.414474 0.394474 0.414474 0.396009 0.412281 0.397544 0.412281 0.399847 0.411184 0.400614 0.411184 0.401381 0.412281 0.402149 0.412281 0.403684 0.411184 0.404451 0.411184 0.408289 0.412281 0.409056 0.412281 0.411358 0.413377 0.412126 0.413377 0.413661 0.414474 0.414428 0.414474 0.415963 0.41557 0.416731 0.41557 0.4198 0.416667 0.420568 0.416667 0.422103 0.417763 0.42287 0.417763 0.42594 0.41886 0.426708 0.41886 0.427475 0.419956 0.428243 0.419956 0.42901 0.421053 0.429777 0.421053 0.433615 0.419956 0.434382 0.419956 0.43515 0.41886 0.435917 0.41886 0.436685 0.416667 0.438219 0.41557 0.438219 0.414474 0.438987 0.413377 0.438987 0.412281 0.439754 0.411184 0.439754 0.411184 0.440522 0.410088 0.441289 0.410088 0.448196 0.411184 0.448964 0.411184 0.452034 0.414474 0.454336 0.41557 0.454336 0.417763 0.455871 0.41886 0.455871 0.419956 0.456639 0.422149 0.456639 0.423246 0.457406 0.424342 0.457406 0.425439 0.458173 0.427632 0.458173 0.428728 0.458941 0.434211 0.458941 0.435307 0.458173 0.436404 0.458941 0.438596 0.457406 0.439693 0.457406 0.445175 0.453569 0.445175 0.445127 0.444079 0.444359 0.444079 0.442824 0.442982 0.442057 0.442982 0.441289 0.444079 0.440522 0.444079 0.439754 0.446272 0.438219 0.444079 0.436685 0.442982 0.436685 0.440789 0.43515 0.441886 0.434382 0.441886 0.432847 0.444079 0.431312 0.444079 0.430545 0.445175 0.429777 0.445175 0.428243 0.446272 0.427475 0.446272 0.425173 0.445175 0.424405 0.445175 0.421335 0.444079 0.420568 0.444079 0.418266 0.442982 0.417498 0.442982 0.414428 0.441886 0.413661 0.441886 0.411358 0.440789 0.410591 0.440789 0.407521 0.439693 0.406754 0.439693 0.400614 0.438596 0.399847 0.438596 0.395242 0.4375 0.394474 0.4375 0.391404 0.436404 0.390637 0.436404 0.385265 0.4375 0.384497 0.4375 0.38373 0.442982 0.379893 0.442982 0.373753 0.444079 0.372985 0.444079 0.372218 0.446272 0.370683 0.446272 0.367613 0.447368 0.366846 0.447368 0.365311 0.448465 0.364543 0.448465 0.363776 0.449561 0.363008 0.448465 0.362241 0.448465 0.361474 0.449561 0.360706 0.449561 0.359939 0.450658 0.359171 0.450658 0.356101 0.451754 0.355334 0.450658 0.354566 0.450658 0.349962 0.449561 0.349194 0.449561 0.346892 0.448465 0.346124 0.448465 0.33845 0.449561 0.337682 0.449561 0.336147 0.450658 0.33538 0.450658 0.334612 0.452851 0.333078 0.453947 0.333078 0.457237 0.330775 0.458333 0.330775 0.458333 0.328473 0.457237 0.327705 0.457237 0.324635 0.458333 0.323868 0.458333 0.320031 0.45943 0.319263 0.45943 0.314658 0.461623 0.313124 0.461623 0.305449 0.462719 0.304682 0.462719 0.297007 0.461623 0.296239 0.460526 0.296239 0.45943 0.295472
0 0.690789 0.287797 0.688596 0.289332 0.688596 0.2901 0.684211 0.29317 0.682018 0.29317 0.679825 0.294705 0.678728 0.294705 0.675439 0.297007 0.674342 0.297007 0.673246 0.297774 0.672149 0.297774 0.671053 0.298542 0.669956 0.298542 0.66886 0.299309 0.667763 0.299309 0.666667 0.300077 0.660088 0.300077 0.658991 0.300844 0.657895 0.300844 0.656798 0.301612 0.650219 0.301612 0.649123 0.302379 0.648026 0.302379 0.645833 0.303914 0.644737 0.303914 0.64364 0.304682 0.641447 0.304682 0.640351 0.305449 0.639254 0.305449 0.639254 0.306216 0.638158 0.306984 0.642544 0.306984 0.64364 0.306216 0.64693 0.306216 0.648026 0.305449 0.651316 0.305449 0.652412 0.304682 0.654605 0.304682 0.655702 0.305449 0.656798 0.304682 0.657895 0.305449 0.660088 0.305449 0.661184 0.304682 0.662281 0.304682 0.663377 0.303914 0.66886 0.303914 0.669956 0.303147 0.671053 0.303147 0.672149 0.302379 0.673246 0.302379 0.673246 0.301612 0.678728 0.297774 0.682018 0.297774 0.6875 0.293937 0.689693 0.293937 0.691886 0.292402 0.694079 0.292402 0.695175 0.291635 0.696272 0.291635 0.696272 0.290867 0.695175 0.2901 0.695175 0.289332 0.692982 0.287797
0 0.450658 0.279355 0.449561 0.280123 0.446272 0.280123 0.445175 0.28089 0.444079 0.28089 0.442982 0.281658 0.440789 0.281658 0.440789 0.286262 0.441886 0.28703 0.441886 0.288565 0.444079 0.288565 0.445175 0.287797 0.446272 0.287797 0.447368 0.28703 0.450658 0.28703 0.451754 0.286262 0.452851 0.286262 0.453947 0.285495 0.453947 0.283193 0.455044 0.282425 0.455044 0.281658 0.451754 0.279355
0 0.462719 0.265541 0.463816 0.266309 0.464912 0.266309 0.464912 0.265541
0 0.582237 0.261704 0.578947 0.264006 0.578947 0.265541 0.58114 0.264006 0.58114 0.263239 0.582237 0.262471
0 0.373904 0.257866 0.372807 0.258634 0.370614 0.258634 0.368421 0.260169 0.367325 0.260169 0.366228 0.260936 0.362939 0.260936 0.362939 0.261704 0.361842 0.262471 0.361842 0.263239 0.360746 0.264006 0.359649 0.264006 0.359649 0.264774 0.357456 0.266309 0.357456 0.267843 0.35636 0.268611 0.35636 0.270146 0.357456 0.270913 0.357456 0.274751 0.35636 0.275518 0.35636 0.276285 0.355263 0.277053 0.35307 0.277053 0.350877 0.278588 0.351974 0.278588 0.354167 0.280123 0.358553 0.280123 0.362939 0.283193 0.364035 0.283193 0.371711 0.288565 0.372807 0.288565 0.372807 0.287797 0.373904 0.28703 0.375 0.28703 0.375 0.284728 0.373904 0.28396 0.373904 0.282425 0.371711 0.28089 0.371711 0.280123 0.369518 0.278588 0.369518 0.27782 0.368421 0.277053 0.368421 0.275518 0.367325 0.274751 0.367325 0.268611 0.368421 0.267843 0.368421 0.266309 0.369518 0.265541 0.368421 0.265541 0.367325 0.264774 0.369518 0.263239 0.370614 0.264006 0.372807 0.262471 0.372807 0.261704 0.375 0.260169 0.376096 0.260169 0.376096 0.258634 0.375 0.258634
0 0.570175 0.255564 0.567982 0.257099 0.567982 0.257866 0.569079 0.258634 0.571272 0.258634 0.572368 0.257866 0.572368 0.257099 0.573465 0.256332 0.572368 0.255564
0 0.381579 0.254029 0.380482 0.254797 0.376096 0.254797 0.377193 0.255564 0.377193 0.256332 0.378289 0.257099 0.379386 0.257099 0.380482 0.257866 0.381579 0.257866 0.382675 0.257099 0.383772 0.257099 0.384868 0.256332 0.384868 0.255564 0.385965 0.254797 0.384868 0.254029
0 0.403509 0.240215 0.401316 0.24175 0.401316 0.243285 0.403509 0.243285 0.404605 0.242517 0.404605 0.240215
0 0.719298 0.236378 0.720395 0.237145 0.720395 0.236378
0 0.404605 0.236378 0.404605 0.237145 0.405702 0.237913 0.405702 0.237145
0 0.574561 0.23254 0.570175 0.23561 0.569079 0.23561 0.565789 0.237913 0.565789 0.23868 0.564693 0.239447 0.564693 0.240215 0.563596 0.240982 0.563596 0.243285 0.5625 0.244052 0.5625 0.245587 0.563596 0.245587 0.564693 0.24482 0.565789 0.24482 0.567982 0.243285 0.569079 0.243285 0.570175 0.242517 0.570175 0.24175 0.572368 0.240215 0.572368 0.239447 0.573465 0.23868 0.573465 0.237913 0.574561 0.237145 0.574561 0.236378 0.575658 0.23561 0.575658 0.23254
0 0.330044 0.227936 0.330044 0.228703 0.33114 0.22947 0.33114 0.228703
0 0.489035 0.215656 0.489035 0.218726 0.487939 0.219493 0.487939 0.220261 0.485746 0.221796 0.484649 0.221796 0.483553 0.222563 0.483553 0.22947 0.482456 0.230238 0.482456 0.231005 0.48136 0.231773 0.48136 0.234075 0.479167 0.23561 0.479167 0.237913 0.47807 0.23868 0.47807 0.248657 0.479167 0.249424 0.479167 0.251727 0.480263 0.252494 0.48136 0.252494 0.48136 0.251727 0.482456 0.250959 0.482456 0.243285 0.483553 0.242517 0.483553 0.23561 0.482456 0.234843 0.482456 0.23254 0.483553 0.231773 0.483553 0.231005 0.482456 0.230238 0.484649 0.228703 0.484649 0.227168 0.485746 0.226401 0.485746 0.225633 0.486842 0.224866 0.486842 0.222563 0.489035 0.221028
0 0.54057 0.208749 0.539474 0.209517 0.539474 0.212586 0.54057 0.213354 0.541667 0.213354 0.542763 0.212586 0.542763 0.211819 0.54386 0.211051 0.54386 0.210284 0.541667 0.208749
0 0.317982 0.198772 0.317982 0.19954 0.320175 0.201074 0.320175 0.202609 0.321272 0.203377 0.320175 0.204144 0.320175 0.205679 0.319079 0.206447 0.319079 0.207982 0.319079 0.207214 0.321272 0.205679 0.321272 0.202609 0.320175 0.201842 0.320175 0.201074 0.319079 0.200307 0.319079 0.19954
0 0.532895 0.198005 0.530702 0.19954 0.530702 0.200307 0.529605 0.201074 0.529605 0.203377 0.528509 0.204144 0.528509 0.207214 0.529605 0.207982 0.529605 0.208749 0.530702 0.209517 0.530702 0.210284 0.531798 0.211051 0.531798 0.209517 0.532895 0.208749 0.532895 0.207214 0.533991 0.206447 0.533991 0.204144 0.535088 0.203377 0.535088 0.200307 0.533991 0.19954 0.533991 0.198772
0 0.657895 0.0867229 0.655702 0.0882579 0.655702 0.0905602 0.657895 0.0890253 0.657895 0.0882579 0.658991 0.0874904 0.658991 0.0867229
0 0.663377 0.0683039 0.663377 0.0690714 0.664474 0.0698388 0.664474 0.0683039
