0 0.237939 0.853415 0.236842 0.854183 0.235746 0.854183 0.234649 0.85495 0.233553 0.85495 0.232456 0.855718 0.23136 0.855718 0.23136 0.856485 0.233553 0.856485 0.235746 0.85495 0.236842 0.85495 0.237939 0.854183 0.239035 0.854183 0.239035 0.853415
0 0.252193 0.841903 0.251096 0.842671 0.251096 0.844206 0.252193 0.844206
0 0.400219 0.830391 0.400219 0.834996 0.401316 0.835764 0.401316 0.838833 0.401316 0.834229 0.400219 0.833461
0 0.300439 0.825019 0.298246 0.826554 0.298246 0.828856 0.299342 0.828856 0.300439 0.828089 0.301535 0.828089 0.301535 0.825787
0 0.182018 0.81274 0.179825 0.814275 0.180921 0.814275 0.182018 0.813507
0 0.404605 0.805065 0.404605 0.805833 0.405702 0.8066 0.405702 0.807368 0.407895 0.808903 0.408991 0.808903 0.407895 0.808135 0.407895 0.807368
0 0.311404 0.801228 0.310307 0.801995 0.309211 0.801995 0.308114 0.802763 0.307018 0.802763 0.304825 0.804298 0.303728 0.804298 0.301535 0.805833 0.300439 0.805833 0.300439 0.8066 0.297149 0.808903 0.296053 0.808903 0.29386 0.810437 0.292763 0.810437 0.291667 0.811205 0.291667 0.811972 0.29057 0.81274 0.29057 0.814275 0.289474 0.815042 0.289474 0.816577 0.287281 0.818112 0.287281 0.81888 0.285088 0.820414 0.285088 0.821949 0.283991 0.822717 0.282895 0.822717 0.281798 0.823484 0.281798 0.825787 0.282895 0.826554 0.282895 0.827322 0.283991 0.828089 0.285088 0.828089 0.286184 0.827322 0.286184 0.826554 0.287281 0.825787 0.287281 0.824252 0.288377 0.823484 0.288377 0.821949 0.289474 0.821182 0.289474 0.81888 0.29057 0.818112 0.29057 0.817345 0.294956 0.814275 0.296053 0.814275 0.297149 0.813507 0.299342 0.813507 0.300439 0.81274 0.302632 0.81274 0.305921 0.810437 0.308114 0.810437 0.309211 0.80967 0.310307 0.80967 0.311404 0.808903 0.3125 0.808903 0.316886 0.805833 0.316886 0.805065 0.317982 0.804298 0.319079 0.804298 0.320175 0.80353 0.320175 0.802763 0.317982 0.801228
0 0.188596 0.795856 0.188596 0.798158 0.1875 0.798926 0.1875 0.801995 0.1875 0.80046 0.188596 0.799693
0 0.191886 0.785879 0.191886 0.787414 0.190789 0.788181 0.190789 0.790483 0.189693 0.791251 0.189693 0.792018 0.188596 0.792786 0.188596 0.793553 0.189693 0.793553 0.189693 0.792018 0.190789 0.791251 0.190789 0.789716 0.191886 0.788949 0.191886 0.787414 0.192982 0.786646 0.192982 0.785879
0 0.208333 0.779739 0.20614 0.781274 0.20614 0.783576 0.208333 0.783576 0.20943 0.782809 0.20943 0.780507
0 0.399123 0.772832 0.399123 0.774367 0.400219 0.775134 0.400219 0.776669 0.401316 0.776669 0.401316 0.772832
0 0.154605 0.762087 0.152412 0.763622 0.151316 0.762855 0.150219 0.762855 0.151316 0.763622 0.152412 0.763622 0.153509 0.76439 0.153509 0.763622 0.155702 0.762087
0 0.23136 0.745203 0.229167 0.746738 0.229167 0.749041 0.23136 0.750576 0.232456 0.750576 0.233553 0.749808 0.234649 0.749808 0.234649 0.749041 0.235746 0.748273 0.235746 0.746738 0.233553 0.745203
0 0.199561 0.729087 0.198465 0.729854 0.192982 0.729854 0.191886 0.730622 0.190789 0.730622 0.189693 0.731389 0.189693 0.732157 0.194079 0.732157 0.195175 0.731389 0.20614 0.731389 0.207237 0.732157 0.208333 0.732157 0.210526 0.733691 0.210526 0.735994 0.211623 0.736761 0.211623 0.737529 0.212719 0.737529 0.213816 0.736761 0.213816 0.734459 0.211623 0.732924 0.211623 0.732157 0.210526 0.732157 0.208333 0.730622 0.20614 0.730622 0.205044 0.729854 0.200658 0.729854
0 0.257675 0.726784 0.256579 0.727552 0.255482 0.727552 0.254386 0.728319 0.254386 0.729087 0.253289 0.729854 0.253289 0.731389 0.254386 0.732157 0.254386 0.733691 0.255482 0.734459 0.257675 0.734459 0.259868 0.732924 0.260965 0.732924 0.262061 0.732157 0.263158 0.732157 0.264254 0.731389 0.264254 0.730622 0.265351 0.729854 0.265351 0.729087 0.262061 0.726784
0 0.472588 0.679969 0.471491 0.680737 0.466009 0.680737 0.464912 0.681504 0.460526 0.681504 0.45943 0.682272 0.457237 0.682272 0.45614 0.681504 0.455044 0.681504 0.453947 0.682272 0.449561 0.682272 0.447368 0.683807 0.447368 0.684574 0.446272 0.685342 0.446272 0.690714 0.447368 0.690714 0.448465 0.691481 0.449561 0.691481 0.450658 0.692249 0.451754 0.692249 0.452851 0.691481 0.453947 0.692249 0.453947 0.693016 0.45614 0.693016 0.457237 0.693784 0.457237 0.694551 0.458333 0.695318 0.453947 0.698388 0.450658 0.698388 0.449561 0.699156 0.448465 0.699156 0.442982 0.702993 0.442982 0.703761 0.440789 0.705295 0.440789 0.707598 0.439693 0.708365 0.439693 0.713738 0.438596 0.714505 0.438596 0.715272 0.439693 0.71604 0.445175 0.71604 0.446272 0.715272 0.446272 0.713738 0.445175 0.71297 0.445175 0.710668 0.446272 0.7099 0.446272 0.708365 0.447368 0.707598 0.447368 0.70683 0.448465 0.706063 0.448465 0.705295 0.447368 0.704528 0.448465 0.703761 0.451754 0.703761 0.452851 0.702993 0.455044 0.702993 0.457237 0.701458 0.458333 0.701458 0.45943 0.700691 0.45943 0.699156 0.461623 0.697621 0.462719 0.697621 0.461623 0.696853 0.461623 0.696086 0.463816 0.694551 0.463816 0.691481 0.464912 0.690714 0.466009 0.690714 0.467105 0.689946 0.469298 0.689946 0.469298 0.689179 0.472588 0.686876 0.475877 0.686876 0.476974 0.686109 0.479167 0.686109 0.485746 0.681504 0.485746 0.680737 0.484649 0.680737 0.483553 0.681504 0.482456 0.680737 0.474781 0.680737 0.473684 0.679969
0 0.432018 0.678434 0.430921 0.679202 0.430921 0.680737 0.429825 0.681504 0.429825 0.694551 0.430921 0.695318 0.430921 0.696086 0.432018 0.696853 0.432018 0.697621 0.438596 0.697621 0.439693 0.696853 0.439693 0.695318 0.440789 0.694551 0.440789 0.679969 0.439693 0.679969 0.4375 0.678434 0.436404 0.679202 0.435307 0.678434
0 0.538377 0.67076 0.539474 0.671527 0.539474 0.672295 0.539474 0.67076
0 0.509868 0.66769 0.508772 0.668457 0.508772 0.669992 0.507675 0.67076 0.506579 0.67076 0.504386 0.672295 0.504386 0.673062 0.502193 0.674597 0.498904 0.674597 0.496711 0.676132 0.496711 0.676899 0.495614 0.677667 0.495614 0.682272 0.496711 0.682272 0.497807 0.683039 0.501096 0.683039 0.502193 0.682272 0.504386 0.682272 0.505482 0.681504 0.506579 0.681504 0.508772 0.679969 0.509868 0.679969 0.510965 0.679202 0.512061 0.679202 0.514254 0.677667 0.514254 0.676899 0.515351 0.676132 0.515351 0.669992 0.514254 0.669225 0.514254 0.668457 0.513158 0.66769
0 0.524123 0.653108 0.52193 0.654643 0.52193 0.655411 0.520833 0.656178 0.519737 0.656178 0.519737 0.660015 0.520833 0.660015 0.52193 0.660783 0.52193 0.66155 0.523026 0.662318 0.524123 0.662318 0.525219 0.663085 0.526316 0.663085 0.527412 0.662318 0.527412 0.66155 0.528509 0.660783 0.528509 0.655411 0.525219 0.653108
0 0.64364 0.643899 0.64364 0.644666 0.644737 0.645434 0.644737 0.644666 0.645833 0.643899
0 0.552632 0.634689 0.551535 0.635457 0.552632 0.636224 0.553728 0.636224 0.554825 0.635457 0.553728 0.634689
0 0.626096 0.633922 0.630482 0.636992 0.630482 0.638526 0.631579 0.639294 0.631579 0.640061 0.632675 0.640829 0.632675 0.640061 0.631579 0.639294 0.631579 0.637759 0.629386 0.636224 0.629386 0.635457 0.627193 0.633922
0 0.25 0.609363 0.248904 0.61013 0.247807 0.61013 0.247807 0.610898 0.25 0.610898
0 0.259868 0.607061 0.257675 0.608596 0.258772 0.608596 0.259868 0.609363 0.260965 0.608596 0.262061 0.608596 0.262061 0.607828 0.260965 0.607061
0 0.281798 0.597851 0.279605 0.599386 0.278509 0.599386 0.278509 0.600153 0.275219 0.602456 0.275219 0.603223 0.270833 0.606293 0.270833 0.607061 0.269737 0.607828 0.269737 0.608596 0.270833 0.609363 0.273026 0.609363 0.275219 0.610898 0.279605 0.610898 0.280702 0.61013 0.281798 0.61013 0.287281 0.606293 0.287281 0.605526 0.289474 0.603991 0.289474 0.597851
0 0.615132 0.596316 0.615132 0.597084 0.616228 0.597084 0.622807 0.601688 0.625 0.601688 0.626096 0.602456 0.625 0.601688 0.623904 0.601688 0.622807 0.600921 0.622807 0.600153 0.620614 0.598619 0.619518 0.598619 0.617325 0.597084 0.616228 0.597084
0 0.142544 0.588642 0.142544 0.589409 0.14364 0.590177 0.144737 0.590177 0.144737 0.589409 0.14364 0.588642
0 0.625 0.57713 0.625 0.577897 0.626096 0.577897 0.627193 0.57713
0 0.135965 0.575595 0.135965 0.576362 0.137061 0.576362 0.137061 0.575595
0 0.554825 0.572525 0.554825 0.573292 0.552632 0.574827 0.552632 0.575595 0.551535 0.576362 0.551535 0.57713 0.550439 0.577897 0.549342 0.577897 0.548246 0.578665 0.547149 0.578665 0.546053 0.579432 0.546053 0.5802 0.547149 0.580967 0.547149 0.581734 0.548246 0.582502 0.548246 0.584037 0.550439 0.584037 0.550439 0.583269 0.551535 0.582502 0.551535 0.581734 0.553728 0.5802 0.554825 0.5802 0.557018 0.578665 0.557018 0.577897 0.559211 0.576362 0.559211 0.574827 0.560307 0.57406 0.559211 0.573292 0.558114 0.573292 0.557018 0.572525
0 0.251096 0.568688 0.251096 0.569455 0.252193 0.569455 0.252193 0.568688
0 0.221491 0.56792 0.221491 0.569455 0.219298 0.57099 0.219298 0.571757 0.218202 0.572525 0.218202 0.57406 0.219298 0.573292 0.219298 0.572525 0.220395 0.571757 0.220395 0.570223 0.222588 0.568688
0 0.207237 0.56792 0.20614 0.568688 0.20614 0.569455 0.207237 0.569455
0 0.612939 0.56485 0.611842 0.565618 0.610746 0.565618 0.609649 0.566385 0.609649 0.567153 0.608553 0.56792 0.608553 0.568688 0.609649 0.569455 0.609649 0.57099 0.612939 0.57099 0.612939 0.570223 0.614035 0.569455 0.614035 0.568688 0.615132 0.56792 0.615132 0.565618 0.614035 0.56485
0 0.600877 0.564083 0.597588 0.566385 0.597588 0.568688 0.598684 0.569455 0.601974 0.569455 0.601974 0.568688 0.60307 0.56792 0.60307 0.567153 0.604167 0.566385 0.604167 0.564083
0 0.20614 0.561781 0.205044 0.562548 0.20614 0.563315 0.207237 0.563315 0.207237 0.561781
0 0.160088 0.554106 0.157895 0.555641 0.156798 0.555641 0.161184 0.555641 0.161184 0.554106
0 0.355263 0.551804 0.354167 0.552571 0.35307 0.552571 0.351974 0.553338 0.348684 0.553338 0.348684 0.554106 0.346491 0.555641 0.345395 0.555641 0.345395 0.557943 0.344298 0.558711 0.345395 0.559478 0.345395 0.560246 0.346491 0.561013 0.346491 0.561781 0.348684 0.563315 0.348684 0.564083 0.350877 0.565618 0.350877 0.566385 0.35307 0.56792 0.35307 0.568688 0.355263 0.570223 0.355263 0.57099 0.357456 0.572525 0.357456 0.573292 0.358553 0.57406 0.358553 0.574827 0.360746 0.576362 0.360746 0.57713 0.361842 0.577897 0.365132 0.577897 0.365132 0.57713 0.366228 0.576362 0.366228 0.573292 0.365132 0.572525 0.365132 0.571757 0.364035 0.57099 0.364035 0.56792 0.365132 0.567153 0.365132 0.562548 0.366228 0.561781 0.366228 0.560246 0.365132 0.559478 0.366228 0.558711 0.366228 0.557176 0.365132 0.556408 0.365132 0.554873 0.360746 0.551804 0.359649 0.551804 0.358553 0.552571 0.357456 0.552571 0.35636 0.551804
0 0.633772 0.549501 0.634868 0.550269 0.635965 0.550269 0.634868 0.549501
0 0.601974 0.549501 0.601974 0.551804 0.60307 0.552571 0.604167 0.552571 0.605263 0.553338 0.608553 0.553338 0.608553 0.550269 0.607456 0.549501
0 0.351974 0.539524 0.350877 0.540292 0.349781 0.540292 0.349781 0.544129 0.350877 0.544896 0.350877 0.545664 0.351974 0.545664 0.35307 0.546431 0.357456 0.546431 0.359649 0.544896 0.359649 0.541827 0.357456 0.540292 0.35636 0.540292 0.355263 0.539524
0 0.269737 0.532617 0.267544 0.534152 0.267544 0.535687 0.27193 0.535687 0.273026 0.534919 0.273026 0.534152 0.274123 0.533384 0.274123 0.532617
0 0.365132 0.530315 0.364035 0.531082 0.364035 0.53185 0.362939 0.532617 0.362939 0.535687 0.364035 0.536454 0.364035 0.537222 0.368421 0.537222 0.368421 0.536454 0.369518 0.535687 0.369518 0.53185 0.368421 0.531082 0.367325 0.531082 0.366228 0.530315
0 0.346491 0.520338 0.345395 0.521105 0.346491 0.521873
0 0.125 0.520338 0.123904 0.521105 0.123904 0.521873 0.125 0.521873 0.126096 0.521105 0.126096 0.520338
0 0.70943 0.510361 0.70943 0.511128 0.712719 0.511128 0.713816 0.511896 0.718202 0.511896 0.719298 0.511128 0.721491 0.511128 0.712719 0.511128 0.711623 0.510361
0 0.160088 0.506523 0.158991 0.507291 0.156798 0.507291 0.155702 0.508058 0.158991 0.508058 0.160088 0.507291
0 0.141447 0.502686 0.141447 0.503454 0.14364 0.504988 0.14364 0.505756 0.144737 0.505756 0.141447 0.503454
0 0.360746 0.501919 0.360746 0.502686 0.359649 0.503454 0.359649 0.504988 0.360746 0.504221 0.360746 0.503454 0.361842 0.502686 0.361842 0.501919
0 0.35636 0.487337 0.355263 0.488104 0.357456 0.488104
0 0.532895 0.485035 0.531798 0.485802 0.531798 0.488872 0.532895 0.489639 0.532895 0.491174 0.533991 0.491942 0.533991 0.494244 0.532895 0.495012 0.532895 0.495779 0.531798 0.496546 0.531798 0.497314 0.527412 0.500384 0.530702 0.502686 0.531798 0.502686 0.532895 0.503454 0.532895 0.504221 0.533991 0.504221 0.535088 0.504988 0.536184 0.504988 0.536184 0.503454 0.537281 0.502686 0.537281 0.498081 0.538377 0.497314 0.538377 0.495779 0.537281 0.495012 0.537281 0.492709 0.536184 0.491942 0.536184 0.489639 0.535088 0.488872 0.535088 0.487337 0.532895 0.485802
0 0.641447 0.481965 0.641447 0.482732 0.64364 0.484267 0.644737 0.484267 0.64364 0.4835 0.64364 0.482732 0.642544 0.481965
0 0.601974 0.475058 0.600877 0.475825 0.600877 0.476592 0.604167 0.478895 0.605263 0.478895 0.60636 0.479662 0.607456 0.479662 0.608553 0.478895 0.609649 0.478895 0.609649 0.478127 0.610746 0.47736 0.612939 0.47736 0.614035 0.476592 0.615132 0.476592 0.608553 0.476592 0.607456 0.475825 0.605263 0.475825 0.604167 0.475058
0 0.638158 0.473523 0.638158 0.47429 0.639254 0.47429 0.640351 0.475058 0.641447 0.475058 0.642544 0.475825 0.644737 0.475825 0.644737 0.475058 0.64364 0.475058 0.642544 0.47429 0.641447 0.475058 0.640351 0.47429 0.640351 0.473523
0 0.751096 0.458173 0.748904 0.459708 0.742325 0.459708 0.742325 0.460476 0.743421 0.460476 0.744518 0.461243 0.745614 0.460476 0.748904 0.460476 0.75 0.459708 0.751096 0.459708 0.752193 0.458941 0.752193 0.458173
0 0.5625 0.457406 0.560307 0.458941 0.559211 0.458941 0.557018 0.460476 0.557018 0.462011 0.554825 0.463546 0.554825 0.464313 0.553728 0.465081 0.553728 0.46815 0.552632 0.468918 0.552632 0.47122 0.551535 0.471988 0.551535 0.475058 0.550439 0.475825 0.550439 0.476592 0.549342 0.47736 0.549342 0.48043 0.548246 0.481197 0.548246 0.481965 0.547149 0.482732 0.547149 0.4835 0.546053 0.484267 0.546053 0.485035 0.544956 0.485802 0.544956 0.488104 0.546053 0.488872 0.546053 0.489639 0.547149 0.490407 0.547149 0.491174 0.548246 0.491942 0.548246 0.493477 0.549342 0.494244 0.549342 0.495012 0.552632 0.497314 0.553728 0.497314 0.554825 0.498081 0.557018 0.498081 0.558114 0.498849 0.5625 0.498849 0.563596 0.498081 0.563596 0.497314 0.564693 0.496546 0.564693 0.492709 0.5625 0.491174 0.5625 0.490407 0.560307 0.488872 0.560307 0.486569 0.561404 0.485802 0.561404 0.481965 0.5625 0.481197 0.5625 0.47736 0.563596 0.476592 0.563596 0.472755 0.564693 0.471988 0.564693 0.46815 0.565789 0.467383 0.565789 0.466616 0.566886 0.465848 0.567982 0.465848 0.569079 0.465081 0.570175 0.465081 0.571272 0.464313 0.575658 0.464313 0.577851 0.465848 0.580044 0.465848 0.58114 0.466616 0.583333 0.466616 0.58443 0.465848 0.585526 0.465848 0.585526 0.464313 0.582237 0.462011 0.58114 0.462011 0.578947 0.460476 0.576754 0.460476 0.575658 0.459708 0.574561 0.459708 0.572368 0.458173 0.570175 0.458173 0.569079 0.457406
0 0.460526 0.455104 0.45943 0.455871 0.45943 0.458173 0.458333 0.458941 0.458333 0.460476 0.457237 0.461243 0.457237 0.462011 0.45614 0.462778 0.45614 0.463546 0.455044 0.464313 0.455044 0.465848 0.453947 0.466616 0.453947 0.46815 0.452851 0.468918 0.452851 0.471988 0.451754 0.472755 0.451754 0.475058 0.450658 0.475825 0.450658 0.478895 0.449561 0.479662 0.449561 0.4835 0.450658 0.484267 0.450658 0.485802 0.451754 0.486569 0.452851 0.486569 0.453947 0.485802 0.451754 0.484267 0.451754 0.482732 0.450658 0.481965 0.450658 0.478895 0.451754 0.478127 0.451754 0.47736 0.452851 0.476592 0.452851 0.475825 0.453947 0.475058 0.453947 0.473523 0.455044 0.472755 0.455044 0.471988 0.45614 0.47122 0.45614 0.470453 0.457237 0.469685 0.457237 0.468918 0.458333 0.46815 0.458333 0.465081 0.45943 0.464313 0.45943 0.462011 0.460526 0.461243 0.460526 0.458941 0.461623 0.458173 0.461623 0.455104
0 0.694079 0.453569 0.694079 0.455104 0.695175 0.455871 0.696272 0.455871 0.697368 0.456639 0.698465 0.456639 0.699561 0.455871 0.698465 0.455104 0.698465 0.454336 0.697368 0.453569
0 0.676535 0.450499 0.676535 0.452034 0.677632 0.452034 0.678728 0.451266 0.678728 0.450499
0 0.132675 0.430545 0.132675 0.43208 0.133772 0.43208 0.132675 0.431312
0 0.222588 0.418266 0.221491 0.419033 0.222588 0.4198 0.223684 0.419033 0.223684 0.418266
0 0.252193 0.412893 0.251096 0.413661 0.25 0.413661 0.247807 0.415196 0.247807 0.415963 0.246711 0.416731 0.246711 0.420568 0.247807 0.421335 0.247807 0.42287 0.252193 0.42287 0.253289 0.422103 0.254386 0.422103 0.256579 0.420568 0.256579 0.417498 0.255482 0.416731 0.255482 0.415963 0.254386 0.415196 0.254386 0.414428
0 0.695175 0.410591 0.695175 0.411358 0.696272 0.411358 0.696272 0.410591
0 0.252193 0.405219 0.251096 0.405986 0.251096 0.406754 0.253289 0.408289 0.255482 0.408289 0.255482 0.405219
0 0.70943 0.389102 0.70943 0.38987 0.708333 0.390637 0.708333 0.392939 0.70943 0.393707 0.710526 0.393707 0.710526 0.392939 0.711623 0.392172 0.711623 0.391404 0.710526 0.390637 0.710526 0.389102
0 0.23136 0.388335 0.23136 0.389102 0.232456 0.38987 0.232456 0.388335
0 0.207237 0.382962 0.20943 0.382962 0.210526 0.38373 0.208333 0.385265 0.208333 0.387567 0.208333 0.386032 0.210526 0.384497 0.210526 0.38373 0.211623 0.382962 0.212719 0.382962 0.213816 0.38373 0.213816 0.382962
0 0.701754 0.373753 0.701754 0.37452 0.702851 0.37452 0.702851 0.373753
0 0.428728 0.372218 0.428728 0.372985 0.426535 0.37452 0.426535 0.376055 0.427632 0.376823 0.427632 0.379125 0.428728 0.379893 0.428728 0.381427 0.429825 0.382195 0.429825 0.387567 0.428728 0.388335 0.428728 0.389102 0.429825 0.38987 0.429825 0.391404 0.428728 0.392172 0.428728 0.396777 0.426535 0.398312 0.426535 0.399079 0.425439 0.399847 0.425439 0.401381 0.424342 0.402149 0.424342 0.402916 0.422149 0.404451 0.422149 0.405219 0.421053 0.405986 0.419956 0.405986 0.41557 0.409056 0.41557 0.410591 0.414474 0.411358 0.414474 0.416731 0.41557 0.417498 0.41557 0.426708 0.416667 0.427475 0.41557 0.428243 0.41557 0.429777 0.414474 0.430545 0.414474 0.43515 0.413377 0.435917 0.413377 0.441289 0.412281 0.442057 0.412281 0.445127 0.411184 0.445894 0.411184 0.456639 0.416667 0.460476 0.416667 0.461243 0.417763 0.461243 0.419956 0.462778 0.419956 0.463546 0.421053 0.464313 0.424342 0.464313 0.425439 0.465081 0.427632 0.465081 0.428728 0.465848 0.430921 0.464313 0.432018 0.464313 0.433114 0.463546 0.434211 0.463546 0.435307 0.462778 0.436404 0.462778 0.4375 0.462011 0.439693 0.462011 0.439693 0.461243 0.440789 0.460476 0.441886 0.460476 0.441886 0.459708 0.444079 0.458173 0.444079 0.454336 0.445175 0.453569 0.445175 0.447429 0.446272 0.446662 0.446272 0.445127 0.447368 0.444359 0.447368 0.440522 0.448465 0.439754 0.448465 0.438219 0.449561 0.437452 0.449561 0.42901 0.448465 0.428243 0.448465 0.423638 0.447368 0.42287 0.447368 0.4198 0.446272 0.419033 0.446272 0.417498 0.445175 0.416731 0.445175 0.415196 0.444079 0.414428 0.444079 0.411358 0.442982 0.410591 0.442982 0.408289 0.441886 0.407521 0.441886 0.405219 0.440789 0.404451 0.440789 0.401381 0.439693 0.400614 0.439693 0.396009 0.438596 0.395242 0.438596 0.391404 0.4375 0.390637 0.4375 0.385265 0.438596 0.384497 0.438596 0.38373 0.439693 0.382962 0.440789 0.382962 0.440789 0.381427 0.441886 0.38066 0.441886 0.379893 0.440789 0.379125 0.440789 0.378358 0.441886 0.37759 0.441886 0.376823 0.440789 0.376823 0.438596 0.375288 0.4375 0.375288 0.435307 0.373753 0.435307 0.372985 0.433114 0.372985 0.432018 0.373753 0.429825 0.372218
0 0.718202 0.366078 0.717105 0.366846 0.716009 0.366846 0.717105 0.367613 0.719298 0.367613 0.720395 0.366846 0.719298 0.366078
0 0.236842 0.364543 0.236842 0.365311 0.234649 0.366846 0.234649 0.369148 0.235746 0.369148 0.236842 0.369916 0.237939 0.369916 0.239035 0.369148 0.239035 0.366846 0.237939 0.366078 0.237939 0.364543
0 0.259868 0.337682 0.259868 0.339985 0.260965 0.340752 0.260965 0.34152 0.262061 0.34152 0.263158 0.342287 0.267544 0.342287 0.267544 0.340752 0.264254 0.340752 0.263158 0.34152 0.262061 0.34152 0.260965 0.340752 0.260965 0.33845
0 0.551535 0.330775 0.550439 0.331543 0.549342 0.331543 0.547149 0.333078 0.547149 0.334612 0.546053 0.33538 0.546053 0.339985 0.547149 0.339985 0.548246 0.339217 0.550439 0.339217 0.552632 0.337682 0.552632 0.336915 0.554825 0.33538 0.554825 0.334612 0.555921 0.333845 0.555921 0.331543 0.554825 0.331543 0.553728 0.330775
0 0.407895 0.330008 0.405702 0.331543 0.404605 0.331543 0.402412 0.333078 0.401316 0.333078 0.401316 0.336915 0.402412 0.336915 0.405702 0.339217 0.406798 0.339217 0.407895 0.339985 0.408991 0.339985 0.410088 0.340752 0.41557 0.340752 0.416667 0.339985 0.416667 0.339217 0.417763 0.33845 0.417763 0.33538 0.416667 0.334612 0.416667 0.333845 0.414474 0.33231 0.413377 0.33231 0.412281 0.331543 0.411184 0.331543 0.410088 0.330775 0.408991 0.330775
0 0.592105 0.328473 0.591009 0.32924 0.58443 0.32924 0.583333 0.330008 0.582237 0.32924 0.58114 0.32924 0.578947 0.330775 0.576754 0.330775 0.575658 0.331543 0.575658 0.33231 0.576754 0.33231 0.577851 0.333078 0.58443 0.333078 0.585526 0.33231 0.587719 0.33231 0.588816 0.333078 0.589912 0.333078 0.591009 0.333845 0.594298 0.333845 0.595395 0.333078 0.597588 0.333078 0.598684 0.33231 0.598684 0.331543 0.599781 0.330775 0.599781 0.32924 0.598684 0.328473
0 0.573465 0.323101 0.573465 0.324635 0.574561 0.324635 0.574561 0.323868
0 0.564693 0.320031 0.563596 0.320798 0.5625 0.320798 0.5625 0.323101 0.563596 0.323101 0.564693 0.322333 0.565789 0.322333 0.565789 0.320031
0 0.385965 0.316961 0.382675 0.319263 0.382675 0.323868 0.381579 0.324635 0.381579 0.326938 0.382675 0.327705 0.382675 0.330775 0.383772 0.331543 0.383772 0.33231 0.384868 0.333078 0.384868 0.333845 0.385965 0.333845 0.387061 0.334612 0.389254 0.334612 0.391447 0.333078 0.391447 0.33231 0.394737 0.330008 0.394737 0.32924 0.395833 0.328473 0.395833 0.326938 0.39693 0.32617 0.39693 0.325403 0.398026 0.324635 0.398026 0.322333 0.39693 0.321566 0.39693 0.320798 0.39364 0.318496 0.392544 0.318496 0.391447 0.317728 0.390351 0.317728 0.389254 0.316961
0 0.317982 0.315426 0.317982 0.316961 0.319079 0.316961 0.320175 0.317728 0.322368 0.317728 0.323465 0.316961 0.324561 0.316961 0.324561 0.315426
0 0.305921 0.315426 0.304825 0.316193 0.304825 0.317728 0.305921 0.318496 0.307018 0.318496 0.307018 0.316193
0 0.565789 0.313891 0.565789 0.314658 0.566886 0.315426 0.566886 0.316193 0.567982 0.316961 0.567982 0.318496 0.569079 0.319263 0.569079 0.320031 0.570175 0.320798 0.571272 0.320798 0.570175 0.320031 0.570175 0.318496 0.569079 0.317728 0.569079 0.316961 0.567982 0.316193 0.567982 0.315426 0.566886 0.314658 0.566886 0.313891
0 0.244518 0.307751 0.244518 0.308519 0.245614 0.308519 0.245614 0.307751
0 0.457237 0.302379 0.45614 0.303147 0.455044 0.303147 0.453947 0.303914 0.453947 0.305449 0.452851 0.306216 0.452851 0.306984 0.451754 0.307751 0.451754 0.308519 0.448465 0.310821 0.448465 0.322333 0.449561 0.323101 0.449561 0.327705 0.450658 0.328473 0.450658 0.333845 0.449561 0.334612 0.449561 0.33538 0.448465 0.336147 0.449561 0.336915 0.446272 0.339217 0.446272 0.340752 0.447368 0.34152 0.447368 0.343054 0.448465 0.343822 0.448465 0.346124 0.449561 0.346892 0.449561 0.347659 0.448465 0.348427 0.448465 0.349194 0.447368 0.349962 0.447368 0.353799 0.444079 0.356101 0.442982 0.356101 0.441886 0.356869 0.441886 0.357636 0.447368 0.361474 0.447368 0.362241 0.450658 0.362241 0.450658 0.359939 0.451754 0.359171 0.451754 0.357636 0.452851 0.356869 0.452851 0.355334 0.453947 0.354566 0.453947 0.351497 0.452851 0.350729 0.452851 0.349962 0.451754 0.349194 0.452851 0.348427 0.452851 0.346892 0.451754 0.346124 0.451754 0.340752 0.452851 0.339985 0.452851 0.339217 0.453947 0.33845 0.453947 0.337682 0.460526 0.333078 0.461623 0.333078 0.462719 0.33231 0.462719 0.331543 0.466009 0.32924 0.466009 0.327705 0.467105 0.326938 0.467105 0.322333 0.468202 0.321566 0.468202 0.320798 0.467105 0.320031 0.467105 0.305449 0.466009 0.305449 0.462719 0.303147 0.460526 0.303147 0.45943 0.302379 0.458333 0.303147
0 0.697368 0.28703 0.696272 0.287797 0.695175 0.287797 0.695175 0.288565 0.692982 0.2901 0.694079 0.290867 0.694079 0.291635 0.695175 0.292402 0.698465 0.292402 0.700658 0.290867 0.700658 0.287797 0.699561 0.28703
0 0.439693 0.283193 0.438596 0.28396 0.438596 0.285495 0.440789 0.28703 0.440789 0.288565 0.441886 0.289332 0.441886 0.2901 0.442982 0.2901 0.444079 0.289332 0.444079 0.285495 0.442982 0.284728 0.442982 0.28396 0.441886 0.283193
0 0.45614 0.281658 0.455044 0.282425 0.452851 0.282425 0.452851 0.28703 0.453947 0.287797 0.453947 0.288565 0.457237 0.288565 0.458333 0.287797 0.45943 0.287797 0.45943 0.283193 0.458333 0.282425 0.457237 0.282425
0 0.463816 0.269378 0.463816 0.271681 0.464912 0.271681 0.464912 0.269378
0 0.453947 0.267843 0.455044 0.268611 0.457237 0.268611 0.45614 0.267843
0 0.332237 0.264774 0.332237 0.265541 0.333333 0.266309 0.333333 0.264774
0 0.561404 0.262471 0.559211 0.264006 0.559211 0.265541 0.560307 0.266309 0.5625 0.266309 0.564693 0.264774 0.564693 0.262471
0 0.451754 0.260169 0.450658 0.260936 0.451754 0.260936 0.452851 0.260169
0 0.475877 0.257099 0.475877 0.257866 0.474781 0.258634 0.475877 0.259401 0.475877 0.263239 0.476974 0.264006 0.476974 0.264774 0.47807 0.265541 0.479167 0.264774 0.480263 0.264774 0.480263 0.258634 0.47807 0.257099
0 0.347588 0.249424 0.347588 0.250192 0.346491 0.250959 0.346491 0.252494 0.343202 0.254797 0.343202 0.257099 0.342105 0.257866 0.342105 0.259401 0.338816 0.261704 0.337719 0.261704 0.337719 0.262471 0.338816 0.262471 0.339912 0.263239 0.339912 0.264006 0.341009 0.264774 0.341009 0.267076 0.342105 0.267843 0.342105 0.268611 0.343202 0.269378 0.343202 0.271681 0.344298 0.272448 0.344298 0.273983 0.346491 0.275518 0.346491 0.276285 0.347588 0.277053 0.349781 0.277053 0.350877 0.276285 0.350877 0.273983 0.349781 0.273216 0.349781 0.271681 0.348684 0.270913 0.348684 0.269378 0.346491 0.267843 0.346491 0.266309 0.345395 0.265541 0.346491 0.264774 0.346491 0.260936 0.347588 0.260169 0.347588 0.255564 0.349781 0.254029 0.349781 0.249424
0 0.732456 0.245587 0.73136 0.246355 0.72807 0.246355 0.72807 0.247122 0.73136 0.247122 0.732456 0.246355 0.734649 0.246355 0.735746 0.245587
0 0.559211 0.24482 0.558114 0.245587 0.558114 0.246355 0.557018 0.247122 0.557018 0.248657 0.555921 0.249424 0.555921 0.251727 0.557018 0.252494 0.558114 0.252494 0.559211 0.251727 0.560307 0.251727 0.563596 0.249424 0.563596 0.247889 0.564693 0.247122 0.564693 0.246355 0.5625 0.24482
0 0.720395 0.243285 0.719298 0.244052 0.720395 0.244052
0 0.39693 0.237913 0.39693 0.239447 0.398026 0.239447 0.39693 0.23868
0 0.317982 0.221028 0.317982 0.221796 0.323465 0.225633 0.324561 0.225633 0.326754 0.227168 0.327851 0.227168 0.325658 0.225633 0.324561 0.225633
0 0.48136 0.217959 0.48136 0.219493 0.483553 0.221028 0.483553 0.219493 0.482456 0.218726 0.482456 0.217959
0 0.541667 0.213354 0.54057 0.214121 0.54057 0.217959 0.541667 0.218726 0.54386 0.217191 0.54386 0.214889
0 0.700658 0.211819 0.700658 0.212586 0.701754 0.212586
0 0.531798 0.206447 0.530702 0.207214 0.530702 0.207982 0.529605 0.208749 0.529605 0.214889 0.530702 0.215656 0.530702 0.216424 0.531798 0.217191 0.531798 0.217959 0.532895 0.217191 0.532895 0.216424 0.533991 0.215656 0.533991 0.208749 0.531798 0.207214
0 0.392544 0.18419 0.391447 0.184958 0.391447 0.186493 0.392544 0.186493
0 0.617325 0.182655 0.617325 0.18419 0.618421 0.183423
0 0.383772 0.168841 0.383772 0.169609 0.384868 0.170376 0.384868 0.175748 0.385965 0.176516 0.385965 0.177283 0.387061 0.178051 0.387061 0.177283 0.385965 0.176516 0.385965 0.171144 0.384868 0.170376 0.384868 0.168841
0 0.649123 0.0974674 0.649123 0.101305 0.650219 0.101305 0.650219 0.0982348
