0 0.255482 0.851113 0.255482 0.852648 0.256579 0.853415 0.256579 0.85188
0 0.303728 0.825019 0.302632 0.825787 0.302632 0.826554 0.303728 0.827322 0.303728 0.828089 0.305921 0.829624 0.305921 0.830391 0.307018 0.831159 0.307018 0.831926 0.315789 0.838066 0.315789 0.838833 0.317982 0.840368 0.320175 0.840368 0.320175 0.839601 0.319079 0.839601 0.314693 0.836531 0.314693 0.835764 0.310307 0.832694 0.310307 0.831926 0.309211 0.831159 0.309211 0.830391 0.308114 0.829624 0.308114 0.828089 0.307018 0.827322 0.307018 0.826554 0.304825 0.825019
0 0.274123 0.821949 0.273026 0.822717 0.273026 0.823484 0.274123 0.824252 0.277412 0.824252 0.277412 0.822717 0.276316 0.821949
0 0.326754 0.795088 0.325658 0.795856 0.323465 0.795856 0.321272 0.797391 0.321272 0.798926 0.319079 0.80046 0.317982 0.80046 0.317982 0.801228 0.316886 0.801995 0.316886 0.802763 0.315789 0.80353 0.317982 0.805065 0.320175 0.805065 0.321272 0.805833 0.324561 0.805833 0.325658 0.805065 0.326754 0.805065 0.327851 0.804298 0.328947 0.804298 0.33114 0.802763 0.332237 0.802763 0.332237 0.801995 0.333333 0.801228 0.333333 0.798926 0.33443 0.798158 0.333333 0.797391 0.333333 0.796623 0.33114 0.795088
0 0.201754 0.784344 0.201754 0.785111 0.200658 0.785879 0.200658 0.786646 0.199561 0.787414 0.199561 0.788181 0.200658 0.788949 0.201754 0.788949 0.203947 0.787414 0.203947 0.785879
0 0.16886 0.777437 0.167763 0.778204 0.16886 0.778204
0 0.179825 0.774367 0.182018 0.775902 0.182018 0.774367
0 0.404605 0.759785 0.404605 0.760553 0.403509 0.76132 0.403509 0.765157 0.404605 0.765157 0.404605 0.76439 0.405702 0.763622 0.405702 0.759785
0 0.179825 0.739831 0.179825 0.740599 0.180921 0.739831
0 0.235746 0.735226 0.234649 0.735994 0.233553 0.735994 0.233553 0.736761 0.234649 0.737529 0.242325 0.737529 0.244518 0.739064 0.244518 0.739831 0.240132 0.742901 0.240132 0.743668 0.239035 0.744436 0.237939 0.744436 0.236842 0.743668 0.235746 0.743668 0.234649 0.744436 0.234649 0.746738 0.236842 0.748273 0.237939 0.747506 0.239035 0.747506 0.239035 0.745971 0.240132 0.745203 0.242325 0.745203 0.243421 0.745971 0.244518 0.745203 0.245614 0.745203 0.246711 0.744436 0.256579 0.744436 0.258772 0.742901 0.259868 0.742901 0.259868 0.741366 0.260965 0.740599 0.260965 0.739064 0.259868 0.738296 0.255482 0.738296 0.254386 0.739064 0.247807 0.739064 0.246711 0.738296 0.244518 0.738296 0.241228 0.735994 0.239035 0.735994 0.237939 0.735226
0 0.458333 0.71297 0.457237 0.713738 0.45943 0.715272 0.460526 0.715272 0.461623 0.71604 0.462719 0.71604 0.463816 0.716807 0.464912 0.716807 0.466009 0.717575 0.467105 0.717575 0.468202 0.718342 0.473684 0.718342 0.473684 0.717575 0.471491 0.71604 0.470395 0.71604 0.467105 0.713738 0.463816 0.713738 0.462719 0.71297
0 0.270833 0.708365 0.269737 0.709133 0.269737 0.7099 0.267544 0.711435 0.267544 0.712203 0.265351 0.713738 0.265351 0.714505 0.264254 0.715272 0.264254 0.716807 0.263158 0.717575 0.263158 0.718342 0.262061 0.71911 0.262061 0.719877 0.260965 0.720645 0.260965 0.721412 0.259868 0.72218 0.259868 0.722947 0.262061 0.724482 0.262061 0.725249 0.263158 0.726017 0.265351 0.726017 0.266447 0.725249 0.266447 0.723715 0.270833 0.720645 0.270833 0.71911 0.27193 0.718342 0.27193 0.715272 0.274123 0.713738 0.274123 0.71297 0.275219 0.712203 0.275219 0.709133 0.274123 0.708365
0 0.429825 0.679202 0.429825 0.679969 0.430921 0.680737 0.429825 0.681504 0.429825 0.693784 0.430921 0.694551 0.430921 0.696086 0.432018 0.696853 0.432018 0.697621 0.435307 0.697621 0.436404 0.696853 0.4375 0.696853 0.438596 0.696086 0.439693 0.696086 0.439693 0.695318 0.440789 0.694551 0.440789 0.693784 0.444079 0.691481 0.445175 0.691481 0.446272 0.690714 0.447368 0.690714 0.452851 0.686876 0.452851 0.685342 0.451754 0.684574 0.451754 0.683039 0.448465 0.683039 0.447368 0.682272 0.446272 0.682272 0.445175 0.681504 0.442982 0.681504 0.441886 0.680737 0.440789 0.680737 0.439693 0.679969 0.438596 0.679969 0.4375 0.679202 0.436404 0.679202 0.435307 0.679969 0.434211 0.679202
0 0.516447 0.672295 0.515351 0.673062 0.516447 0.673062
0 0.525219 0.66155 0.524123 0.662318 0.523026 0.662318 0.523026 0.663085 0.52193 0.663853 0.52193 0.66462 0.520833 0.665388 0.520833 0.666155 0.51864 0.66769 0.51864 0.668457 0.517544 0.669225 0.51864 0.669992 0.51864 0.671527 0.519737 0.67076 0.52193 0.67076 0.523026 0.671527 0.524123 0.671527 0.525219 0.672295 0.527412 0.672295 0.530702 0.669992 0.530702 0.666155 0.529605 0.665388 0.529605 0.663853 0.528509 0.663085 0.528509 0.662318 0.527412 0.66155
0 0.244518 0.66155 0.243421 0.662318 0.243421 0.663085 0.244518 0.662318
0 0.561404 0.635457 0.561404 0.636992 0.5625 0.636992 0.5625 0.636224
0 0.226974 0.6132 0.225877 0.613968 0.225877 0.614735 0.22807 0.614735 0.22807 0.613968
0 0.235746 0.610898 0.234649 0.611665 0.236842 0.611665 0.237939 0.610898
0 0.254386 0.606293 0.254386 0.608596 0.255482 0.608596 0.256579 0.607828 0.256579 0.607061 0.255482 0.606293
0 0.153509 0.602456 0.152412 0.603223 0.154605 0.603223 0.154605 0.602456
0 0.275219 0.599386 0.273026 0.600921 0.273026 0.602456 0.274123 0.602456 0.276316 0.600921 0.277412 0.600921 0.277412 0.599386
0 0.577851 0.593246 0.577851 0.595549 0.582237 0.598619 0.58443 0.598619 0.58443 0.597084 0.578947 0.593246
0 0.149123 0.590177 0.149123 0.591711 0.150219 0.592479 0.151316 0.591711 0.151316 0.590944 0.150219 0.590177
0 0.611842 0.589409 0.610746 0.590177 0.609649 0.590177 0.609649 0.590944 0.610746 0.590944 0.611842 0.591711 0.612939 0.591711 0.614035 0.590944 0.614035 0.590177 0.612939 0.589409
0 0.299342 0.587107 0.299342 0.587874 0.298246 0.588642 0.297149 0.588642 0.296053 0.589409 0.296053 0.590177 0.294956 0.590944 0.29386 0.590944 0.291667 0.592479 0.291667 0.593246 0.29057 0.594014 0.29057 0.594781 0.288377 0.596316 0.288377 0.597851 0.287281 0.598619 0.287281 0.602456 0.288377 0.603223 0.288377 0.603991 0.289474 0.604758 0.29057 0.604758 0.296053 0.600921 0.297149 0.600921 0.298246 0.600153 0.298246 0.599386 0.299342 0.598619 0.299342 0.597851 0.300439 0.597084 0.300439 0.595549 0.301535 0.594781 0.301535 0.592479 0.302632 0.591711 0.302632 0.587107
0 0.619518 0.581734 0.619518 0.583269 0.620614 0.583269 0.621711 0.582502 0.620614 0.581734
0 0.27193 0.57713 0.27193 0.577897 0.273026 0.577897
0 0.282895 0.572525 0.281798 0.573292 0.281798 0.57406 0.282895 0.574827 0.283991 0.57406 0.282895 0.573292
0 0.29386 0.57099 0.29386 0.571757 0.294956 0.571757 0.296053 0.572525 0.298246 0.572525 0.298246 0.571757 0.297149 0.571757 0.296053 0.57099
0 0.559211 0.567153 0.558114 0.56792 0.558114 0.571757 0.560307 0.573292 0.561404 0.573292 0.5625 0.57406 0.563596 0.57406 0.564693 0.574827 0.567982 0.574827 0.570175 0.573292 0.572368 0.573292 0.573465 0.57406 0.574561 0.573292 0.576754 0.573292 0.58114 0.576362 0.585526 0.576362 0.586623 0.57713 0.589912 0.57713 0.591009 0.577897 0.592105 0.577897 0.595395 0.5802 0.595395 0.581734 0.593202 0.583269 0.592105 0.583269 0.592105 0.584037 0.593202 0.584804 0.594298 0.584804 0.595395 0.584037 0.596491 0.584037 0.598684 0.582502 0.601974 0.582502 0.60307 0.583269 0.60636 0.583269 0.607456 0.582502 0.608553 0.582502 0.609649 0.581734 0.609649 0.579432 0.607456 0.579432 0.60636 0.5802 0.604167 0.5802 0.60307 0.579432 0.601974 0.579432 0.600877 0.578665 0.600877 0.577897 0.597588 0.575595 0.597588 0.574827 0.596491 0.57406 0.595395 0.57406 0.594298 0.573292 0.593202 0.573292 0.591009 0.571757 0.589912 0.571757 0.588816 0.57099 0.585526 0.57099 0.58443 0.570223 0.583333 0.570223 0.582237 0.569455 0.580044 0.569455 0.578947 0.568688 0.574561 0.568688 0.573465 0.56792 0.571272 0.56792 0.570175 0.567153 0.569079 0.567153 0.567982 0.56792 0.564693 0.56792 0.563596 0.567153
0 0.315789 0.562548 0.315789 0.564083 0.316886 0.56485 0.317982 0.564083 0.317982 0.562548
0 0.70943 0.555641 0.708333 0.556408 0.702851 0.556408 0.702851 0.557176 0.703947 0.557176 0.705044 0.557943 0.70614 0.557943 0.70614 0.557176 0.707237 0.556408 0.710526 0.556408 0.711623 0.555641 0.712719 0.555641
0 0.217105 0.555641 0.216009 0.556408 0.216009 0.557943 0.219298 0.557943 0.220395 0.557176 0.221491 0.557176 0.222588 0.557943 0.223684 0.557943 0.223684 0.557176 0.222588 0.556408 0.221491 0.556408 0.220395 0.555641
0 0.260965 0.554106 0.258772 0.555641 0.258772 0.556408 0.257675 0.557176 0.257675 0.557943 0.258772 0.557943 0.258772 0.557176 0.259868 0.556408 0.259868 0.555641 0.260965 0.554873
0 0.355263 0.553338 0.354167 0.554106 0.349781 0.554106 0.346491 0.556408 0.345395 0.556408 0.345395 0.557176 0.344298 0.557943 0.344298 0.561013 0.345395 0.561781 0.345395 0.564083 0.347588 0.565618 0.347588 0.567153 0.348684 0.56792 0.348684 0.568688 0.35307 0.571757 0.35307 0.572525 0.354167 0.573292 0.354167 0.57406 0.35636 0.575595 0.35636 0.576362 0.360746 0.579432 0.365132 0.579432 0.365132 0.57099 0.366228 0.570223 0.366228 0.559478 0.365132 0.558711 0.365132 0.556408 0.364035 0.555641 0.364035 0.554873 0.362939 0.554106 0.359649 0.554106 0.358553 0.553338
0 0.626096 0.547199 0.626096 0.547966 0.628289 0.547966 0.627193 0.547199
0 0.600877 0.547199 0.599781 0.547966 0.600877 0.548734 0.600877 0.550269 0.601974 0.551036 0.604167 0.551036 0.604167 0.547199
0 0.176535 0.547199 0.176535 0.547966 0.175439 0.548734 0.174342 0.548734 0.174342 0.549501 0.176535 0.549501 0.177632 0.548734 0.177632 0.547199
0 0.157895 0.540292 0.157895 0.541059 0.160088 0.541059 0.158991 0.540292
0 0.35636 0.537989 0.355263 0.538757 0.354167 0.538757 0.35307 0.539524 0.35307 0.543361 0.355263 0.544896 0.35636 0.544896 0.357456 0.545664 0.359649 0.545664 0.360746 0.544896 0.361842 0.544896 0.361842 0.544129 0.362939 0.543361 0.362939 0.541827 0.361842 0.541059 0.361842 0.540292 0.358553 0.537989
0 0.274123 0.529547 0.26864 0.533384 0.266447 0.533384 0.259868 0.537989 0.257675 0.537989 0.256579 0.538757 0.256579 0.539524 0.260965 0.539524 0.263158 0.537989 0.264254 0.537989 0.269737 0.534152 0.275219 0.534152 0.278509 0.53185 0.278509 0.531082 0.276316 0.529547
0 0.367325 0.52878 0.366228 0.529547 0.365132 0.529547 0.365132 0.530315 0.364035 0.531082 0.364035 0.533384 0.365132 0.534152 0.365132 0.535687 0.368421 0.535687 0.369518 0.534919 0.369518 0.534152 0.370614 0.533384 0.370614 0.530315 0.368421 0.52878
0 0.144737 0.517268 0.14364 0.518035 0.142544 0.518035 0.140351 0.51957 0.14364 0.51957 0.145833 0.518035 0.14693 0.518035 0.14693 0.517268
0 0.351974 0.515733 0.350877 0.5165 0.351974 0.5165
0 0.690789 0.506523 0.692982 0.508058 0.694079 0.508058 0.695175 0.508826 0.696272 0.508826 0.694079 0.507291 0.692982 0.507291 0.691886 0.506523
0 0.171053 0.503454 0.169956 0.504221 0.16886 0.504221 0.169956 0.504988 0.171053 0.504988 0.172149 0.504221
0 0.531798 0.496546 0.531798 0.498081 0.529605 0.499616 0.529605 0.500384 0.527412 0.501919 0.525219 0.501919 0.523026 0.503454 0.523026 0.505756 0.525219 0.507291 0.527412 0.507291 0.532895 0.511128 0.533991 0.510361 0.536184 0.510361 0.536184 0.509593 0.535088 0.508826 0.535088 0.501919 0.533991 0.501151 0.533991 0.500384 0.532895 0.499616 0.532895 0.498081 0.531798 0.497314
0 0.548246 0.486569 0.547149 0.487337 0.544956 0.487337 0.54386 0.488104 0.542763 0.488104 0.54057 0.489639 0.54057 0.490407 0.541667 0.491174 0.541667 0.491942 0.54057 0.492709 0.542763 0.494244 0.542763 0.495012 0.544956 0.496546 0.544956 0.497314 0.546053 0.497314 0.547149 0.498081 0.547149 0.498849 0.548246 0.499616 0.554825 0.499616 0.557018 0.498081 0.558114 0.498081 0.560307 0.496546 0.560307 0.490407 0.559211 0.489639 0.559211 0.488104 0.557018 0.486569 0.555921 0.487337 0.554825 0.487337 0.553728 0.486569 0.551535 0.486569 0.550439 0.487337 0.549342 0.487337
0 0.128289 0.475058 0.128289 0.475825 0.129386 0.475825
0 0.452851 0.471988 0.452851 0.472755 0.451754 0.473523 0.451754 0.475058 0.450658 0.475825 0.450658 0.479662 0.449561 0.48043 0.449561 0.4835 0.448465 0.484267 0.448465 0.486569 0.449561 0.487337 0.449561 0.488104 0.451754 0.489639 0.455044 0.489639 0.45614 0.488872 0.45614 0.487337 0.457237 0.486569 0.457237 0.484267 0.45614 0.4835 0.45614 0.482732 0.455044 0.481965 0.455044 0.48043 0.452851 0.478895
0 0.60307 0.466616 0.601974 0.467383 0.60307 0.467383 0.604167 0.46815 0.605263 0.46815 0.607456 0.469685 0.607456 0.470453 0.605263 0.471988 0.604167 0.471988 0.60307 0.472755 0.601974 0.472755 0.601974 0.473523 0.600877 0.47429 0.600877 0.475825 0.601974 0.475825 0.60307 0.476592 0.605263 0.476592 0.607456 0.475058 0.608553 0.475058 0.609649 0.47429 0.609649 0.473523 0.610746 0.472755 0.611842 0.472755 0.614035 0.47122 0.616228 0.47122 0.617325 0.471988 0.619518 0.471988 0.620614 0.472755 0.625 0.472755 0.626096 0.473523 0.627193 0.473523 0.627193 0.472755 0.626096 0.472755 0.625 0.471988 0.622807 0.471988 0.621711 0.47122 0.617325 0.47122 0.616228 0.470453 0.615132 0.470453 0.614035 0.469685 0.612939 0.469685 0.611842 0.468918 0.611842 0.46815 0.610746 0.46815 0.609649 0.467383 0.60636 0.467383 0.605263 0.466616
0 0.717105 0.461243 0.716009 0.462011 0.716009 0.462778 0.717105 0.462778 0.718202 0.462011
0 0.458333 0.460476 0.458333 0.461243 0.45943 0.460476
0 0.760965 0.455104 0.760965 0.455871 0.762061 0.455871 0.762061 0.455104
0 0.679825 0.452801 0.678728 0.453569 0.679825 0.454336 0.679825 0.455104 0.680921 0.455104 0.680921 0.453569
0 0.702851 0.452034 0.699561 0.454336 0.700658 0.454336 0.702851 0.452801 0.703947 0.452801
0 0.150219 0.43515 0.145833 0.438219 0.14693 0.438987 0.148026 0.438987 0.149123 0.438219 0.149123 0.437452 0.151316 0.435917 0.151316 0.43515
0 0.156798 0.43208 0.155702 0.432847 0.156798 0.432847 0.157895 0.43208 0.160088 0.43208
0 0.229167 0.412126 0.22807 0.412893 0.229167 0.412893
0 0.252193 0.411358 0.25 0.412893 0.25 0.417498 0.251096 0.418266 0.251096 0.419033 0.252193 0.419033 0.253289 0.4198 0.254386 0.4198 0.256579 0.418266 0.256579 0.417498 0.257675 0.416731 0.257675 0.412893 0.256579 0.412126 0.254386 0.412126 0.253289 0.411358
0 0.16557 0.411358 0.166667 0.412126 0.166667 0.411358
0 0.701754 0.409823 0.702851 0.410591 0.703947 0.409823
0 0.252193 0.406754 0.25 0.408289 0.25 0.409056 0.251096 0.409056 0.252193 0.408289 0.254386 0.408289 0.254386 0.407521 0.253289 0.406754
0 0.712719 0.393707 0.712719 0.394474 0.713816 0.394474 0.714912 0.395242 0.718202 0.395242 0.717105 0.394474 0.713816 0.394474
0 0.438596 0.38987 0.438596 0.392172 0.4375 0.392939 0.436404 0.392939 0.436404 0.401381 0.435307 0.402149 0.435307 0.403684 0.434211 0.404451 0.434211 0.406754 0.433114 0.407521 0.433114 0.409056 0.432018 0.409823 0.432018 0.411358 0.430921 0.412126 0.430921 0.412893 0.426535 0.415963 0.425439 0.415963 0.422149 0.418266 0.422149 0.421335 0.421053 0.422103 0.421053 0.424405 0.419956 0.425173 0.421053 0.42594 0.419956 0.426708 0.419956 0.427475 0.41886 0.428243 0.41886 0.430545 0.417763 0.431312 0.417763 0.433615 0.416667 0.434382 0.416667 0.43515 0.41557 0.435917 0.41557 0.436685 0.414474 0.437452 0.414474 0.438219 0.413377 0.438987 0.413377 0.439754 0.411184 0.441289 0.411184 0.454336 0.412281 0.455104 0.412281 0.459708 0.411184 0.460476 0.411184 0.462011 0.412281 0.462778 0.412281 0.464313 0.413377 0.465081 0.413377 0.467383 0.414474 0.46815 0.414474 0.470453 0.417763 0.472755 0.417763 0.473523 0.41886 0.47429 0.41886 0.475058 0.421053 0.475058 0.422149 0.475825 0.423246 0.475058 0.425439 0.476592 0.426535 0.475825 0.427632 0.475825 0.428728 0.475058 0.429825 0.475825 0.430921 0.475825 0.434211 0.473523 0.435307 0.473523 0.435307 0.472755 0.4375 0.47122 0.438596 0.47122 0.439693 0.470453 0.439693 0.469685 0.441886 0.46815 0.441886 0.467383 0.442982 0.466616 0.442982 0.464313 0.444079 0.463546 0.444079 0.461243 0.442982 0.460476 0.442982 0.458941 0.444079 0.458173 0.444079 0.455104 0.445175 0.454336 0.445175 0.452801 0.446272 0.452034 0.446272 0.449731 0.447368 0.448964 0.447368 0.447429 0.448465 0.446662 0.448465 0.442824 0.447368 0.442057 0.447368 0.438219 0.446272 0.437452 0.446272 0.436685 0.447368 0.435917 0.447368 0.43515 0.446272 0.434382 0.446272 0.43208 0.445175 0.431312 0.446272 0.430545 0.446272 0.42594 0.445175 0.425173 0.445175 0.420568 0.444079 0.4198 0.444079 0.414428 0.442982 0.413661 0.442982 0.409056 0.441886 0.408289 0.441886 0.402916 0.440789 0.402149 0.440789 0.399079 0.439693 0.398312 0.439693 0.390637
0 0.235746 0.389102 0.234649 0.38987 0.236842 0.391404 0.236842 0.390637 0.237939 0.38987 0.236842 0.389102
0 0.255482 0.369148 0.254386 0.369916 0.255482 0.370683 0.256579 0.369916
0 0.236842 0.364543 0.236842 0.366846 0.239035 0.368381 0.241228 0.366846 0.241228 0.366078 0.240132 0.365311 0.240132 0.364543
0 0.26864 0.344589 0.267544 0.345357 0.267544 0.346892 0.26864 0.347659 0.269737 0.347659 0.270833 0.346892 0.270833 0.344589
0 0.550439 0.333845 0.549342 0.334612 0.548246 0.334612 0.548246 0.339217 0.549342 0.339985 0.549342 0.340752 0.553728 0.340752 0.554825 0.339985 0.557018 0.339985 0.557018 0.337682 0.554825 0.336147 0.553728 0.336147 0.552632 0.33538 0.552632 0.334612 0.551535 0.333845
0 0.570175 0.326938 0.569079 0.327705 0.569079 0.328473 0.563596 0.33231 0.5625 0.33231 0.5625 0.333078 0.561404 0.333845 0.5625 0.334612 0.5625 0.336147 0.563596 0.336147 0.564693 0.336915 0.566886 0.336915 0.567982 0.336147 0.571272 0.336147 0.572368 0.33538 0.577851 0.33538 0.578947 0.334612 0.58114 0.334612 0.58443 0.33231 0.58443 0.331543 0.583333 0.331543 0.582237 0.330775 0.58114 0.330775 0.580044 0.330008 0.576754 0.330008 0.575658 0.32924 0.574561 0.32924 0.571272 0.326938
0 0.392544 0.323101 0.391447 0.323868 0.391447 0.331543 0.392544 0.33231 0.392544 0.333078 0.39364 0.333845 0.394737 0.333845 0.398026 0.336147 0.399123 0.336147 0.401316 0.337682 0.402412 0.337682 0.403509 0.336915 0.405702 0.336915 0.406798 0.336147 0.407895 0.336147 0.408991 0.33538 0.410088 0.33538 0.411184 0.334612 0.410088 0.333845 0.410088 0.330775 0.407895 0.32924 0.406798 0.32924 0.405702 0.328473 0.404605 0.328473 0.403509 0.327705 0.403509 0.326938 0.399123 0.323868 0.398026 0.323868 0.39693 0.323101
0 0.251096 0.318496 0.251096 0.320031 0.25 0.320798 0.254386 0.323868 0.255482 0.323868 0.256579 0.324635 0.256579 0.326938 0.257675 0.326938 0.257675 0.325403 0.252193 0.321566 0.252193 0.320798 0.251096 0.320031
0 0.464912 0.306984 0.463816 0.307751 0.461623 0.307751 0.460526 0.308519 0.45943 0.308519 0.455044 0.311589 0.455044 0.312356 0.453947 0.313124 0.453947 0.313891 0.455044 0.314658 0.455044 0.315426 0.45943 0.318496 0.460526 0.318496 0.461623 0.319263 0.474781 0.319263 0.474781 0.318496 0.473684 0.317728 0.473684 0.315426 0.472588 0.314658 0.472588 0.313891 0.471491 0.313124 0.471491 0.312356 0.470395 0.311589 0.470395 0.310821 0.467105 0.308519 0.467105 0.307751 0.466009 0.306984
0 0.701754 0.2901 0.700658 0.290867 0.700658 0.294705 0.701754 0.295472 0.702851 0.295472 0.705044 0.293937 0.70614 0.293937 0.70614 0.292402 0.705044 0.291635 0.705044 0.290867 0.703947 0.290867 0.702851 0.2901
0 0.455044 0.281658 0.453947 0.282425 0.453947 0.28703 0.45614 0.288565 0.458333 0.288565 0.460526 0.28703 0.460526 0.28396 0.45943 0.283193 0.45943 0.282425 0.458333 0.281658
0 0.439693 0.281658 0.438596 0.282425 0.438596 0.286262 0.439693 0.28703 0.439693 0.287797 0.440789 0.288565 0.440789 0.289332 0.441886 0.2901 0.442982 0.289332 0.442982 0.288565 0.444079 0.287797 0.444079 0.284728 0.442982 0.28396 0.442982 0.283193 0.440789 0.281658
0 0.301535 0.272448 0.300439 0.273216 0.299342 0.273216 0.299342 0.273983 0.298246 0.274751 0.297149 0.274751 0.298246 0.275518 0.301535 0.273216
0 0.550439 0.270146 0.549342 0.270913 0.549342 0.272448 0.550439 0.273216 0.552632 0.273216 0.553728 0.272448 0.554825 0.272448 0.554825 0.270913 0.553728 0.270146
0 0.330044 0.270146 0.330044 0.270913 0.332237 0.272448 0.332237 0.270146
0 0.309211 0.268611 0.309211 0.270146 0.310307 0.270913 0.311404 0.270913 0.311404 0.270146
0 0.462719 0.267843 0.462719 0.269378 0.463816 0.269378 0.463816 0.267843
0 0.471491 0.267076 0.469298 0.268611 0.469298 0.269378 0.470395 0.270146 0.470395 0.270913 0.471491 0.270913 0.472588 0.271681 0.473684 0.271681 0.474781 0.270913 0.474781 0.270146 0.475877 0.269378 0.474781 0.268611 0.474781 0.267076
0 0.554825 0.250959 0.553728 0.251727 0.552632 0.251727 0.552632 0.252494 0.551535 0.253262 0.551535 0.254029 0.550439 0.254797 0.550439 0.256332 0.551535 0.257099 0.553728 0.257099 0.554825 0.256332 0.555921 0.256332 0.558114 0.254797 0.558114 0.254029 0.559211 0.253262 0.559211 0.252494 0.557018 0.250959
0 0.716009 0.244052 0.716009 0.245587 0.717105 0.246355 0.718202 0.245587 0.718202 0.244052
0 0.338816 0.244052 0.339912 0.24482 0.339912 0.245587 0.341009 0.245587 0.341009 0.244052
0 0.549342 0.23868 0.549342 0.243285 0.548246 0.244052 0.548246 0.24482 0.547149 0.245587 0.547149 0.247122 0.548246 0.247122 0.549342 0.246355 0.549342 0.245587 0.550439 0.24482 0.550439 0.23868
0 0.364035 0.237145 0.362939 0.237913 0.358553 0.237913 0.35636 0.239447 0.35636 0.240215 0.355263 0.240982 0.355263 0.242517 0.354167 0.243285 0.354167 0.24482 0.35307 0.245587 0.35307 0.248657 0.354167 0.248657 0.355263 0.247889 0.35636 0.247889 0.358553 0.246355 0.358553 0.245587 0.359649 0.24482 0.359649 0.244052 0.360746 0.243285 0.360746 0.24175 0.361842 0.240982 0.361842 0.239447 0.362939 0.23868 0.362939 0.237913
0 0.697368 0.231773 0.695175 0.233308 0.696272 0.234075 0.698465 0.234075 0.699561 0.233308 0.699561 0.23254 0.698465 0.23254
0 0.54386 0.216424 0.54386 0.217191 0.542763 0.217959 0.542763 0.220261 0.54386 0.220261 0.546053 0.218726 0.546053 0.217191 0.544956 0.216424
0 0.475877 0.211819 0.475877 0.215656 0.476974 0.215656 0.47807 0.214889 0.476974 0.214121 0.476974 0.212586
0 0.535088 0.211051 0.533991 0.211819 0.532895 0.211819 0.532895 0.212586 0.531798 0.213354 0.531798 0.215656 0.530702 0.216424 0.530702 0.221028 0.531798 0.221796 0.531798 0.223331 0.532895 0.224098 0.533991 0.224098 0.535088 0.223331 0.535088 0.221796 0.536184 0.221028 0.536184 0.211819
0 0.476974 0.200307 0.476974 0.207214 0.476974 0.203377 0.47807 0.202609 0.476974 0.201842
0 0.387061 0.200307 0.385965 0.201074 0.384868 0.201074 0.381579 0.203377 0.380482 0.203377 0.379386 0.204144 0.379386 0.205679 0.381579 0.204144 0.382675 0.204144 0.387061 0.201074
0 0.39364 0.19033 0.39364 0.191865 0.394737 0.192632 0.391447 0.194935 0.391447 0.19647 0.390351 0.197237 0.390351 0.198772 0.392544 0.197237 0.392544 0.19647 0.39364 0.195702 0.39364 0.194167 0.394737 0.1934 0.394737 0.191097
0 0.337719 0.18726 0.339912 0.188795 0.339912 0.19033 0.341009 0.191097 0.341009 0.189563 0.339912 0.188795 0.339912 0.188028 0.338816 0.18726
0 0.610746 0.184958 0.611842 0.185725 0.611842 0.184958
0 0.441886 0.18419 0.440789 0.184958 0.441886 0.185725 0.442982 0.184958 0.442982 0.18419
0 0.416667 0.155027 0.416667 0.156562 0.417763 0.157329 0.417763 0.155794
0 0.694079 0.13891 0.692982 0.139678 0.692982 0.140445 0.694079 0.140445 0.695175 0.139678
0 0.673246 0.132771 0.673246 0.13584 0.674342 0.135073 0.675439 0.135073 0.675439 0.134305
0 0.688596 0.113584 0.6875 0.114351 0.688596 0.115119 0.689693 0.114351 0.690789 0.114351 0.689693 0.113584
0 0.64364 0.109747 0.64364 0.112049 0.644737 0.112817 0.644737 0.113584 0.644737 0.110514
0 0.593202 0.0867229 0.592105 0.0874904 0.592105 0.0890253 0.593202 0.0882579
