0 0.321272 0.841136 0.321272 0.841903 0.322368 0.841903
0 0.26864 0.824252 0.267544 0.825019 0.267544 0.827322 0.266447 0.828089 0.266447 0.828856 0.267544 0.829624 0.267544 0.830391 0.26864 0.830391 0.26864 0.827322 0.269737 0.826554 0.269737 0.824252
0 0.192982 0.789716 0.192982 0.791251 0.194079 0.792018 0.195175 0.792018 0.196272 0.791251 0.194079 0.789716
0 0.336623 0.788949 0.33443 0.790483 0.33114 0.790483 0.33114 0.791251 0.328947 0.792786 0.328947 0.793553 0.327851 0.794321 0.327851 0.798926 0.328947 0.799693 0.333333 0.799693 0.336623 0.797391 0.337719 0.797391 0.339912 0.795856 0.339912 0.790483 0.337719 0.788949
0 0.344298 0.786646 0.344298 0.787414 0.343202 0.788181 0.343202 0.789716 0.344298 0.790483 0.345395 0.790483 0.346491 0.791251 0.347588 0.790483 0.348684 0.790483 0.348684 0.788949 0.349781 0.788181 0.348684 0.787414 0.347588 0.787414 0.346491 0.786646
0 0.429825 0.751343 0.429825 0.752878 0.430921 0.752878 0.432018 0.752111 0.430921 0.751343
0 0.16886 0.746738 0.167763 0.747506 0.16886 0.747506 0.169956 0.746738
0 0.41557 0.736761 0.414474 0.737529 0.414474 0.739064 0.413377 0.739831 0.413377 0.745203 0.412281 0.745971 0.412281 0.749808 0.416667 0.746738 0.417763 0.747506 0.41886 0.747506 0.419956 0.746738 0.421053 0.746738 0.422149 0.745971 0.422149 0.745203 0.423246 0.744436 0.417763 0.744436 0.416667 0.743668 0.416667 0.742901 0.41557 0.742134 0.41557 0.738296 0.416667 0.737529 0.416667 0.736761
0 0.256579 0.727552 0.256579 0.728319 0.255482 0.729087 0.255482 0.730622 0.254386 0.731389 0.254386 0.732157 0.255482 0.732924 0.255482 0.735226 0.256579 0.735994 0.256579 0.736761 0.257675 0.737529 0.258772 0.737529 0.259868 0.738296 0.260965 0.738296 0.260965 0.737529 0.259868 0.736761 0.259868 0.733691 0.262061 0.732157 0.262061 0.729087 0.260965 0.728319 0.259868 0.728319 0.258772 0.727552
0 0.482456 0.717575 0.48136 0.718342 0.48136 0.719877 0.482456 0.720645 0.483553 0.720645 0.484649 0.721412 0.489035 0.721412 0.490132 0.720645 0.490132 0.71911 0.487939 0.717575
0 0.275219 0.702993 0.274123 0.703761 0.274123 0.706063 0.275219 0.70683 0.275219 0.707598 0.276316 0.708365 0.276316 0.7099 0.278509 0.7099 0.279605 0.709133 0.279605 0.70683 0.278509 0.706063 0.278509 0.703761 0.277412 0.702993
0 0.211623 0.700691 0.211623 0.702226 0.212719 0.701458
0 0.245614 0.699156 0.244518 0.699923 0.242325 0.699923 0.240132 0.701458 0.239035 0.701458 0.235746 0.703761 0.234649 0.703761 0.232456 0.705295 0.23136 0.705295 0.230263 0.706063 0.229167 0.706063 0.22807 0.70683 0.226974 0.70683 0.225877 0.707598 0.223684 0.707598 0.222588 0.708365 0.220395 0.708365 0.219298 0.707598 0.219298 0.70683 0.219298 0.7099 0.218202 0.710668 0.217105 0.710668 0.214912 0.712203 0.214912 0.71297 0.216009 0.71297 0.217105 0.712203 0.219298 0.712203 0.222588 0.7099 0.226974 0.7099 0.229167 0.708365 0.230263 0.708365 0.23136 0.707598 0.232456 0.707598 0.234649 0.706063 0.235746 0.706063 0.236842 0.705295 0.237939 0.705295 0.240132 0.703761 0.241228 0.703761 0.241228 0.702993 0.243421 0.701458 0.244518 0.701458 0.244518 0.700691 0.245614 0.699923
0 0.266447 0.679969 0.265351 0.680737 0.265351 0.682272 0.264254 0.683039 0.264254 0.683807 0.263158 0.684574 0.263158 0.685342 0.260965 0.686876 0.260965 0.689179 0.264254 0.689179 0.26864 0.686109 0.26864 0.685342 0.270833 0.683807 0.270833 0.683039 0.269737 0.682272 0.269737 0.681504 0.267544 0.679969
0 0.429825 0.677667 0.429825 0.678434 0.428728 0.679202 0.428728 0.693016 0.429825 0.693784 0.429825 0.695318 0.432018 0.696853 0.433114 0.696853 0.434211 0.696086 0.435307 0.696086 0.436404 0.695318 0.4375 0.695318 0.438596 0.694551 0.438596 0.693784 0.439693 0.693016 0.439693 0.691481 0.440789 0.690714 0.440789 0.683807 0.439693 0.683039 0.439693 0.682272 0.438596 0.681504 0.438596 0.680737 0.436404 0.679202 0.435307 0.679202 0.434211 0.678434 0.433114 0.678434 0.432018 0.677667
0 0.532895 0.671527 0.531798 0.672295 0.530702 0.672295 0.529605 0.673062 0.529605 0.676132 0.531798 0.677667 0.536184 0.677667 0.536184 0.673062 0.533991 0.671527
0 0.619518 0.657713 0.620614 0.65848 0.620614 0.657713
0 0.246711 0.656946 0.246711 0.657713 0.247807 0.657713
0 0.60307 0.644666 0.60307 0.647736 0.607456 0.650806 0.608553 0.650806 0.610746 0.652341 0.611842 0.652341 0.612939 0.653108 0.609649 0.650806 0.608553 0.650806 0.60307 0.646969
0 0.566886 0.636224 0.566886 0.636992 0.567982 0.636992 0.567982 0.636224
0 0.60307 0.632387 0.601974 0.633154 0.60307 0.633922
0 0.258772 0.603991 0.257675 0.604758 0.257675 0.605526 0.258772 0.606293 0.260965 0.606293 0.263158 0.604758 0.263158 0.603991
0 0.588816 0.602456 0.588816 0.604758 0.589912 0.605526 0.591009 0.605526 0.592105 0.606293 0.593202 0.605526 0.593202 0.603991 0.591009 0.602456
0 0.138158 0.600921 0.137061 0.601688 0.135965 0.601688 0.134868 0.602456 0.137061 0.602456 0.138158 0.601688
0 0.661184 0.596316 0.662281 0.597084 0.663377 0.597084 0.662281 0.596316
0 0.154605 0.590177 0.154605 0.590944 0.155702 0.591711 0.156798 0.591711 0.156798 0.590177
0 0.291667 0.587107 0.29057 0.587874 0.289474 0.587874 0.289474 0.588642 0.286184 0.590944 0.279605 0.590944 0.278509 0.591711 0.277412 0.591711 0.276316 0.592479 0.277412 0.593246 0.277412 0.594014 0.278509 0.594781 0.279605 0.594781 0.280702 0.595549 0.288377 0.595549 0.289474 0.594781 0.29057 0.594781 0.292763 0.593246 0.292763 0.592479 0.29386 0.591711 0.29386 0.587874 0.292763 0.587874
0 0.609649 0.584037 0.609649 0.585572 0.610746 0.586339 0.614035 0.586339 0.614035 0.585572 0.611842 0.584037
0 0.314693 0.577897 0.313596 0.578665 0.3125 0.578665 0.307018 0.582502 0.307018 0.583269 0.304825 0.584804 0.304825 0.585572 0.303728 0.586339 0.303728 0.587874 0.302632 0.588642 0.303728 0.589409 0.303728 0.590944 0.305921 0.592479 0.309211 0.592479 0.309211 0.591711 0.315789 0.587107 0.315789 0.586339 0.317982 0.584804 0.317982 0.583269 0.319079 0.582502 0.319079 0.5802 0.315789 0.577897
0 0.558114 0.566385 0.555921 0.56792 0.555921 0.573292 0.557018 0.573292 0.559211 0.574827 0.560307 0.574827 0.561404 0.57406 0.563596 0.57406 0.564693 0.573292 0.566886 0.573292 0.566886 0.570223 0.565789 0.569455 0.565789 0.568688 0.563596 0.567153 0.561404 0.567153 0.560307 0.566385
0 0.201754 0.566385 0.201754 0.568688 0.202851 0.568688 0.202851 0.566385
0 0.321272 0.557176 0.320175 0.557943 0.320175 0.558711 0.321272 0.559478 0.322368 0.559478 0.322368 0.557943
0 0.219298 0.549501 0.219298 0.551804 0.220395 0.552571 0.222588 0.552571 0.222588 0.551036 0.221491 0.550269 0.221491 0.549501
0 0.247807 0.543361 0.246711 0.544129 0.246711 0.544896 0.248904 0.544896 0.248904 0.544129
0 0.629386 0.541827 0.628289 0.542594 0.626096 0.542594 0.625 0.543361 0.621711 0.543361 0.622807 0.544129 0.628289 0.544129 0.629386 0.543361 0.630482 0.543361 0.631579 0.542594 0.631579 0.541827
0 0.196272 0.533384 0.195175 0.534152 0.194079 0.534152 0.194079 0.534919 0.192982 0.535687 0.191886 0.535687 0.191886 0.537222 0.192982 0.537222 0.195175 0.535687 0.196272 0.535687
0 0.365132 0.529547 0.364035 0.530315 0.364035 0.536454 0.361842 0.537989 0.359649 0.537989 0.357456 0.539524 0.35636 0.539524 0.355263 0.540292 0.355263 0.541059 0.354167 0.541827 0.354167 0.542594 0.35307 0.543361 0.35307 0.544896 0.351974 0.545664 0.351974 0.547199 0.350877 0.547966 0.350877 0.548734 0.349781 0.549501 0.349781 0.550269 0.348684 0.551036 0.348684 0.554873 0.347588 0.555641 0.347588 0.557176 0.346491 0.557943 0.346491 0.558711 0.345395 0.559478 0.345395 0.56485 0.346491 0.565618 0.346491 0.567153 0.347588 0.56792 0.347588 0.569455 0.348684 0.570223 0.348684 0.571757 0.349781 0.572525 0.349781 0.573292 0.350877 0.57406 0.350877 0.574827 0.351974 0.575595 0.351974 0.576362 0.354167 0.577897 0.354167 0.578665 0.358553 0.581734 0.359649 0.581734 0.360746 0.582502 0.362939 0.582502 0.366228 0.5802 0.366228 0.579432 0.365132 0.578665 0.365132 0.57713 0.366228 0.576362 0.366228 0.57406 0.367325 0.573292 0.367325 0.566385 0.368421 0.565618 0.368421 0.56485 0.367325 0.564083 0.367325 0.563315 0.366228 0.562548 0.366228 0.561013 0.365132 0.560246 0.365132 0.558711 0.364035 0.557943 0.364035 0.556408 0.362939 0.555641 0.362939 0.551036 0.364035 0.550269 0.364035 0.547966 0.365132 0.547199 0.365132 0.544896 0.366228 0.544129 0.366228 0.539524 0.365132 0.538757 0.365132 0.537989 0.366228 0.537222 0.368421 0.537222 0.370614 0.535687 0.370614 0.534152 0.371711 0.533384 0.371711 0.53185 0.370614 0.531082 0.370614 0.530315 0.369518 0.529547
0 0.292763 0.51957 0.291667 0.520338 0.289474 0.520338 0.288377 0.521105 0.287281 0.521105 0.286184 0.521873 0.285088 0.521873 0.285088 0.52264 0.283991 0.523408 0.283991 0.524175 0.282895 0.524942 0.282895 0.52878 0.283991 0.52878 0.285088 0.528012 0.286184 0.528012 0.291667 0.524175 0.291667 0.523408 0.292763 0.52264 0.292763 0.521105 0.29386 0.520338
0 0.358553 0.509593 0.358553 0.510361 0.359649 0.509593
0 0.16557 0.508058 0.164474 0.508826 0.164474 0.509593 0.16557 0.509593 0.166667 0.508826 0.167763 0.508826 0.167763 0.508058
0 0.528509 0.504221 0.526316 0.505756 0.524123 0.505756 0.523026 0.506523 0.52193 0.506523 0.520833 0.507291 0.519737 0.507291 0.519737 0.509593 0.520833 0.510361 0.520833 0.511896 0.52193 0.512663 0.523026 0.512663 0.524123 0.513431 0.526316 0.513431 0.530702 0.5165 0.532895 0.5165 0.532895 0.508826 0.530702 0.507291 0.530702 0.504221
0 0.175439 0.504221 0.175439 0.505756 0.176535 0.505756 0.176535 0.504221
0 0.678728 0.503454 0.680921 0.504988 0.682018 0.504988 0.682018 0.504221 0.680921 0.503454
0 0.541667 0.489639 0.54057 0.490407 0.538377 0.490407 0.538377 0.491174 0.536184 0.492709 0.536184 0.495779 0.537281 0.496546 0.537281 0.498849 0.538377 0.499616 0.538377 0.500384 0.539474 0.501151 0.539474 0.502686 0.541667 0.504221 0.542763 0.504221 0.544956 0.505756 0.547149 0.505756 0.548246 0.504988 0.549342 0.504988 0.551535 0.503454 0.551535 0.502686 0.552632 0.501919 0.552632 0.501151 0.554825 0.499616 0.554825 0.498081 0.555921 0.497314 0.555921 0.495012 0.554825 0.494244 0.554825 0.492709 0.553728 0.492709 0.550439 0.490407 0.548246 0.490407 0.547149 0.489639
0 0.137061 0.475825 0.135965 0.476592 0.134868 0.476592 0.145833 0.476592 0.14693 0.47736 0.152412 0.47736 0.153509 0.478127 0.154605 0.47736 0.154605 0.476592 0.151316 0.476592 0.150219 0.475825 0.149123 0.475825 0.148026 0.476592 0.145833 0.476592 0.144737 0.475825
0 0.458333 0.465848 0.458333 0.467383 0.457237 0.46815 0.457237 0.469685 0.45614 0.470453 0.45614 0.471988 0.452851 0.47429 0.452851 0.475058 0.449561 0.47736 0.449561 0.478127 0.447368 0.479662 0.447368 0.48043 0.446272 0.481197 0.446272 0.4835 0.445175 0.484267 0.445175 0.485802 0.446272 0.485802 0.447368 0.486569 0.447368 0.487337 0.453947 0.491942 0.455044 0.491942 0.45614 0.491174 0.45614 0.489639 0.457237 0.488872 0.457237 0.488104 0.458333 0.487337 0.458333 0.486569 0.461623 0.484267 0.461623 0.481197 0.460526 0.48043 0.460526 0.479662 0.45943 0.478895 0.45943 0.47736 0.458333 0.476592 0.458333 0.475825 0.457237 0.475058 0.457237 0.471988 0.458333 0.47122 0.458333 0.467383 0.45943 0.466616 0.45943 0.465848
0 0.201754 0.465081 0.202851 0.465848 0.202851 0.465081
0 0.679825 0.457406 0.679825 0.458941 0.680921 0.459708 0.682018 0.459708 0.682018 0.458941 0.680921 0.458173 0.680921 0.457406
0 0.428728 0.440522 0.427632 0.441289 0.425439 0.441289 0.425439 0.442057 0.424342 0.442824 0.423246 0.442824 0.422149 0.443592 0.41886 0.443592 0.416667 0.445127 0.416667 0.445894 0.413377 0.448196 0.413377 0.450499 0.412281 0.451266 0.412281 0.454336 0.411184 0.455104 0.411184 0.458941 0.412281 0.459708 0.412281 0.467383 0.413377 0.46815 0.413377 0.468918 0.412281 0.469685 0.412281 0.47122 0.413377 0.471988 0.413377 0.47429 0.414474 0.475058 0.414474 0.47736 0.41557 0.478127 0.41557 0.48043 0.416667 0.481197 0.416667 0.481965 0.41557 0.482732 0.417763 0.484267 0.417763 0.485035 0.425439 0.485035 0.432018 0.48043 0.432018 0.479662 0.439693 0.47429 0.439693 0.473523 0.441886 0.471988 0.441886 0.47122 0.442982 0.470453 0.442982 0.468918 0.444079 0.46815 0.444079 0.465848 0.442982 0.465081 0.442982 0.462778 0.444079 0.462011 0.444079 0.458173 0.445175 0.457406 0.445175 0.454336 0.446272 0.453569 0.446272 0.449731 0.447368 0.448964 0.447368 0.448196 0.441886 0.444359 0.441886 0.442824 0.438596 0.442824 0.436404 0.441289 0.435307 0.441289 0.434211 0.440522
0 0.200658 0.439754 0.198465 0.441289 0.198465 0.442057 0.197368 0.442824 0.195175 0.442824 0.196272 0.442824 0.197368 0.443592 0.199561 0.442057 0.199561 0.441289 0.200658 0.440522
0 0.208333 0.42594 0.20614 0.427475 0.20614 0.42901 0.207237 0.428243 0.207237 0.427475 0.208333 0.426708
0 0.16557 0.425173 0.16557 0.426708 0.166667 0.42594
0 0.230263 0.414428 0.230263 0.415196 0.23136 0.415196 0.23136 0.414428
0 0.254386 0.409823 0.252193 0.411358 0.252193 0.413661 0.253289 0.414428 0.253289 0.415196 0.254386 0.415196 0.255482 0.415963 0.257675 0.415963 0.257675 0.415196 0.258772 0.414428 0.258772 0.413661 0.257675 0.412893 0.257675 0.412126
0 0.241228 0.392172 0.240132 0.392939 0.240132 0.393707 0.241228 0.394474 0.242325 0.394474 0.242325 0.392939
0 0.240132 0.363776 0.240132 0.366078 0.242325 0.367613 0.243421 0.367613 0.244518 0.368381 0.245614 0.368381 0.245614 0.364543 0.244518 0.363776
0 0.26864 0.360706 0.267544 0.361474 0.266447 0.361474 0.265351 0.362241 0.264254 0.362241 0.264254 0.363008 0.263158 0.363776 0.263158 0.364543 0.262061 0.365311 0.262061 0.366078 0.263158 0.366078 0.264254 0.365311 0.264254 0.363008 0.266447 0.361474 0.269737 0.361474 0.269737 0.360706
0 0.27193 0.354566 0.27193 0.356101 0.273026 0.356869 0.273026 0.357636 0.274123 0.358404 0.276316 0.358404 0.276316 0.355334 0.275219 0.354566
0 0.565789 0.334612 0.564693 0.33538 0.563596 0.33538 0.5625 0.336147 0.559211 0.336147 0.555921 0.33845 0.557018 0.339217 0.559211 0.339217 0.560307 0.33845 0.5625 0.33845 0.563596 0.337682 0.564693 0.337682 0.567982 0.33538 0.566886 0.334612
0 0.466009 0.311589 0.45943 0.316193 0.45943 0.316961 0.458333 0.317728 0.458333 0.323101 0.45943 0.323868 0.45943 0.324635 0.462719 0.326938 0.463816 0.326938 0.464912 0.327705 0.466009 0.327705 0.467105 0.328473 0.472588 0.328473 0.473684 0.327705 0.473684 0.326938 0.474781 0.32617 0.474781 0.321566 0.473684 0.320798 0.473684 0.318496 0.472588 0.317728 0.472588 0.316961 0.471491 0.316193 0.471491 0.315426 0.470395 0.314658 0.470395 0.313124 0.468202 0.311589
0 0.723684 0.309286 0.723684 0.310054 0.725877 0.311589 0.725877 0.312356 0.726974 0.312356 0.72807 0.311589 0.730263 0.311589 0.730263 0.310821 0.725877 0.310821
0 0.736842 0.308519 0.736842 0.309286 0.739035 0.309286 0.737939 0.308519
0 0.721491 0.301612 0.720395 0.302379 0.720395 0.303147 0.719298 0.303914 0.719298 0.305449 0.720395 0.306216 0.720395 0.306984 0.721491 0.307751 0.722588 0.306984 0.721491 0.306216
0 0.474781 0.297774 0.473684 0.298542 0.473684 0.299309 0.474781 0.300077 0.474781 0.300844 0.475877 0.300844 0.476974 0.300077 0.476974 0.298542 0.475877 0.297774
0 0.482456 0.291635 0.482456 0.29317 0.483553 0.292402
0 0.700658 0.2901 0.699561 0.290867 0.699561 0.293937 0.700658 0.294705 0.700658 0.295472 0.702851 0.297007 0.703947 0.297007 0.70614 0.295472 0.70614 0.29317 0.705044 0.292402 0.705044 0.291635 0.703947 0.291635 0.701754 0.2901
0 0.472588 0.287797 0.472588 0.289332 0.473684 0.289332 0.473684 0.287797
0 0.309211 0.282425 0.308114 0.283193 0.309211 0.28396 0.309211 0.284728 0.308114 0.285495 0.305921 0.285495 0.305921 0.286262 0.307018 0.285495 0.310307 0.285495 0.310307 0.28396 0.309211 0.283193
0 0.4375 0.278588 0.4375 0.283193 0.438596 0.28396 0.438596 0.285495 0.439693 0.286262 0.439693 0.28703 0.440789 0.28703 0.442982 0.285495 0.442982 0.284728 0.444079 0.28396 0.444079 0.282425 0.442982 0.281658 0.442982 0.280123 0.441886 0.279355 0.441886 0.278588
0 0.323465 0.278588 0.324561 0.279355 0.324561 0.283193 0.321272 0.285495 0.320175 0.285495 0.319079 0.286262 0.319079 0.28703 0.322368 0.28703 0.325658 0.284728 0.325658 0.283193 0.326754 0.282425 0.326754 0.279355 0.325658 0.279355 0.324561 0.278588
0 0.248904 0.277053 0.248904 0.27782 0.25 0.278588 0.25 0.277053
0 0.544956 0.275518 0.54386 0.276285 0.54386 0.27782 0.544956 0.278588 0.548246 0.278588 0.549342 0.27782 0.549342 0.276285 0.548246 0.275518
0 0.327851 0.274751 0.325658 0.276285 0.326754 0.277053 0.328947 0.277053 0.328947 0.274751
0 0.461623 0.267843 0.460526 0.268611 0.460526 0.270146 0.45943 0.270913 0.45943 0.273216 0.458333 0.273983 0.458333 0.275518 0.45614 0.277053 0.45614 0.27782 0.455044 0.278588 0.455044 0.28396 0.45614 0.284728 0.45943 0.284728 0.461623 0.283193 0.461623 0.281658 0.462719 0.28089 0.462719 0.279355 0.464912 0.27782 0.464912 0.277053 0.466009 0.276285 0.466009 0.275518 0.467105 0.274751 0.467105 0.273983 0.468202 0.273216 0.468202 0.270913 0.466009 0.269378 0.466009 0.268611 0.464912 0.267843
0 0.313596 0.250192 0.313596 0.250959 0.314693 0.250959 0.315789 0.251727 0.316886 0.251727 0.316886 0.250959 0.315789 0.250192
0 0.546053 0.248657 0.544956 0.249424 0.544956 0.251727 0.54386 0.252494 0.54386 0.258634 0.542763 0.259401 0.542763 0.260936 0.547149 0.260936 0.548246 0.260169 0.549342 0.260169 0.550439 0.259401 0.551535 0.259401 0.552632 0.258634 0.552632 0.256332 0.551535 0.255564 0.549342 0.255564 0.548246 0.256332 0.546053 0.256332 0.544956 0.255564 0.544956 0.254029 0.546053 0.253262
0 0.341009 0.247122 0.341009 0.248657 0.342105 0.249424 0.343202 0.249424 0.343202 0.248657 0.342105 0.247889 0.342105 0.247122
0 0.712719 0.244052 0.711623 0.24482 0.711623 0.245587 0.712719 0.246355 0.714912 0.246355 0.716009 0.245587 0.716009 0.24482 0.714912 0.244052
0 0.547149 0.237913 0.546053 0.23868 0.546053 0.240215 0.547149 0.239447
0 0.683114 0.237145 0.680921 0.23868 0.680921 0.24175 0.684211 0.239447 0.684211 0.237145
0 0.365132 0.230238 0.365132 0.234075 0.366228 0.234843 0.366228 0.236378 0.368421 0.236378 0.369518 0.23561 0.369518 0.234843 0.370614 0.234075 0.370614 0.23254 0.369518 0.231773 0.369518 0.231005 0.368421 0.230238
0 0.533991 0.217959 0.533991 0.227168 0.536184 0.227168 0.537281 0.226401 0.537281 0.224098 0.538377 0.223331 0.538377 0.218726 0.536184 0.218726 0.535088 0.217959
0 0.372807 0.214121 0.371711 0.214889 0.371711 0.216424 0.372807 0.217191 0.372807 0.216424 0.373904 0.215656 0.373904 0.214121
0 0.537281 0.207982 0.537281 0.208749 0.536184 0.209517 0.536184 0.211819 0.537281 0.212586 0.54057 0.212586 0.544956 0.215656 0.544956 0.217191 0.546053 0.217959 0.546053 0.218726 0.547149 0.218726 0.547149 0.217959 0.548246 0.217191 0.548246 0.215656 0.542763 0.211819 0.542763 0.211051 0.541667 0.210284 0.541667 0.209517 0.539474 0.207982
0 0.684211 0.198005 0.684211 0.198772 0.685307 0.198772 0.685307 0.198005
0 0.449561 0.198005 0.449561 0.201842 0.450658 0.202609 0.450658 0.207214 0.451754 0.207982 0.451754 0.208749 0.451754 0.203377 0.450658 0.202609 0.450658 0.200307 0.449561 0.19954
0 0.343202 0.1934 0.343202 0.194935 0.344298 0.194935 0.344298 0.194167
0 0.414474 0.18726 0.413377 0.188028 0.412281 0.188028 0.411184 0.188795 0.411184 0.191865 0.412281 0.192632 0.412281 0.1934 0.412281 0.19033 0.413377 0.189563 0.413377 0.188795 0.414474 0.188028
0 0.419956 0.178051 0.41886 0.178818 0.41886 0.183423 0.41886 0.182655 0.419956 0.181888
0 0.678728 0.144282 0.677632 0.14505 0.677632 0.145817 0.678728 0.14505 0.679825 0.145817 0.679825 0.146585 0.680921 0.145817 0.680921 0.144282
0 0.672149 0.13584 0.672149 0.137375 0.673246 0.137375 0.673246 0.13584
0 0.716009 0.134305 0.714912 0.135073 0.710526 0.135073 0.711623 0.13584 0.712719 0.135073 0.716009 0.135073 0.717105 0.134305
0 0.666667 0.118956 0.66886 0.120491 0.671053 0.120491 0.669956 0.119724 0.66886 0.119724 0.667763 0.118956
0 0.64693 0.109747 0.645833 0.110514 0.645833 0.111282 0.644737 0.112049 0.644737 0.112817 0.645833 0.113584 0.645833 0.112817 0.64693 0.112049
0 0.658991 0.107444 0.658991 0.108212 0.660088 0.108979 0.660088 0.108212
0 0.588816 0.0959325 0.587719 0.0966999 0.587719 0.0997698 0.587719 0.0990023 0.588816 0.0982348
0 0.616228 0.085188 0.615132 0.0859555 0.615132 0.0867229 0.612939 0.0882579 0.612939 0.0890253 0.614035 0.0890253 0.615132 0.0882579 0.615132 0.0874904 0.616228 0.0867229 0.616228 0.0859555 0.617325 0.085188
