0 0.269737 0.843438 0.26864 0.844206 0.26864 0.845741 0.267544 0.846508 0.266447 0.845741 0.266447 0.846508 0.26864 0.846508 0.269737 0.845741
0 0.332237 0.841903 0.332237 0.842671 0.33443 0.842671 0.333333 0.842671
0 0.389254 0.836531 0.389254 0.837299 0.390351 0.838066 0.390351 0.837299
0 0.367325 0.811205 0.367325 0.811972 0.368421 0.811972 0.368421 0.811205
0 0.434211 0.8066 0.433114 0.807368 0.430921 0.807368 0.429825 0.808135 0.432018 0.808135 0.433114 0.807368 0.436404 0.807368 0.439693 0.80967 0.439693 0.808903 0.438596 0.808135 0.4375 0.808135 0.436404 0.807368 0.435307 0.807368
0 0.183114 0.793553 0.180921 0.795088 0.180921 0.795856 0.184211 0.793553
0 0.192982 0.788949 0.192982 0.789716 0.195175 0.789716 0.195175 0.788949
0 0.361842 0.766692 0.360746 0.76746 0.359649 0.76746 0.357456 0.768995 0.355263 0.768995 0.350877 0.772064 0.350877 0.772832 0.349781 0.773599 0.349781 0.778972 0.350877 0.778972 0.35307 0.780507 0.35307 0.781274 0.351974 0.782041 0.35307 0.782809 0.351974 0.783576 0.351974 0.785111 0.350877 0.785879 0.350877 0.786646 0.349781 0.787414 0.348684 0.787414 0.347588 0.788181 0.347588 0.788949 0.351974 0.788949 0.35307 0.788181 0.354167 0.788181 0.355263 0.787414 0.355263 0.786646 0.35636 0.785879 0.35636 0.785111 0.357456 0.784344 0.357456 0.774367 0.359649 0.772832 0.360746 0.772832 0.364035 0.77053 0.364035 0.766692
0 0.151316 0.755948 0.151316 0.756715 0.152412 0.756715 0.153509 0.755948
0 0.430921 0.743668 0.433114 0.745203 0.433114 0.745971 0.436404 0.748273 0.436404 0.749041 0.4375 0.749808 0.4375 0.750576 0.438596 0.751343 0.438596 0.750576 0.4375 0.749808 0.4375 0.749041 0.436404 0.748273 0.436404 0.746738 0.435307 0.745971 0.435307 0.745203 0.434211 0.744436 0.434211 0.743668
0 0.408991 0.731389 0.407895 0.732157 0.405702 0.732157 0.403509 0.733691 0.403509 0.737529 0.401316 0.739064 0.399123 0.739064 0.39693 0.740599 0.39693 0.742134 0.395833 0.742901 0.395833 0.743668 0.394737 0.744436 0.39364 0.744436 0.392544 0.745203 0.391447 0.745203 0.390351 0.745971 0.390351 0.747506 0.389254 0.748273 0.389254 0.749041 0.388158 0.749808 0.388158 0.752878 0.389254 0.753645 0.388158 0.754413 0.388158 0.75518 0.389254 0.755948 0.389254 0.756715 0.390351 0.756715 0.391447 0.755948 0.39364 0.755948 0.39364 0.75518 0.394737 0.754413 0.394737 0.753645 0.39693 0.752111 0.400219 0.752111 0.401316 0.751343 0.401316 0.749041 0.402412 0.748273 0.402412 0.747506 0.403509 0.746738 0.404605 0.746738 0.405702 0.745971 0.405702 0.742901 0.406798 0.742134 0.406798 0.739064 0.407895 0.738296 0.408991 0.738296 0.408991 0.736761 0.410088 0.735994 0.410088 0.731389
0 0.423246 0.729087 0.422149 0.729854 0.422149 0.731389 0.421053 0.732157 0.421053 0.732924 0.419956 0.733691 0.419956 0.734459 0.422149 0.734459 0.424342 0.732924 0.424342 0.729087
0 0.520833 0.727552 0.520833 0.728319 0.52193 0.728319 0.52193 0.727552
0 0.413377 0.726017 0.411184 0.727552 0.412281 0.727552 0.414474 0.726017 0.41557 0.726017
0 0.200658 0.722947 0.198465 0.724482 0.198465 0.725249 0.197368 0.726017 0.197368 0.726784 0.200658 0.724482 0.200658 0.723715 0.201754 0.722947
0 0.494518 0.720645 0.494518 0.721412 0.493421 0.72218 0.493421 0.722947 0.494518 0.723715 0.498904 0.723715 0.498904 0.722947 0.5 0.72218 0.5 0.721412 0.498904 0.720645
0 0.267544 0.712203 0.266447 0.71297 0.265351 0.71297 0.263158 0.714505 0.263158 0.715272 0.262061 0.71604 0.262061 0.721412 0.263158 0.721412 0.264254 0.720645 0.265351 0.720645 0.266447 0.719877 0.267544 0.719877 0.267544 0.71911 0.26864 0.718342 0.26864 0.716807 0.269737 0.71604 0.269737 0.71297 0.26864 0.71297
0 0.258772 0.695318 0.257675 0.696086 0.257675 0.696853 0.258772 0.697621 0.258772 0.698388 0.260965 0.699923 0.263158 0.699923 0.263158 0.698388
0 0.286184 0.694551 0.283991 0.696086 0.283991 0.698388 0.285088 0.699156 0.285088 0.699923 0.286184 0.700691 0.286184 0.701458 0.287281 0.702226 0.288377 0.702226 0.289474 0.701458 0.289474 0.700691 0.29057 0.699923 0.29057 0.699156 0.291667 0.698388 0.291667 0.697621 0.29057 0.696853 0.29057 0.696086 0.289474 0.696086 0.287281 0.694551
0 0.229167 0.678434 0.22807 0.679202 0.229167 0.679202 0.230263 0.678434 0.23136 0.679202 0.232456 0.679202 0.23136 0.678434
0 0.432018 0.674597 0.430921 0.675365 0.429825 0.675365 0.429825 0.678434 0.428728 0.679202 0.428728 0.679969 0.429825 0.680737 0.429825 0.681504 0.428728 0.682272 0.428728 0.684574 0.427632 0.685342 0.427632 0.686109 0.428728 0.686876 0.428728 0.691481 0.429825 0.692249 0.429825 0.693784 0.430921 0.694551 0.433114 0.694551 0.4375 0.691481 0.4375 0.689179 0.438596 0.688411 0.438596 0.686876 0.439693 0.686109 0.439693 0.679969 0.438596 0.679202 0.438596 0.676899 0.4375 0.676132 0.4375 0.674597
0 0.535088 0.669992 0.535088 0.671527 0.533991 0.672295 0.533991 0.674597 0.535088 0.675365 0.535088 0.676899 0.537281 0.678434 0.539474 0.678434 0.54057 0.677667 0.54057 0.676899 0.541667 0.676132 0.541667 0.672295 0.54057 0.671527 0.54057 0.67076 0.539474 0.669992
0 0.270833 0.669225 0.26864 0.67076 0.26864 0.671527 0.267544 0.672295 0.267544 0.675365 0.26864 0.676132 0.270833 0.676132 0.270833 0.675365 0.273026 0.67383 0.273026 0.669992 0.27193 0.669225
0 0.266447 0.663853 0.265351 0.66462 0.265351 0.665388 0.267544 0.665388 0.267544 0.66462
0 0.247807 0.654643 0.247807 0.655411 0.248904 0.655411 0.248904 0.654643
0 0.191886 0.646969 0.191886 0.647736 0.192982 0.647736 0.192982 0.646969
0 0.574561 0.636992 0.574561 0.637759 0.575658 0.637759 0.575658 0.636992
0 0.599781 0.62548 0.599781 0.626247 0.600877 0.627015 0.600877 0.627782 0.599781 0.62855 0.599781 0.629317 0.60307 0.631619 0.60307 0.630084 0.601974 0.629317 0.601974 0.62855 0.600877 0.627782 0.600877 0.62548
0 0.265351 0.603991 0.265351 0.607828 0.266447 0.608596 0.26864 0.607061 0.26864 0.606293 0.267544 0.605526 0.267544 0.604758 0.266447 0.603991
0 0.260965 0.598619 0.260965 0.600153 0.262061 0.600153 0.262061 0.599386
0 0.651316 0.595549 0.652412 0.596316 0.653509 0.596316 0.652412 0.595549
0 0.685307 0.589409 0.685307 0.590177 0.686404 0.590177 0.686404 0.589409
0 0.161184 0.589409 0.160088 0.590177 0.160088 0.590944 0.156798 0.593246 0.157895 0.593246 0.158991 0.592479 0.161184 0.592479 0.162281 0.591711 0.163377 0.591711 0.164474 0.590944 0.162281 0.589409
0 0.278509 0.587107 0.277412 0.587874 0.277412 0.589409 0.279605 0.589409 0.280702 0.588642 0.280702 0.587874 0.279605 0.587107
0 0.609649 0.581734 0.608553 0.582502 0.607456 0.582502 0.60636 0.583269 0.60636 0.584037 0.608553 0.585572 0.609649 0.584804 0.610746 0.584804 0.611842 0.584037 0.611842 0.583269
0 0.196272 0.580967 0.197368 0.581734 0.197368 0.580967
0 0.576754 0.574827 0.575658 0.575595 0.575658 0.576362 0.576754 0.57713 0.576754 0.577897 0.578947 0.579432 0.578947 0.5802 0.580044 0.580967 0.58114 0.580967 0.582237 0.581734 0.58443 0.581734 0.585526 0.582502 0.586623 0.582502 0.587719 0.583269 0.591009 0.583269 0.591009 0.580967 0.589912 0.5802 0.588816 0.5802 0.585526 0.577897 0.58443 0.577897 0.583333 0.57713 0.582237 0.57713 0.580044 0.575595 0.578947 0.575595 0.577851 0.574827
0 0.552632 0.56792 0.549342 0.570223 0.549342 0.57099 0.551535 0.572525 0.551535 0.573292 0.552632 0.573292 0.555921 0.575595 0.557018 0.575595 0.558114 0.576362 0.561404 0.576362 0.561404 0.575595 0.5625 0.574827 0.5625 0.573292 0.561404 0.572525 0.561404 0.57099 0.557018 0.56792
0 0.311404 0.565618 0.310307 0.566385 0.309211 0.566385 0.304825 0.569455 0.304825 0.570223 0.303728 0.57099 0.303728 0.571757 0.302632 0.572525 0.302632 0.57406 0.301535 0.574827 0.301535 0.576362 0.300439 0.57713 0.300439 0.5802 0.301535 0.5802 0.301535 0.579432 0.304825 0.57713 0.305921 0.57713 0.3125 0.572525 0.3125 0.571757 0.313596 0.57099 0.314693 0.57099 0.314693 0.570223 0.315789 0.569455 0.316886 0.569455 0.317982 0.568688 0.320175 0.570223 0.320175 0.57099 0.322368 0.572525 0.322368 0.573292 0.320175 0.574827 0.317982 0.574827 0.314693 0.57713 0.314693 0.577897 0.313596 0.578665 0.313596 0.581734 0.3125 0.582502 0.313596 0.583269 0.313596 0.584804 0.314693 0.585572 0.320175 0.585572 0.324561 0.582502 0.324561 0.581734 0.325658 0.580967 0.325658 0.57406 0.324561 0.573292 0.325658 0.572525 0.324561 0.571757 0.324561 0.57099 0.323465 0.570223 0.323465 0.569455 0.317982 0.565618
0 0.324561 0.553338 0.323465 0.554106 0.323465 0.554873 0.325658 0.554873 0.325658 0.553338
0 0.357456 0.550269 0.35636 0.551036 0.355263 0.551036 0.355263 0.551804 0.35307 0.553338 0.351974 0.553338 0.350877 0.554106 0.350877 0.556408 0.349781 0.557176 0.349781 0.558711 0.348684 0.559478 0.348684 0.564083 0.347588 0.56485 0.347588 0.569455 0.348684 0.570223 0.348684 0.572525 0.349781 0.573292 0.349781 0.575595 0.350877 0.576362 0.350877 0.577897 0.351974 0.578665 0.351974 0.579432 0.35307 0.5802 0.35307 0.580967 0.358553 0.584804 0.364035 0.584804 0.366228 0.583269 0.366228 0.580967 0.367325 0.5802 0.367325 0.577897 0.368421 0.57713 0.368421 0.567153 0.367325 0.566385 0.367325 0.561013 0.366228 0.560246 0.366228 0.554873 0.365132 0.554106 0.365132 0.552571 0.364035 0.552571 0.362939 0.551804 0.361842 0.551804 0.360746 0.551036 0.359649 0.551036 0.358553 0.550269
0 0.244518 0.545664 0.243421 0.546431 0.244518 0.547199 0.245614 0.547199 0.245614 0.546431
0 0.224781 0.544896 0.223684 0.545664 0.222588 0.545664 0.222588 0.546431 0.223684 0.547199 0.223684 0.547966 0.225877 0.547966 0.225877 0.545664
0 0.375 0.526477 0.371711 0.52878 0.370614 0.52878 0.370614 0.529547 0.369518 0.530315 0.369518 0.532617 0.370614 0.533384 0.371711 0.533384 0.372807 0.534152 0.375 0.534152 0.377193 0.532617 0.377193 0.53185 0.378289 0.531082 0.378289 0.527245 0.377193 0.526477
0 0.20614 0.52571 0.205044 0.526477 0.205044 0.528012 0.208333 0.528012 0.208333 0.527245 0.207237 0.526477 0.207237 0.52571
0 0.650219 0.524175 0.651316 0.524942 0.653509 0.524942 0.654605 0.52571 0.654605 0.524942 0.653509 0.524942 0.652412 0.524175
0 0.51864 0.510361 0.51864 0.513431 0.519737 0.514198 0.519737 0.515733 0.520833 0.5165 0.520833 0.518035 0.52193 0.518035 0.523026 0.518803 0.524123 0.518803 0.525219 0.51957 0.526316 0.518803 0.527412 0.51957 0.529605 0.51957 0.530702 0.520338 0.530702 0.5165 0.529605 0.515733 0.529605 0.514965 0.528509 0.514198 0.528509 0.512663 0.525219 0.510361
0 0.191886 0.502686 0.190789 0.503454 0.1875 0.503454 0.185307 0.504988 0.186404 0.505756 0.191886 0.505756 0.192982 0.506523 0.192982 0.507291 0.191886 0.508058 0.191886 0.508826 0.192982 0.508058 0.192982 0.506523 0.194079 0.505756 0.194079 0.504221 0.195175 0.503454 0.194079 0.503454 0.192982 0.502686
0 0.664474 0.500384 0.664474 0.501151 0.66557 0.501919 0.666667 0.501919 0.667763 0.502686 0.669956 0.502686 0.671053 0.503454 0.672149 0.503454 0.675439 0.505756 0.676535 0.505756 0.678728 0.507291 0.679825 0.507291 0.676535 0.504988 0.675439 0.504988 0.673246 0.503454 0.673246 0.502686 0.672149 0.501919 0.671053 0.501919 0.669956 0.501151 0.667763 0.501151 0.666667 0.500384
0 0.325658 0.495779 0.324561 0.496546 0.323465 0.496546 0.323465 0.497314 0.322368 0.498081 0.321272 0.498081 0.321272 0.498849 0.320175 0.499616 0.320175 0.500384 0.319079 0.501151 0.319079 0.501919 0.315789 0.504221 0.315789 0.507291 0.316886 0.507291 0.317982 0.506523 0.319079 0.506523 0.323465 0.503454 0.324561 0.503454 0.326754 0.501919 0.327851 0.501919 0.328947 0.501151 0.330044 0.501151 0.33114 0.500384 0.333333 0.500384 0.33443 0.499616 0.335526 0.499616 0.336623 0.498849 0.336623 0.498081 0.335526 0.497314 0.332237 0.497314 0.33114 0.496546 0.330044 0.496546 0.328947 0.495779
0 0.346491 0.495012 0.346491 0.495779 0.347588 0.495779
0 0.539474 0.493477 0.538377 0.494244 0.535088 0.494244 0.533991 0.495012 0.533991 0.498081 0.532895 0.498849 0.533991 0.499616 0.533991 0.500384 0.535088 0.501151 0.535088 0.502686 0.536184 0.503454 0.536184 0.504988 0.538377 0.506523 0.538377 0.508058 0.54057 0.509593 0.541667 0.509593 0.542763 0.510361 0.546053 0.510361 0.550439 0.507291 0.550439 0.506523 0.551535 0.505756 0.551535 0.503454 0.552632 0.502686 0.552632 0.498849 0.550439 0.497314 0.550439 0.496546 0.548246 0.495012 0.547149 0.495012 0.546053 0.494244 0.54386 0.494244 0.542763 0.493477
0 0.163377 0.476592 0.163377 0.47736 0.164474 0.47736 0.164474 0.476592
0 0.207237 0.465848 0.207237 0.466616 0.208333 0.467383 0.20943 0.467383 0.210526 0.466616 0.210526 0.465848
0 0.680921 0.465081 0.679825 0.465848 0.679825 0.46815 0.680921 0.46815 0.680921 0.466616 0.682018 0.465848 0.682018 0.465081
0 0.432018 0.445127 0.430921 0.445894 0.428728 0.445894 0.427632 0.446662 0.425439 0.446662 0.41886 0.451266 0.41886 0.452801 0.417763 0.453569 0.417763 0.454336 0.41557 0.455871 0.41557 0.456639 0.414474 0.457406 0.414474 0.460476 0.413377 0.461243 0.413377 0.466616 0.412281 0.467383 0.413377 0.46815 0.413377 0.476592 0.414474 0.47736 0.414474 0.479662 0.413377 0.48043 0.413377 0.485035 0.412281 0.485802 0.412281 0.488872 0.413377 0.489639 0.413377 0.490407 0.414474 0.491174 0.414474 0.493477 0.41557 0.494244 0.419956 0.494244 0.421053 0.493477 0.424342 0.493477 0.425439 0.492709 0.432018 0.492709 0.433114 0.493477 0.435307 0.493477 0.436404 0.494244 0.440789 0.494244 0.441886 0.493477 0.450658 0.493477 0.452851 0.491942 0.453947 0.491942 0.455044 0.491174 0.455044 0.490407 0.458333 0.488104 0.458333 0.486569 0.45943 0.485802 0.45943 0.485035 0.460526 0.484267 0.460526 0.481197 0.45943 0.48043 0.45943 0.472755 0.458333 0.471988 0.45614 0.471988 0.451754 0.475058 0.450658 0.475058 0.448465 0.476592 0.447368 0.476592 0.446272 0.47736 0.445175 0.47736 0.444079 0.478127 0.438596 0.478127 0.4375 0.47736 0.4375 0.476592 0.438596 0.475825 0.438596 0.472755 0.439693 0.471988 0.439693 0.470453 0.441886 0.468918 0.441886 0.465081 0.442982 0.464313 0.442982 0.463546 0.441886 0.462778 0.442982 0.462011 0.442982 0.451266 0.441886 0.450499 0.441886 0.448964 0.440789 0.448196 0.440789 0.447429 0.439693 0.447429 0.438596 0.446662 0.436404 0.446662 0.435307 0.445894 0.433114 0.445894
0 0.153509 0.437452 0.152412 0.438219 0.151316 0.438219 0.150219 0.438987 0.149123 0.438987 0.148026 0.439754 0.148026 0.441289 0.149123 0.440522 0.150219 0.440522 0.151316 0.439754 0.152412 0.439754 0.154605 0.438219 0.155702 0.438219 0.154605 0.437452
0 0.166667 0.42594 0.166667 0.427475 0.16886 0.42901 0.169956 0.428243 0.169956 0.427475 0.16886 0.426708 0.16886 0.42594
0 0.210526 0.424405 0.20943 0.425173 0.210526 0.42594
0 0.23136 0.416731 0.23136 0.417498 0.232456 0.417498 0.232456 0.416731
0 0.255482 0.412126 0.255482 0.415196 0.256579 0.415963 0.256579 0.416731 0.257675 0.417498 0.257675 0.4198 0.258772 0.4198 0.259868 0.420568 0.262061 0.419033 0.262061 0.418266 0.263158 0.417498 0.263158 0.414428 0.262061 0.413661 0.262061 0.412893 0.260965 0.412126
0 0.702851 0.403684 0.702851 0.405219 0.703947 0.405219 0.703947 0.404451
0 0.240132 0.390637 0.240132 0.392172 0.241228 0.392939 0.243421 0.392939 0.243421 0.392172 0.242325 0.391404 0.242325 0.390637
0 0.246711 0.369148 0.245614 0.369916 0.244518 0.369916 0.244518 0.372218 0.246711 0.373753 0.247807 0.373753 0.248904 0.37452 0.25 0.373753 0.251096 0.373753 0.251096 0.37145 0.247807 0.369148
0 0.246711 0.359939 0.245614 0.360706 0.246711 0.361474 0.247807 0.361474 0.247807 0.360706
0 0.27193 0.356869 0.269737 0.358404 0.269737 0.359939 0.270833 0.359939 0.27193 0.360706 0.273026 0.359939 0.274123 0.359939 0.274123 0.356869
0 0.468202 0.316961 0.464912 0.319263 0.464912 0.320798 0.462719 0.322333 0.462719 0.326938 0.463816 0.327705 0.463816 0.32924 0.464912 0.330008 0.464912 0.330775 0.466009 0.331543 0.466009 0.33231 0.473684 0.33231 0.475877 0.330775 0.474781 0.330008 0.474781 0.323101 0.473684 0.322333 0.473684 0.319263 0.472588 0.318496 0.472588 0.317728 0.471491 0.316961
0 0.472588 0.300077 0.472588 0.302379 0.474781 0.303914 0.476974 0.303914 0.476974 0.302379 0.475877 0.301612 0.475877 0.300844 0.474781 0.300844 0.473684 0.300077
0 0.47807 0.297007 0.47807 0.297774 0.479167 0.297774
0 0.716009 0.296239 0.716009 0.297007 0.717105 0.297007 0.718202 0.297774 0.720395 0.297774 0.718202 0.296239
0 0.467105 0.288565 0.467105 0.289332 0.468202 0.289332 0.468202 0.288565
0 0.717105 0.285495 0.716009 0.286262 0.714912 0.286262 0.714912 0.28703 0.713816 0.287797 0.713816 0.288565 0.712719 0.289332 0.712719 0.292402 0.713816 0.292402 0.714912 0.291635 0.714912 0.290867 0.717105 0.289332 0.717105 0.288565 0.720395 0.286262 0.720395 0.285495
0 0.466009 0.283193 0.467105 0.28396 0.467105 0.284728 0.468202 0.285495 0.468202 0.284728 0.467105 0.28396 0.467105 0.283193
0 0.54057 0.280123 0.539474 0.28089 0.538377 0.28089 0.538377 0.282425 0.537281 0.283193 0.537281 0.28396 0.539474 0.285495 0.54057 0.285495 0.542763 0.28396 0.542763 0.28089 0.541667 0.280123
0 0.248904 0.280123 0.248904 0.281658 0.25 0.282425 0.251096 0.281658 0.251096 0.280123
0 0.641447 0.273983 0.640351 0.274751 0.641447 0.275518 0.640351 0.276285 0.641447 0.277053 0.641447 0.27782 0.64364 0.27782 0.644737 0.277053 0.644737 0.275518 0.642544 0.273983
0 0.509868 0.270913 0.509868 0.272448 0.507675 0.273983 0.507675 0.275518 0.506579 0.276285 0.506579 0.279355 0.505482 0.280123 0.505482 0.28089 0.504386 0.281658 0.504386 0.283193 0.503289 0.28396 0.503289 0.284728 0.502193 0.285495 0.502193 0.286262 0.501096 0.28703 0.501096 0.291635 0.502193 0.292402 0.504386 0.292402 0.505482 0.291635 0.507675 0.291635 0.508772 0.290867 0.509868 0.290867 0.509868 0.2901 0.513158 0.287797 0.513158 0.28703 0.515351 0.285495 0.515351 0.281658 0.516447 0.28089 0.516447 0.274751 0.515351 0.273983 0.515351 0.272448 0.513158 0.270913
0 0.457237 0.264006 0.455044 0.265541 0.455044 0.266309 0.45614 0.267076 0.45614 0.267843 0.457237 0.268611 0.458333 0.268611 0.45943 0.269378 0.460526 0.269378 0.461623 0.268611 0.461623 0.267843 0.462719 0.267076 0.462719 0.266309 0.461623 0.265541 0.460526 0.265541 0.458333 0.264006
0 0.635965 0.260169 0.634868 0.260936 0.633772 0.260936 0.634868 0.261704 0.635965 0.260936 0.637061 0.260936 0.637061 0.260169
0 0.544956 0.259401 0.544956 0.260169 0.54386 0.260936 0.54386 0.261704 0.542763 0.262471 0.542763 0.263239 0.541667 0.264006 0.541667 0.265541 0.54057 0.266309 0.54057 0.267843 0.539474 0.268611 0.539474 0.270146 0.54057 0.270146 0.544956 0.267076 0.544956 0.266309 0.547149 0.264774 0.547149 0.264006 0.548246 0.263239 0.548246 0.262471 0.547149 0.261704 0.547149 0.260169 0.546053 0.259401
0 0.429825 0.257866 0.429825 0.258634 0.428728 0.259401 0.428728 0.263239 0.429825 0.264006 0.429825 0.268611 0.430921 0.269378 0.430921 0.271681 0.432018 0.272448 0.432018 0.273983 0.433114 0.274751 0.433114 0.275518 0.434211 0.276285 0.434211 0.277053 0.438596 0.280123 0.439693 0.280123 0.439693 0.279355 0.440789 0.278588 0.440789 0.273983 0.439693 0.273216 0.439693 0.271681 0.438596 0.270913 0.438596 0.269378 0.4375 0.268611 0.4375 0.267076 0.436404 0.266309 0.436404 0.264774 0.435307 0.264006 0.435307 0.263239 0.434211 0.262471 0.434211 0.260936
0 0.277412 0.256332 0.278509 0.257099 0.278509 0.258634 0.279605 0.259401 0.279605 0.257866 0.278509 0.257099 0.278509 0.256332
0 0.338816 0.252494 0.337719 0.253262 0.338816 0.253262 0.339912 0.254029 0.341009 0.253262 0.341009 0.252494
0 0.323465 0.252494 0.323465 0.253262 0.324561 0.253262 0.325658 0.254029 0.325658 0.253262 0.324561 0.252494
0 0.530702 0.248657 0.530702 0.249424 0.529605 0.250192 0.529605 0.253262 0.528509 0.254029 0.528509 0.261704 0.527412 0.262471 0.527412 0.264774 0.526316 0.265541 0.527412 0.266309 0.527412 0.271681 0.526316 0.272448 0.526316 0.277053 0.525219 0.27782 0.525219 0.279355 0.526316 0.280123 0.526316 0.281658 0.528509 0.281658 0.528509 0.28089 0.529605 0.280123 0.529605 0.278588 0.530702 0.27782 0.530702 0.276285 0.531798 0.275518 0.531798 0.273983 0.530702 0.273216 0.530702 0.270913 0.531798 0.270146 0.531798 0.269378 0.532895 0.268611 0.532895 0.265541 0.531798 0.264774 0.531798 0.261704 0.530702 0.260936 0.530702 0.260169 0.531798 0.259401 0.531798 0.256332 0.532895 0.255564 0.531798 0.254797 0.531798 0.249424
0 0.701754 0.247889 0.700658 0.248657 0.700658 0.250192 0.703947 0.250192 0.703947 0.249424 0.705044 0.248657 0.703947 0.247889
0 0.676535 0.24482 0.675439 0.245587 0.675439 0.246355 0.676535 0.247122 0.677632 0.247122 0.677632 0.246355 0.678728 0.245587 0.677632 0.24482
0 0.452851 0.23868 0.451754 0.239447 0.451754 0.240215 0.452851 0.240982 0.453947 0.240982 0.453947 0.239447
0 0.548246 0.237913 0.547149 0.23868 0.547149 0.240215 0.546053 0.240982 0.547149 0.240215 0.547149 0.239447 0.548246 0.23868
0 0.345395 0.224866 0.345395 0.227168 0.346491 0.227936 0.346491 0.228703 0.346491 0.225633
0 0.341009 0.220261 0.339912 0.221028 0.337719 0.221028 0.338816 0.221028 0.339912 0.221796 0.341009 0.221796 0.342105 0.222563 0.343202 0.222563 0.341009 0.221028
0 0.539474 0.217959 0.538377 0.218726 0.537281 0.218726 0.536184 0.219493 0.536184 0.221796 0.535088 0.222563 0.535088 0.223331 0.536184 0.224098 0.535088 0.224866 0.536184 0.225633 0.536184 0.227168 0.538377 0.227168 0.539474 0.226401 0.539474 0.223331 0.54057 0.222563 0.539474 0.221796 0.54057 0.221028 0.54057 0.217959
0 0.313596 0.207214 0.313596 0.207982 0.3125 0.208749 0.3125 0.210284 0.313596 0.211051 0.313596 0.211819 0.314693 0.212586 0.314693 0.210284 0.313596 0.209517
0 0.370614 0.206447 0.370614 0.208749 0.369518 0.209517 0.369518 0.211051 0.368421 0.211819 0.368421 0.216424 0.366228 0.217959 0.366228 0.219493 0.365132 0.220261 0.365132 0.221028 0.364035 0.221796 0.364035 0.223331 0.361842 0.224866 0.361842 0.225633 0.360746 0.226401 0.359649 0.226401 0.359649 0.227168 0.362939 0.22947 0.364035 0.22947 0.365132 0.230238 0.366228 0.230238 0.367325 0.22947 0.367325 0.227168 0.366228 0.226401 0.366228 0.225633 0.365132 0.224866 0.367325 0.223331 0.367325 0.221796 0.369518 0.220261 0.369518 0.214889 0.370614 0.214121 0.370614 0.210284 0.371711 0.209517 0.371711 0.207214
0 0.41557 0.204144 0.41557 0.205679 0.416667 0.205679 0.416667 0.204144
0 0.673246 0.203377 0.673246 0.204144 0.675439 0.204144 0.675439 0.203377
0 0.539474 0.201842 0.539474 0.207214 0.54057 0.207982 0.541667 0.207982 0.541667 0.207214 0.542763 0.206447 0.542763 0.202609 0.541667 0.201842
0 0.348684 0.201842 0.348684 0.204144 0.349781 0.204912 0.350877 0.204912 0.350877 0.204144 0.349781 0.203377 0.349781 0.202609
0 0.604167 0.18726 0.60307 0.188028 0.601974 0.188028 0.601974 0.188795 0.60307 0.188795 0.604167 0.188028
0 0.587719 0.166539 0.587719 0.167306 0.588816 0.168074 0.588816 0.168841 0.588816 0.167306
0 0.669956 0.141213 0.669956 0.14505 0.672149 0.146585 0.673246 0.146585 0.673246 0.14505 0.672149 0.144282 0.672149 0.14198 0.671053 0.141213
0 0.513158 0.122794 0.513158 0.123561 0.514254 0.124328 0.515351 0.124328 0.515351 0.123561 0.514254 0.122794
0 0.585526 0.108979 0.585526 0.111282 0.58443 0.112049 0.585526 0.112817 0.585526 0.115886 0.586623 0.116654 0.586623 0.118956 0.587719 0.119724 0.587719 0.117421 0.586623 0.116654 0.586623 0.111282 0.585526 0.110514
0 0.642544 0.107444 0.64364 0.108212 0.64364 0.110514 0.64693 0.110514 0.64693 0.109747 0.648026 0.108979 0.64693 0.108212 0.645833 0.108212 0.644737 0.107444
0 0.601974 0.103607 0.598684 0.105909 0.598684 0.106677 0.597588 0.107444 0.597588 0.108212 0.596491 0.108979 0.597588 0.109747 0.598684 0.109747 0.599781 0.108979 0.599781 0.105909 0.601974 0.104375
