0 0.260965 0.848043 0.260965 0.849578 0.262061 0.849578 0.262061 0.84881
0 0.365132 0.825019 0.365132 0.825787 0.364035 0.826554 0.364035 0.828856 0.365132 0.828856 0.365132 0.827322 0.364035 0.826554 0.366228 0.825019
0 0.429825 0.807368 0.428728 0.808135 0.428728 0.810437 0.429825 0.80967
0 0.349781 0.795088 0.348684 0.795856 0.346491 0.795856 0.345395 0.796623 0.345395 0.798158 0.344298 0.798926 0.344298 0.80353 0.346491 0.80353 0.346491 0.801228 0.347588 0.80046 0.347588 0.798926 0.348684 0.798158 0.348684 0.797391 0.349781 0.796623 0.351974 0.796623 0.35307 0.795856 0.355263 0.795856 0.354167 0.795088
0 0.1875 0.752111 0.1875 0.753645 0.188596 0.754413 0.189693 0.753645 0.189693 0.752878 0.188596 0.752111
0 0.39364 0.749808 0.392544 0.750576 0.390351 0.750576 0.390351 0.752111 0.387061 0.754413 0.383772 0.754413 0.382675 0.75518 0.379386 0.75518 0.379386 0.755948 0.378289 0.756715 0.378289 0.757483 0.376096 0.759018 0.375 0.759018 0.371711 0.76132 0.371711 0.762087 0.370614 0.762855 0.369518 0.762855 0.366228 0.765157 0.366228 0.766692 0.367325 0.76746 0.367325 0.771297 0.370614 0.773599 0.375 0.773599 0.378289 0.771297 0.379386 0.771297 0.384868 0.76746 0.384868 0.766692 0.387061 0.765157 0.388158 0.765157 0.388158 0.76439 0.391447 0.762087 0.391447 0.76132 0.39364 0.759785 0.39364 0.759018 0.394737 0.75825 0.394737 0.757483 0.395833 0.756715 0.395833 0.754413 0.39693 0.753645 0.395833 0.752878 0.39693 0.752111
0 0.428728 0.728319 0.428728 0.729087 0.426535 0.730622 0.426535 0.732924 0.427632 0.732924 0.429825 0.731389 0.429825 0.729854 0.428728 0.729087
0 0.529605 0.723715 0.528509 0.724482 0.529605 0.725249 0.530702 0.724482 0.530702 0.723715
0 0.504386 0.723715 0.503289 0.724482 0.503289 0.729087 0.504386 0.729854 0.504386 0.731389 0.505482 0.732157 0.505482 0.732924 0.506579 0.733691 0.506579 0.734459 0.507675 0.734459 0.508772 0.735226 0.510965 0.735226 0.510965 0.733691 0.508772 0.732157 0.508772 0.731389 0.507675 0.730622 0.507675 0.729854 0.506579 0.729087 0.506579 0.728319 0.505482 0.727552 0.505482 0.724482
0 0.422149 0.715272 0.421053 0.71604 0.421053 0.718342 0.419956 0.71911 0.419956 0.720645 0.416667 0.722947 0.41557 0.722947 0.414474 0.723715 0.413377 0.723715 0.410088 0.726017 0.408991 0.726017 0.405702 0.728319 0.405702 0.729087 0.403509 0.730622 0.403509 0.731389 0.401316 0.732924 0.401316 0.733691 0.400219 0.734459 0.400219 0.739831 0.401316 0.740599 0.401316 0.741366 0.404605 0.743668 0.405702 0.743668 0.406798 0.742901 0.408991 0.742901 0.410088 0.742134 0.410088 0.741366 0.411184 0.740599 0.411184 0.737529 0.412281 0.736761 0.411184 0.735994 0.411184 0.735226 0.412281 0.734459 0.411184 0.733691 0.412281 0.732924 0.412281 0.732157 0.41557 0.729854 0.416667 0.729854 0.41886 0.728319 0.421053 0.728319 0.421053 0.727552 0.422149 0.726784 0.422149 0.724482 0.423246 0.723715 0.423246 0.721412 0.424342 0.720645 0.424342 0.719877 0.425439 0.71911 0.425439 0.718342 0.426535 0.717575 0.425439 0.716807 0.425439 0.715272
0 0.266447 0.71297 0.266447 0.714505 0.265351 0.715272 0.265351 0.718342 0.264254 0.71911 0.264254 0.719877 0.263158 0.720645 0.263158 0.72218 0.262061 0.722947 0.262061 0.723715 0.260965 0.724482 0.260965 0.727552 0.264254 0.725249 0.264254 0.723715 0.265351 0.722947 0.265351 0.721412 0.266447 0.720645 0.266447 0.719877 0.267544 0.71911 0.267544 0.715272 0.266447 0.714505
0 0.265351 0.705295 0.265351 0.7099 0.266447 0.710668 0.266447 0.7099 0.267544 0.709133 0.267544 0.705295
0 0.287281 0.702226 0.285088 0.703761 0.282895 0.703761 0.280702 0.705295 0.279605 0.705295 0.277412 0.70683 0.276316 0.70683 0.275219 0.707598 0.275219 0.708365 0.276316 0.709133 0.277412 0.709133 0.278509 0.7099 0.282895 0.7099 0.283991 0.709133 0.286184 0.709133 0.287281 0.708365 0.288377 0.708365 0.288377 0.707598 0.289474 0.70683 0.289474 0.706063 0.288377 0.705295 0.288377 0.702226
0 0.297149 0.683039 0.296053 0.683807 0.294956 0.683807 0.294956 0.685342 0.296053 0.686109 0.296053 0.686876 0.294956 0.687644 0.294956 0.689946 0.296053 0.690714 0.296053 0.693016 0.297149 0.693784 0.299342 0.692249 0.299342 0.691481 0.300439 0.690714 0.301535 0.690714 0.301535 0.689946 0.302632 0.689179 0.302632 0.686876 0.300439 0.685342 0.300439 0.684574 0.299342 0.683807 0.298246 0.683807
0 0.546053 0.669992 0.544956 0.67076 0.54386 0.67076 0.542763 0.671527 0.541667 0.671527 0.541667 0.673062 0.54057 0.67383 0.54057 0.674597 0.54386 0.676899 0.553728 0.676899 0.553728 0.676132 0.554825 0.675365 0.554825 0.674597 0.550439 0.671527 0.550439 0.67076 0.549342 0.669992
0 0.438596 0.669992 0.435307 0.672295 0.434211 0.672295 0.433114 0.673062 0.432018 0.673062 0.432018 0.675365 0.430921 0.676132 0.430921 0.676899 0.432018 0.677667 0.432018 0.680737 0.430921 0.681504 0.430921 0.683807 0.429825 0.684574 0.429825 0.686876 0.430921 0.687644 0.430921 0.689946 0.433114 0.691481 0.434211 0.691481 0.436404 0.689946 0.438596 0.689946 0.439693 0.689179 0.439693 0.688411 0.440789 0.687644 0.440789 0.686876 0.441886 0.686109 0.442982 0.686109 0.445175 0.684574 0.445175 0.683807 0.446272 0.683039 0.446272 0.682272 0.445175 0.681504 0.445175 0.680737 0.444079 0.679969 0.444079 0.676132 0.441886 0.674597 0.441886 0.67383 0.440789 0.673062 0.440789 0.672295 0.439693 0.671527 0.439693 0.669992
0 0.267544 0.665388 0.267544 0.666155 0.26864 0.666922 0.26864 0.665388
0 0.276316 0.663853 0.27193 0.666922 0.270833 0.666922 0.273026 0.668457 0.273026 0.669225 0.275219 0.67076 0.277412 0.67076 0.278509 0.669992 0.278509 0.669225 0.279605 0.668457 0.279605 0.66769 0.280702 0.666922 0.280702 0.666155 0.279605 0.665388 0.279605 0.66462 0.278509 0.663853
0 0.248904 0.652341 0.248904 0.653108 0.25 0.653108 0.25 0.652341
0 0.188596 0.651573 0.189693 0.652341 0.189693 0.651573
0 0.260965 0.612433 0.259868 0.6132 0.259868 0.614735 0.260965 0.615503 0.264254 0.615503 0.264254 0.6132 0.262061 0.6132
0 0.654605 0.600153 0.654605 0.600921 0.656798 0.602456 0.656798 0.603223 0.657895 0.603223 0.658991 0.603991 0.657895 0.603223 0.657895 0.602456
0 0.266447 0.593246 0.265351 0.594014 0.266447 0.594014
0 0.635965 0.589409 0.635965 0.590944 0.637061 0.591711 0.638158 0.590944 0.637061 0.590177 0.637061 0.589409
0 0.609649 0.587874 0.609649 0.589409 0.610746 0.589409 0.610746 0.587874
0 0.169956 0.587107 0.169956 0.587874 0.16886 0.588642 0.16886 0.589409 0.172149 0.589409 0.173246 0.588642 0.173246 0.587107
0 0.661184 0.584804 0.661184 0.585572 0.662281 0.586339 0.664474 0.586339 0.663377 0.585572 0.662281 0.585572
0 0.289474 0.579432 0.288377 0.5802 0.288377 0.582502 0.29057 0.582502 0.29057 0.5802
0 0.140351 0.57713 0.139254 0.577897 0.140351 0.578665 0.141447 0.577897
0 0.323465 0.572525 0.320175 0.574827 0.320175 0.577897 0.319079 0.578665 0.320175 0.579432 0.320175 0.581734 0.322368 0.583269 0.323465 0.583269 0.324561 0.584037 0.327851 0.584037 0.328947 0.583269 0.328947 0.582502 0.330044 0.581734 0.330044 0.5802 0.33114 0.579432 0.33114 0.57406 0.328947 0.572525
0 0.569079 0.571757 0.567982 0.572525 0.567982 0.575595 0.569079 0.576362 0.575658 0.576362 0.575658 0.575595 0.576754 0.574827 0.580044 0.574827 0.58114 0.57406 0.580044 0.573292 0.577851 0.574827 0.576754 0.574827 0.575658 0.57406 0.574561 0.57406 0.572368 0.572525 0.571272 0.572525 0.570175 0.571757
0 0.54386 0.565618 0.54386 0.567153 0.544956 0.56792 0.544956 0.569455 0.546053 0.570223 0.546053 0.57099 0.548246 0.572525 0.548246 0.573292 0.549342 0.57406 0.549342 0.574827 0.550439 0.575595 0.550439 0.576362 0.552632 0.577897 0.553728 0.577897 0.554825 0.578665 0.558114 0.578665 0.559211 0.577897 0.559211 0.576362 0.558114 0.575595 0.558114 0.574827 0.557018 0.57406 0.557018 0.572525 0.554825 0.57099 0.553728 0.57099 0.552632 0.570223 0.552632 0.569455 0.550439 0.56792 0.549342 0.56792 0.547149 0.566385 0.544956 0.566385
0 0.601974 0.564083 0.601974 0.56485 0.60307 0.56485 0.60307 0.564083
0 0.580044 0.561781 0.58114 0.561781 0.582237 0.562548 0.583333 0.562548 0.582237 0.561781
0 0.322368 0.557176 0.321272 0.557943 0.320175 0.557943 0.319079 0.558711 0.319079 0.559478 0.317982 0.560246 0.317982 0.561013 0.321272 0.561013 0.323465 0.559478 0.323465 0.557943
0 0.354167 0.556408 0.351974 0.557943 0.351974 0.558711 0.350877 0.559478 0.350877 0.560246 0.349781 0.561013 0.349781 0.572525 0.350877 0.573292 0.350877 0.57713 0.351974 0.577897 0.351974 0.579432 0.35307 0.5802 0.35307 0.582502 0.354167 0.583269 0.354167 0.584037 0.355263 0.584804 0.355263 0.585572 0.35636 0.586339 0.357456 0.586339 0.358553 0.587107 0.362939 0.587107 0.367325 0.584037 0.368421 0.584037 0.368421 0.582502 0.369518 0.581734 0.369518 0.573292 0.368421 0.572525 0.368421 0.568688 0.367325 0.56792 0.367325 0.565618 0.366228 0.56485 0.366228 0.561781 0.365132 0.561013 0.365132 0.560246 0.364035 0.559478 0.364035 0.558711 0.360746 0.556408
0 0.325658 0.554106 0.325658 0.556408 0.326754 0.556408 0.327851 0.555641 0.327851 0.554106
0 0.244518 0.547199 0.244518 0.548734 0.246711 0.548734 0.245614 0.548734 0.244518 0.547966 0.245614 0.547199
0 0.327851 0.545664 0.326754 0.546431 0.326754 0.547199 0.327851 0.547966
0 0.22807 0.541827 0.226974 0.542594 0.226974 0.544129 0.22807 0.544896 0.229167 0.544896 0.230263 0.545664 0.23136 0.544896 0.23136 0.541827
0 0.131579 0.538757 0.131579 0.540292 0.133772 0.540292 0.134868 0.539524 0.133772 0.538757
0 0.211623 0.524942 0.210526 0.52571 0.210526 0.526477 0.211623 0.527245 0.213816 0.527245 0.213816 0.52571 0.212719 0.52571
0 0.567982 0.512663 0.569079 0.513431 0.569079 0.512663
0 0.520833 0.511896 0.519737 0.512663 0.516447 0.512663 0.516447 0.513431 0.517544 0.514198 0.517544 0.5165 0.51864 0.517268 0.51864 0.518035 0.519737 0.518035 0.523026 0.520338 0.524123 0.520338 0.525219 0.521105 0.527412 0.521105 0.528509 0.521873 0.529605 0.521873 0.529605 0.51957 0.528509 0.518803 0.528509 0.515733 0.526316 0.514198 0.526316 0.513431 0.525219 0.513431 0.524123 0.512663 0.52193 0.512663
0 0.381579 0.510361 0.381579 0.511128 0.380482 0.511896 0.380482 0.513431 0.381579 0.514198 0.381579 0.521105 0.382675 0.521873 0.383772 0.521873 0.384868 0.521105 0.384868 0.520338 0.385965 0.51957 0.385965 0.517268 0.387061 0.5165 0.387061 0.512663 0.385965 0.511896 0.385965 0.511128 0.384868 0.510361
0 0.614035 0.508826 0.619518 0.512663 0.620614 0.512663 0.623904 0.514965 0.625 0.514965 0.627193 0.5165 0.628289 0.5165 0.621711 0.511896 0.620614 0.511896 0.618421 0.510361 0.617325 0.510361 0.615132 0.508826
0 0.205044 0.500384 0.203947 0.501151 0.205044 0.501919 0.20614 0.501919 0.207237 0.502686 0.210526 0.502686 0.211623 0.501919 0.20943 0.500384
0 0.533991 0.498849 0.532895 0.499616 0.532895 0.500384 0.531798 0.501151 0.531798 0.502686 0.532895 0.503454 0.532895 0.507291 0.533991 0.508058 0.533991 0.509593 0.538377 0.512663 0.539474 0.512663 0.54057 0.513431 0.541667 0.513431 0.542763 0.514198 0.546053 0.514198 0.546053 0.513431 0.548246 0.511896 0.548246 0.511128 0.549342 0.510361 0.549342 0.509593 0.550439 0.508826 0.550439 0.502686 0.547149 0.500384 0.546053 0.500384 0.544956 0.499616 0.54386 0.499616 0.542763 0.498849
0 0.350877 0.491942 0.349781 0.492709 0.348684 0.492709 0.346491 0.494244 0.346491 0.495779 0.348684 0.497314 0.349781 0.496546 0.350877 0.497314 0.351974 0.496546 0.354167 0.496546 0.355263 0.495779 0.355263 0.493477 0.35307 0.491942
0 0.620614 0.485035 0.619518 0.485802 0.618421 0.485802 0.619518 0.485802 0.620614 0.486569 0.622807 0.486569 0.623904 0.487337 0.627193 0.487337 0.628289 0.488104 0.630482 0.488104 0.631579 0.488872 0.634868 0.488872 0.635965 0.489639 0.637061 0.489639 0.637061 0.488104 0.634868 0.486569 0.632675 0.486569 0.631579 0.485802 0.627193 0.485802 0.626096 0.485035
0 0.608553 0.4835 0.608553 0.484267 0.609649 0.484267
0 0.682018 0.481197 0.682018 0.481965 0.683114 0.481965
0 0.171053 0.472755 0.169956 0.473523 0.174342 0.473523 0.176535 0.475058 0.177632 0.475058 0.178728 0.475825 0.178728 0.475058 0.176535 0.473523 0.175439 0.473523 0.174342 0.472755
0 0.212719 0.470453 0.212719 0.471988 0.213816 0.472755 0.214912 0.472755 0.214912 0.471988 0.213816 0.47122 0.213816 0.470453
0 0.192982 0.470453 0.189693 0.472755 0.189693 0.47429 0.190789 0.475058 0.191886 0.475058 0.192982 0.47429 0.192982 0.472755 0.195175 0.47122 0.196272 0.47122 0.197368 0.471988 0.200658 0.471988 0.202851 0.473523 0.205044 0.473523 0.205044 0.472755 0.201754 0.470453
0 0.185307 0.456639 0.186404 0.456639 0.1875 0.457406 0.1875 0.456639
0 0.207237 0.451266 0.207237 0.452801 0.208333 0.452801 0.208333 0.452034
0 0.432018 0.450499 0.430921 0.451266 0.429825 0.451266 0.428728 0.452034 0.427632 0.452034 0.427632 0.452801 0.425439 0.454336 0.425439 0.455104 0.421053 0.458173 0.421053 0.460476 0.41886 0.462011 0.41886 0.463546 0.417763 0.464313 0.417763 0.467383 0.416667 0.46815 0.416667 0.47122 0.41557 0.471988 0.41557 0.47736 0.414474 0.478127 0.414474 0.481197 0.413377 0.481965 0.413377 0.484267 0.412281 0.485035 0.412281 0.493477 0.411184 0.494244 0.411184 0.497314 0.410088 0.498081 0.410088 0.500384 0.411184 0.501151 0.411184 0.503454 0.410088 0.504221 0.410088 0.505756 0.411184 0.506523 0.411184 0.507291 0.41886 0.507291 0.421053 0.505756 0.424342 0.505756 0.428728 0.502686 0.430921 0.502686 0.430921 0.501919 0.432018 0.501151 0.432018 0.500384 0.434211 0.498849 0.435307 0.498849 0.436404 0.498081 0.4375 0.498081 0.4375 0.497314 0.440789 0.495012 0.441886 0.495012 0.448465 0.490407 0.448465 0.489639 0.449561 0.488872 0.450658 0.488872 0.452851 0.487337 0.452851 0.4835 0.451754 0.4835 0.450658 0.482732 0.450658 0.481965 0.445175 0.478127 0.445175 0.475058 0.442982 0.475058 0.439693 0.472755 0.439693 0.471988 0.438596 0.47122 0.438596 0.465081 0.439693 0.464313 0.439693 0.462011 0.440789 0.461243 0.440789 0.454336 0.438596 0.452801 0.438596 0.452034 0.4375 0.451266 0.436404 0.451266 0.435307 0.450499 0.434211 0.451266 0.433114 0.451266
0 0.196272 0.428243 0.195175 0.42901 0.195175 0.430545 0.194079 0.431312 0.195175 0.43208 0.196272 0.43208 0.198465 0.430545 0.197368 0.429777 0.197368 0.428243
0 0.210526 0.42594 0.210526 0.431312 0.211623 0.43208 0.211623 0.434382 0.212719 0.43515 0.212719 0.438219 0.213816 0.438987 0.213816 0.439754 0.216009 0.441289 0.217105 0.440522 0.217105 0.438219 0.216009 0.437452 0.216009 0.436685 0.214912 0.435917 0.214912 0.431312 0.213816 0.430545 0.213816 0.429777 0.212719 0.42901 0.212719 0.427475 0.211623 0.426708 0.211623 0.42594
0 0.230263 0.415196 0.230263 0.416731 0.23136 0.416731 0.23136 0.415963
0 0.258772 0.413661 0.257675 0.414428 0.257675 0.416731 0.258772 0.417498 0.258772 0.418266 0.259868 0.419033 0.259868 0.4198 0.260965 0.420568 0.264254 0.420568 0.264254 0.419033 0.265351 0.418266 0.265351 0.417498 0.264254 0.416731 0.264254 0.415196 0.263158 0.415196 0.260965 0.413661
0 0.237939 0.389102 0.236842 0.38987 0.236842 0.391404 0.237939 0.392172 0.241228 0.392172 0.241228 0.391404
0 0.246711 0.37452 0.246711 0.375288 0.245614 0.376055 0.246711 0.376823 0.246711 0.378358 0.247807 0.378358 0.248904 0.379125 0.252193 0.379125 0.252193 0.376055 0.251096 0.375288 0.251096 0.37452
0 0.269737 0.357636 0.269737 0.359939 0.274123 0.359939 0.274123 0.358404 0.273026 0.357636
0 0.223684 0.356101 0.224781 0.356869 0.225877 0.356101 0.226974 0.356101 0.22807 0.356869 0.23136 0.356869 0.232456 0.357636 0.232456 0.358404 0.233553 0.359171 0.234649 0.359171 0.235746 0.359939 0.236842 0.359939 0.239035 0.361474 0.240132 0.361474 0.241228 0.362241 0.242325 0.362241 0.242325 0.361474 0.241228 0.361474 0.239035 0.359939 0.237939 0.359939 0.236842 0.359171 0.235746 0.359171 0.234649 0.358404 0.233553 0.358404 0.23136 0.356869 0.230263 0.356869 0.229167 0.356101
0 0.210526 0.353031 0.210526 0.353799 0.212719 0.355334 0.213816 0.355334 0.214912 0.356101 0.218202 0.356101 0.217105 0.355334 0.214912 0.355334 0.211623 0.353031
0 0.468202 0.322333 0.466009 0.323868 0.466009 0.326938 0.464912 0.327705 0.466009 0.328473 0.466009 0.331543 0.470395 0.334612 0.474781 0.334612 0.476974 0.333078 0.476974 0.324635 0.475877 0.323868 0.475877 0.323101 0.474781 0.322333
0 0.25 0.322333 0.251096 0.323101 0.251096 0.322333
0 0.471491 0.301612 0.471491 0.303914 0.472588 0.304682 0.473684 0.304682 0.474781 0.305449 0.474781 0.303914
0 0.589912 0.299309 0.589912 0.300077 0.591009 0.300077
0 0.257675 0.293937 0.257675 0.296239 0.258772 0.297007 0.259868 0.297007 0.259868 0.296239 0.258772 0.295472 0.258772 0.294705
0 0.535088 0.291635 0.533991 0.292402 0.533991 0.294705 0.532895 0.295472 0.532895 0.298542 0.531798 0.299309 0.531798 0.303914 0.532895 0.304682 0.532895 0.305449 0.533991 0.306216 0.537281 0.306216 0.538377 0.305449 0.538377 0.304682 0.539474 0.303914 0.539474 0.303147 0.538377 0.302379 0.538377 0.300844 0.537281 0.300077 0.537281 0.299309 0.538377 0.298542 0.538377 0.292402 0.537281 0.292402 0.536184 0.291635
0 0.5 0.290867 0.498904 0.291635 0.496711 0.291635 0.495614 0.292402 0.494518 0.292402 0.491228 0.294705 0.490132 0.294705 0.489035 0.295472 0.487939 0.295472 0.486842 0.296239 0.484649 0.296239 0.482456 0.297774 0.482456 0.298542 0.48136 0.299309 0.48136 0.301612 0.480263 0.302379 0.48136 0.303147 0.48136 0.303914 0.482456 0.303914 0.483553 0.304682 0.485746 0.304682 0.486842 0.303914 0.487939 0.303914 0.489035 0.303147 0.493421 0.303147 0.494518 0.302379 0.495614 0.302379 0.496711 0.301612 0.497807 0.301612 0.498904 0.300844 0.5 0.300844 0.501096 0.300077 0.502193 0.300077 0.505482 0.297774 0.505482 0.297007 0.507675 0.295472 0.507675 0.294705 0.506579 0.294705 0.505482 0.293937 0.505482 0.29317 0.504386 0.292402 0.504386 0.291635 0.503289 0.291635 0.502193 0.290867
0 0.746711 0.288565 0.745614 0.289332 0.747807 0.289332 0.747807 0.288565
0 0.460526 0.288565 0.460526 0.289332 0.461623 0.2901 0.461623 0.289332
0 0.726974 0.287797 0.726974 0.288565 0.72807 0.289332 0.729167 0.289332 0.729167 0.287797
0 0.641447 0.27782 0.641447 0.278588 0.642544 0.279355 0.641447 0.280123 0.644737 0.280123 0.644737 0.27782
0 0.76864 0.277053 0.76864 0.27782 0.766447 0.279355 0.766447 0.280123 0.765351 0.28089 0.764254 0.28089 0.760965 0.283193 0.759868 0.283193 0.758772 0.28396 0.757675 0.28396 0.759868 0.28396 0.760965 0.283193 0.762061 0.283193 0.764254 0.281658 0.765351 0.281658 0.766447 0.28089 0.766447 0.280123 0.76864 0.278588 0.76864 0.27782 0.769737 0.277053
0 0.621711 0.269378 0.621711 0.270146 0.622807 0.270913 0.622807 0.269378
0 0.542763 0.267843 0.541667 0.268611 0.541667 0.269378 0.539474 0.270913 0.539474 0.271681 0.538377 0.272448 0.538377 0.273983 0.537281 0.274751 0.537281 0.276285 0.536184 0.277053 0.536184 0.278588 0.535088 0.279355 0.535088 0.280123 0.533991 0.28089 0.533991 0.283193 0.535088 0.283193 0.535088 0.282425 0.537281 0.28089 0.537281 0.280123 0.542763 0.276285 0.542763 0.273983 0.54386 0.273216 0.54386 0.267843
0 0.283991 0.265541 0.283991 0.266309 0.285088 0.266309 0.285088 0.265541
0 0.449561 0.261704 0.448465 0.262471 0.448465 0.264774 0.452851 0.267843 0.455044 0.267843 0.45614 0.267076 0.45614 0.264774 0.453947 0.263239 0.453947 0.262471 0.450658 0.262471
0 0.719298 0.258634 0.721491 0.260169 0.721491 0.260936 0.723684 0.262471 0.724781 0.262471 0.725877 0.263239 0.726974 0.263239 0.726974 0.262471 0.725877 0.262471 0.720395 0.258634
0 0.516447 0.257866 0.514254 0.259401 0.514254 0.260169 0.513158 0.260936 0.513158 0.261704 0.512061 0.262471 0.512061 0.264006 0.510965 0.264774 0.510965 0.267843 0.512061 0.268611 0.512061 0.272448 0.513158 0.273216 0.513158 0.274751 0.514254 0.275518 0.515351 0.275518 0.517544 0.273983 0.517544 0.273216 0.51864 0.272448 0.51864 0.270913 0.519737 0.270146 0.519737 0.263239 0.520833 0.262471 0.520833 0.260169 0.519737 0.259401 0.519737 0.258634 0.51864 0.257866
0 0.690789 0.253262 0.689693 0.254029 0.689693 0.255564 0.691886 0.257099 0.692982 0.257099 0.692982 0.254797
0 0.672149 0.247889 0.671053 0.248657 0.671053 0.250192 0.672149 0.250959 0.673246 0.250959 0.674342 0.250192 0.674342 0.249424
0 0.531798 0.247122 0.531798 0.249424 0.530702 0.250192 0.530702 0.252494 0.531798 0.253262 0.531798 0.254029 0.530702 0.254797 0.530702 0.255564 0.531798 0.256332 0.531798 0.257099 0.530702 0.257866 0.530702 0.258634 0.529605 0.259401 0.529605 0.263239 0.527412 0.264774 0.527412 0.271681 0.525219 0.273216 0.525219 0.273983 0.524123 0.274751 0.524123 0.275518 0.52193 0.277053 0.52193 0.27782 0.520833 0.278588 0.520833 0.279355 0.519737 0.280123 0.519737 0.28089 0.51864 0.281658 0.51864 0.283193 0.517544 0.28396 0.517544 0.284728 0.516447 0.285495 0.516447 0.289332 0.517544 0.2901 0.517544 0.291635 0.519737 0.29317 0.519737 0.293937 0.520833 0.29317 0.52193 0.29317 0.52193 0.290867 0.523026 0.2901 0.523026 0.28703 0.524123 0.286262 0.524123 0.285495 0.525219 0.284728 0.525219 0.28396 0.526316 0.283193 0.526316 0.279355 0.527412 0.278588 0.527412 0.277053 0.529605 0.275518 0.529605 0.272448 0.528509 0.271681 0.528509 0.270913 0.527412 0.270146 0.527412 0.267843 0.528509 0.267076 0.528509 0.265541 0.529605 0.264774 0.529605 0.264006 0.531798 0.262471 0.531798 0.254797 0.532895 0.254029 0.532895 0.252494 0.531798 0.251727 0.531798 0.250959 0.532895 0.250192 0.532895 0.247889
0 0.426535 0.246355 0.424342 0.247889 0.424342 0.253262 0.425439 0.254029 0.425439 0.254797 0.426535 0.255564 0.426535 0.256332 0.428728 0.257866 0.428728 0.258634 0.430921 0.258634 0.432018 0.257866 0.432018 0.252494 0.430921 0.251727 0.430921 0.247889 0.428728 0.246355
0 0.526316 0.243285 0.526316 0.244052 0.527412 0.244052
0 0.536184 0.236378 0.535088 0.237145 0.535088 0.237913 0.533991 0.23868 0.533991 0.239447 0.532895 0.240215 0.532895 0.244052 0.532895 0.24175 0.533991 0.240982 0.533991 0.240215 0.535088 0.239447 0.535088 0.23868 0.538377 0.236378 0.537281 0.237145
0 0.549342 0.234075 0.549342 0.237145 0.550439 0.237145 0.551535 0.236378 0.551535 0.234075
0 0.446272 0.231005 0.446272 0.231773 0.444079 0.233308 0.444079 0.237913 0.441886 0.239447 0.440789 0.239447 0.436404 0.236378 0.436404 0.234843 0.435307 0.234075 0.435307 0.234843 0.436404 0.23561 0.436404 0.237145 0.4375 0.237913 0.4375 0.23868 0.438596 0.239447 0.438596 0.240215 0.439693 0.240982 0.439693 0.24175 0.441886 0.243285 0.444079 0.243285 0.447368 0.240982 0.447368 0.240215 0.446272 0.239447 0.446272 0.23868 0.445175 0.237913 0.445175 0.236378 0.446272 0.23561
0 0.701754 0.228703 0.701754 0.22947 0.702851 0.22947 0.702851 0.228703
0 0.344298 0.227936 0.344298 0.230238 0.346491 0.231773 0.346491 0.22947 0.345395 0.228703 0.345395 0.227936
0 0.446272 0.218726 0.446272 0.225633 0.447368 0.225633 0.447368 0.218726
0 0.542763 0.217191 0.538377 0.220261 0.538377 0.226401 0.539474 0.227168 0.539474 0.231005 0.539474 0.230238 0.54057 0.22947 0.54057 0.226401 0.541667 0.225633 0.541667 0.224098 0.542763 0.223331 0.542763 0.221796 0.54386 0.221028 0.54386 0.219493 0.542763 0.218726
0 0.612939 0.211819 0.610746 0.213354 0.611842 0.213354 0.612939 0.212586
0 0.419956 0.208749 0.419956 0.209517 0.421053 0.210284 0.421053 0.211051 0.422149 0.210284 0.422149 0.209517 0.421053 0.208749
0 0.66557 0.207214 0.664474 0.207982 0.66557 0.208749 0.666667 0.208749 0.666667 0.207982
0 0.644737 0.204912 0.644737 0.205679 0.645833 0.205679 0.645833 0.204912
0 0.637061 0.198772 0.634868 0.200307 0.635965 0.200307 0.637061 0.19954
0 0.593202 0.192632 0.592105 0.1934 0.592105 0.194935 0.593202 0.194167
0 0.737939 0.18419 0.739035 0.184958 0.740132 0.184958 0.739035 0.18419
0 0.574561 0.173446 0.573465 0.174213 0.573465 0.174981 0.572368 0.175748 0.574561 0.175748 0.575658 0.174981 0.575658 0.174213
0 0.580044 0.171911 0.580044 0.172678 0.582237 0.172678 0.58114 0.172678
0 0.663377 0.146585 0.662281 0.147352 0.661184 0.147352 0.661184 0.14812 0.660088 0.148887 0.662281 0.150422 0.664474 0.150422 0.664474 0.147352
0 0.514254 0.132003 0.514254 0.132771 0.513158 0.133538 0.513158 0.134305 0.514254 0.134305 0.514254 0.133538 0.515351 0.132771
0 0.588816 0.126631 0.588816 0.127398 0.58443 0.130468 0.58443 0.131236 0.583333 0.132003 0.582237 0.132003 0.58114 0.132771 0.580044 0.132771 0.578947 0.133538 0.578947 0.134305 0.577851 0.135073 0.577851 0.13584 0.576754 0.136608 0.574561 0.136608 0.572368 0.138143 0.572368 0.13891 0.571272 0.139678 0.571272 0.140445 0.570175 0.141213 0.570175 0.14198 0.569079 0.142748 0.569079 0.143515 0.567982 0.144282 0.567982 0.14505 0.565789 0.146585 0.565789 0.147352 0.564693 0.14812 0.564693 0.150422 0.563596 0.15119 0.563596 0.153492 0.5625 0.154259 0.5625 0.155794 0.561404 0.156562 0.561404 0.157329 0.560307 0.158097 0.560307 0.158864 0.559211 0.159632 0.559211 0.162701 0.558114 0.163469 0.558114 0.165004 0.554825 0.167306 0.553728 0.167306 0.553728 0.168074 0.552632 0.168841 0.551535 0.168841 0.551535 0.169609 0.550439 0.170376 0.550439 0.171144 0.549342 0.171911 0.549342 0.172678 0.548246 0.173446 0.548246 0.174981 0.547149 0.175748 0.547149 0.180353 0.546053 0.18112 0.546053 0.189563 0.546053 0.18726 0.547149 0.186493 0.547149 0.180353 0.548246 0.179586 0.548246 0.176516 0.549342 0.175748 0.549342 0.174213 0.550439 0.173446 0.550439 0.172678 0.552632 0.171144 0.552632 0.170376 0.558114 0.166539 0.558114 0.165771 0.559211 0.165004 0.559211 0.162701 0.560307 0.161934 0.560307 0.161167 0.5625 0.159632 0.5625 0.158864 0.563596 0.158097 0.563596 0.156562 0.564693 0.155794 0.564693 0.155027 0.565789 0.154259 0.565789 0.153492 0.566886 0.152724 0.566886 0.150422 0.567982 0.149655 0.567982 0.148887 0.571272 0.146585 0.571272 0.145817 0.572368 0.14505 0.572368 0.142748 0.573465 0.14198 0.573465 0.141213 0.575658 0.139678 0.575658 0.13891 0.576754 0.138143 0.576754 0.136608 0.577851 0.13584 0.580044 0.13584 0.58114 0.135073 0.582237 0.135073 0.585526 0.132771 0.586623 0.132771 0.587719 0.132003 0.587719 0.131236 0.588816 0.130468 0.588816 0.128933 0.589912 0.128166 0.589912 0.127398
0 0.408991 0.125096 0.408991 0.125863 0.410088 0.125863 0.410088 0.125096
0 0.637061 0.111282 0.637061 0.112049 0.635965 0.112817 0.635965 0.115886 0.637061 0.115886 0.638158 0.115119 0.638158 0.112049
0 0.536184 0.108979 0.533991 0.110514 0.533991 0.111282 0.535088 0.111282 0.536184 0.110514 0.536184 0.109747 0.537281 0.108979
0 0.671053 0.100537 0.669956 0.101305 0.672149 0.101305 0.672149 0.100537
