0 0.266447 0.84881 0.266447 0.850345 0.267544 0.849578 0.267544 0.84881
0 0.362939 0.832694 0.362939 0.834229 0.364035 0.834229 0.364035 0.833461
0 0.435307 0.807368 0.435307 0.808135 0.436404 0.808903 0.436404 0.810437 0.436404 0.808135
0 0.251096 0.793553 0.25 0.794321 0.247807 0.794321 0.245614 0.795856 0.246711 0.796623 0.247807 0.796623 0.248904 0.795856 0.25 0.795856 0.251096 0.795088 0.256579 0.795088 0.256579 0.794321 0.255482 0.793553
0 0.398026 0.792786 0.39693 0.793553 0.39693 0.794321 0.398026 0.793553
0 0.371711 0.778204 0.370614 0.778972 0.370614 0.785111 0.371711 0.785879 0.370614 0.786646 0.370614 0.787414 0.371711 0.788181 0.372807 0.788181 0.373904 0.787414 0.375 0.788181 0.376096 0.788181 0.377193 0.788949 0.377193 0.789716 0.378289 0.790483 0.380482 0.790483 0.381579 0.789716 0.381579 0.788181 0.380482 0.788181 0.380482 0.788949 0.379386 0.789716 0.378289 0.789716 0.377193 0.788949 0.377193 0.787414 0.376096 0.786646 0.376096 0.784344 0.375 0.783576 0.375 0.782041 0.373904 0.781274 0.373904 0.779739
0 0.419956 0.776669 0.419956 0.779739 0.421053 0.779739 0.421053 0.778972 0.422149 0.778204 0.422149 0.777437 0.421053 0.776669
0 0.323465 0.774367 0.323465 0.775902 0.324561 0.776669 0.324561 0.777437 0.325658 0.777437 0.326754 0.778204 0.327851 0.778204 0.328947 0.777437 0.330044 0.777437 0.330044 0.775902 0.327851 0.774367
0 0.369518 0.766692 0.369518 0.76746 0.368421 0.768227 0.368421 0.771297 0.369518 0.772064 0.369518 0.774367 0.371711 0.775902 0.373904 0.774367 0.375 0.774367 0.377193 0.772832 0.377193 0.77053 0.375 0.768995 0.375 0.768227 0.373904 0.768227 0.372807 0.76746 0.370614 0.76746
0 0.280702 0.760553 0.280702 0.763622 0.282895 0.763622 0.282895 0.762855 0.283991 0.762087 0.283991 0.76132 0.282895 0.76132 0.281798 0.760553
0 0.267544 0.759785 0.265351 0.76132 0.265351 0.762087 0.266447 0.762855 0.267544 0.762087 0.26864 0.762087 0.269737 0.76132 0.269737 0.760553 0.26864 0.759785
0 0.422149 0.756715 0.421053 0.757483 0.421053 0.759018 0.422149 0.759785 0.425439 0.759785 0.426535 0.759018 0.426535 0.75825 0.425439 0.757483 0.424342 0.757483 0.423246 0.756715
0 0.523026 0.748273 0.523026 0.749808 0.524123 0.749041 0.524123 0.748273
0 0.234649 0.732157 0.234649 0.733691 0.235746 0.733691 0.235746 0.732157
0 0.429825 0.730622 0.429825 0.731389 0.424342 0.735226 0.424342 0.735994 0.423246 0.736761 0.423246 0.737529 0.421053 0.739064 0.421053 0.742901 0.422149 0.742901 0.430921 0.736761 0.430921 0.735994 0.433114 0.734459 0.433114 0.733691 0.434211 0.732924 0.434211 0.731389 0.433114 0.730622
0 0.229167 0.728319 0.22807 0.729087 0.230263 0.729087 0.230263 0.728319
0 0.513158 0.725249 0.513158 0.726017 0.514254 0.726017 0.514254 0.725249
0 0.422149 0.711435 0.422149 0.722947 0.423246 0.723715 0.423246 0.724482 0.425439 0.726017 0.426535 0.726017 0.427632 0.725249 0.427632 0.724482 0.434211 0.719877 0.435307 0.719877 0.436404 0.71911 0.4375 0.71911 0.439693 0.720645 0.439693 0.724482 0.440789 0.725249 0.440789 0.726017 0.441886 0.726784 0.441886 0.728319 0.442982 0.728319 0.445175 0.726784 0.445175 0.726017 0.446272 0.725249 0.446272 0.720645 0.445175 0.719877 0.445175 0.71911 0.444079 0.718342 0.439693 0.718342 0.436404 0.71604 0.436404 0.714505 0.435307 0.713738 0.434211 0.713738 0.433114 0.714505 0.430921 0.714505 0.429825 0.713738 0.428728 0.713738 0.426535 0.712203 0.425439 0.712203 0.424342 0.711435
0 0.292763 0.690714 0.292763 0.693016 0.291667 0.693784 0.291667 0.696853 0.292763 0.697621 0.292763 0.703761 0.29386 0.704528 0.294956 0.704528 0.297149 0.702993 0.297149 0.693784 0.296053 0.693016 0.296053 0.692249 0.294956 0.691481 0.294956 0.690714
0 0.307018 0.674597 0.305921 0.675365 0.305921 0.676899 0.304825 0.677667 0.304825 0.678434 0.303728 0.679202 0.303728 0.681504 0.304825 0.682272 0.304825 0.683039 0.307018 0.684574 0.308114 0.684574 0.311404 0.682272 0.311404 0.680737 0.310307 0.679969 0.310307 0.676899 0.309211 0.676132 0.309211 0.675365 0.308114 0.674597
0 0.553728 0.669992 0.553728 0.67076 0.552632 0.671527 0.552632 0.67383 0.554825 0.675365 0.555921 0.675365 0.557018 0.676132 0.559211 0.674597 0.559211 0.671527 0.558114 0.67076 0.557018 0.67076 0.555921 0.669992
0 0.442982 0.666922 0.441886 0.66769 0.441886 0.668457 0.440789 0.669225 0.439693 0.668457 0.434211 0.672295 0.434211 0.674597 0.435307 0.675365 0.435307 0.676899 0.434211 0.677667 0.434211 0.684574 0.435307 0.685342 0.435307 0.686109 0.444079 0.686109 0.445175 0.685342 0.446272 0.686109 0.447368 0.685342 0.448465 0.685342 0.449561 0.684574 0.449561 0.683807 0.450658 0.683039 0.448465 0.681504 0.448465 0.677667 0.449561 0.676899 0.449561 0.676132 0.450658 0.675365 0.449561 0.674597 0.449561 0.67383 0.448465 0.673062 0.448465 0.672295 0.447368 0.671527 0.447368 0.67076 0.446272 0.669992 0.446272 0.669225 0.445175 0.668457 0.445175 0.66769 0.444079 0.666922
0 0.287281 0.656946 0.286184 0.657713 0.286184 0.662318 0.287281 0.663085 0.288377 0.663085 0.289474 0.662318 0.29057 0.662318 0.291667 0.66155 0.291667 0.660015 0.29057 0.659248 0.29057 0.65848 0.288377 0.656946
0 0.189693 0.656178 0.189693 0.657713 0.190789 0.656946 0.190789 0.656178
0 0.25 0.652341 0.248904 0.653108 0.25 0.653108
0 0.199561 0.641596 0.196272 0.643899 0.196272 0.645434 0.198465 0.645434 0.200658 0.643899 0.200658 0.641596
0 0.239035 0.617805 0.239035 0.61934 0.240132 0.61934 0.241228 0.618573 0.241228 0.617805
0 0.608553 0.61627 0.608553 0.617038 0.609649 0.617805 0.610746 0.617805 0.611842 0.618573 0.614035 0.618573 0.616228 0.620107 0.620614 0.620107 0.618421 0.620107 0.617325 0.61934 0.616228 0.61934 0.615132 0.618573 0.615132 0.617805 0.614035 0.617805 0.612939 0.617038 0.611842 0.617038 0.610746 0.61627
0 0.244518 0.615503 0.244518 0.61627 0.245614 0.61627
0 0.123904 0.613968 0.123904 0.614735 0.125 0.614735 0.125 0.613968
0 0.252193 0.611665 0.251096 0.612433 0.25 0.612433 0.248904 0.6132 0.248904 0.613968 0.247807 0.614735 0.248904 0.615503 0.25 0.614735 0.25 0.6132 0.251096 0.612433 0.252193 0.612433 0.253289 0.6132 0.253289 0.613968 0.254386 0.613968 0.254386 0.612433 0.253289 0.611665
0 0.607456 0.593246 0.607456 0.594781 0.608553 0.594781 0.608553 0.594014
0 0.180921 0.581734 0.178728 0.583269 0.178728 0.584804 0.182018 0.584804 0.182018 0.584037 0.183114 0.583269 0.182018 0.582502 0.182018 0.581734
0 0.327851 0.574827 0.326754 0.575595 0.325658 0.575595 0.324561 0.576362 0.324561 0.57713 0.323465 0.577897 0.323465 0.5802 0.324561 0.580967 0.324561 0.581734 0.325658 0.582502 0.325658 0.583269 0.330044 0.586339 0.33114 0.586339 0.33443 0.584037 0.33443 0.580967 0.335526 0.5802 0.335526 0.57713 0.33443 0.576362 0.33443 0.575595 0.333333 0.574827
0 0.153509 0.574827 0.153509 0.575595 0.154605 0.575595
0 0.567982 0.57406 0.567982 0.577897 0.569079 0.578665 0.569079 0.579432 0.570175 0.5802 0.571272 0.5802 0.572368 0.580967 0.573465 0.5802 0.574561 0.5802 0.574561 0.57713 0.573465 0.576362 0.573465 0.575595 0.572368 0.574827 0.571272 0.574827 0.570175 0.57406
0 0.294956 0.571757 0.294956 0.573292 0.296053 0.572525 0.296053 0.571757
0 0.302632 0.568688 0.301535 0.569455 0.301535 0.570223 0.302632 0.570223 0.302632 0.569455 0.303728 0.568688
0 0.54386 0.561781 0.542763 0.562548 0.541667 0.562548 0.54057 0.563315 0.539474 0.563315 0.537281 0.56485 0.537281 0.565618 0.538377 0.566385 0.538377 0.567153 0.541667 0.569455 0.541667 0.570223 0.54386 0.571757 0.54386 0.573292 0.546053 0.574827 0.546053 0.575595 0.548246 0.57713 0.549342 0.57713 0.552632 0.579432 0.552632 0.5802 0.553728 0.5802 0.554825 0.580967 0.555921 0.580967 0.557018 0.581734 0.558114 0.581734 0.558114 0.5802 0.557018 0.579432 0.557018 0.575595 0.555921 0.574827 0.555921 0.57406 0.554825 0.573292 0.554825 0.572525 0.553728 0.571757 0.553728 0.57099 0.552632 0.570223 0.552632 0.568688 0.551535 0.56792 0.551535 0.566385 0.544956 0.561781
0 0.355263 0.557176 0.35307 0.558711 0.35307 0.559478 0.350877 0.561013 0.350877 0.570223 0.351974 0.57099 0.351974 0.573292 0.35307 0.57406 0.35307 0.57713 0.354167 0.577897 0.354167 0.585572 0.35636 0.587107 0.357456 0.587107 0.358553 0.587874 0.361842 0.587874 0.362939 0.588642 0.364035 0.588642 0.366228 0.587107 0.367325 0.587107 0.368421 0.586339 0.369518 0.586339 0.369518 0.585572 0.370614 0.584804 0.370614 0.583269 0.371711 0.582502 0.371711 0.581734 0.370614 0.580967 0.370614 0.576362 0.369518 0.575595 0.369518 0.571757 0.368421 0.57099 0.368421 0.568688 0.367325 0.56792 0.367325 0.56485 0.366228 0.564083 0.366228 0.563315 0.364035 0.561781 0.364035 0.560246 0.362939 0.559478 0.362939 0.558711 0.361842 0.558711 0.360746 0.557943 0.359649 0.557943 0.358553 0.557176 0.357456 0.557943 0.35636 0.557176
0 0.245614 0.550269 0.245614 0.551804 0.246711 0.551804 0.246711 0.550269
0 0.23136 0.541059 0.230263 0.541827 0.230263 0.544129 0.23136 0.544896 0.233553 0.544896 0.234649 0.544129 0.234649 0.541827 0.233553 0.541059
0 0.14364 0.540292 0.14364 0.541059 0.145833 0.541059 0.145833 0.540292
0 0.219298 0.521873 0.218202 0.52264 0.218202 0.524175 0.219298 0.524175 0.220395 0.524942 0.222588 0.523408 0.222588 0.521873
0 0.52193 0.513431 0.520833 0.514198 0.517544 0.514198 0.516447 0.514965 0.516447 0.517268 0.51864 0.518803 0.519737 0.518803 0.525219 0.52264 0.525219 0.523408 0.526316 0.52264 0.528509 0.52264 0.528509 0.518035 0.529605 0.517268 0.527412 0.515733 0.527412 0.514965 0.526316 0.514965 0.525219 0.514198 0.524123 0.514198 0.523026 0.513431
0 0.592105 0.502686 0.592105 0.503454 0.597588 0.503454 0.597588 0.502686
0 0.535088 0.501919 0.531798 0.504221 0.531798 0.508826 0.532895 0.509593 0.532895 0.510361 0.533991 0.511128 0.533991 0.511896 0.536184 0.513431 0.536184 0.514198 0.537281 0.514198 0.538377 0.514965 0.54057 0.514965 0.541667 0.515733 0.542763 0.515733 0.54386 0.5165 0.547149 0.5165 0.550439 0.514198 0.550439 0.506523 0.549342 0.505756 0.549342 0.504988 0.548246 0.504221 0.547149 0.504221 0.546053 0.503454 0.544956 0.503454 0.54386 0.502686 0.542763 0.502686 0.541667 0.501919
0 0.214912 0.501919 0.214912 0.504221 0.216009 0.504221 0.217105 0.504988 0.219298 0.504988 0.220395 0.504221 0.220395 0.503454 0.218202 0.501919
0 0.360746 0.495012 0.360746 0.497314 0.361842 0.498081 0.362939 0.498081 0.364035 0.498849 0.365132 0.498849 0.366228 0.499616 0.367325 0.499616 0.368421 0.500384 0.369518 0.500384 0.370614 0.501151 0.371711 0.501151 0.377193 0.504988 0.378289 0.504988 0.380482 0.506523 0.381579 0.506523 0.382675 0.507291 0.383772 0.507291 0.383772 0.504221 0.381579 0.502686 0.381579 0.501919 0.377193 0.498849 0.376096 0.498849 0.372807 0.496546 0.371711 0.496546 0.370614 0.495779 0.369518 0.495779 0.368421 0.495012
0 0.558114 0.494244 0.557018 0.495012 0.557018 0.496546 0.558114 0.497314 0.5625 0.497314 0.5625 0.495779 0.560307 0.494244
0 0.220395 0.493477 0.220395 0.494244 0.221491 0.495012 0.222588 0.495012 0.222588 0.494244 0.221491 0.493477
0 0.567982 0.486569 0.567982 0.488104 0.569079 0.488872 0.570175 0.488872 0.570175 0.488104
0 0.192982 0.48043 0.191886 0.481197 0.191886 0.481965 0.192982 0.481965 0.194079 0.482732 0.195175 0.482732 0.194079 0.481965 0.194079 0.481197
0 0.166667 0.48043 0.166667 0.481197 0.16557 0.481965 0.16557 0.482732 0.166667 0.482732 0.166667 0.481965 0.167763 0.481197 0.167763 0.48043
0 0.218202 0.479662 0.212719 0.4835 0.212719 0.484267 0.20943 0.486569 0.207237 0.486569 0.20614 0.485802 0.20614 0.486569 0.207237 0.487337 0.212719 0.487337 0.214912 0.488872 0.216009 0.488872 0.217105 0.489639 0.217105 0.488872 0.218202 0.488104 0.216009 0.486569 0.216009 0.485802 0.217105 0.485035 0.217105 0.482732 0.218202 0.481965
0 0.182018 0.478895 0.183114 0.478895 0.185307 0.48043 0.1875 0.48043 0.1875 0.479662 0.186404 0.478895
0 0.585526 0.478127 0.58443 0.478895 0.582237 0.478895 0.58114 0.479662 0.580044 0.479662 0.578947 0.48043 0.575658 0.48043 0.571272 0.4835 0.571272 0.485035 0.574561 0.485035 0.576754 0.4835 0.578947 0.4835 0.580044 0.482732 0.582237 0.482732 0.58443 0.481197 0.585526 0.481197 0.586623 0.48043 0.588816 0.48043 0.589912 0.479662 0.589912 0.478895 0.588816 0.479662 0.587719 0.479662
0 0.20614 0.47736 0.205044 0.478127 0.205044 0.479662 0.20614 0.48043 0.20614 0.481965 0.205044 0.482732 0.205044 0.4835 0.20614 0.4835 0.20614 0.481965 0.207237 0.481197 0.207237 0.48043 0.208333 0.479662 0.208333 0.478127 0.207237 0.47736
0 0.224781 0.47429 0.224781 0.475825 0.225877 0.476592 0.225877 0.47736 0.226974 0.47736 0.226974 0.475058 0.225877 0.47429
0 0.433114 0.455871 0.430921 0.457406 0.428728 0.457406 0.428728 0.458941 0.426535 0.460476 0.425439 0.460476 0.425439 0.462778 0.424342 0.463546 0.424342 0.465081 0.423246 0.465848 0.423246 0.467383 0.422149 0.46815 0.422149 0.470453 0.421053 0.47122 0.421053 0.472755 0.419956 0.473523 0.419956 0.475058 0.41886 0.475825 0.41886 0.478127 0.417763 0.478895 0.417763 0.479662 0.416667 0.48043 0.416667 0.4835 0.41557 0.484267 0.41557 0.485802 0.414474 0.486569 0.414474 0.488872 0.413377 0.489639 0.414474 0.490407 0.413377 0.491174 0.413377 0.491942 0.412281 0.492709 0.412281 0.495779 0.411184 0.496546 0.411184 0.498081 0.410088 0.498849 0.410088 0.504221 0.408991 0.504988 0.408991 0.511128 0.407895 0.511896 0.407895 0.518803 0.408991 0.518803 0.410088 0.51957 0.410088 0.520338 0.411184 0.51957 0.412281 0.520338 0.412281 0.521105 0.413377 0.521105 0.414474 0.520338 0.414474 0.518803 0.41557 0.518035 0.41557 0.517268 0.419956 0.514198 0.421053 0.514198 0.427632 0.509593 0.427632 0.508826 0.430921 0.506523 0.430921 0.505756 0.432018 0.504988 0.432018 0.503454 0.433114 0.502686 0.433114 0.501151 0.434211 0.500384 0.434211 0.498849 0.436404 0.497314 0.436404 0.496546 0.438596 0.495012 0.438596 0.494244 0.439693 0.493477 0.439693 0.491942 0.440789 0.491174 0.440789 0.490407 0.441886 0.489639 0.441886 0.488104 0.442982 0.487337 0.442982 0.481965 0.441886 0.481197 0.441886 0.479662 0.439693 0.478127 0.439693 0.47736 0.438596 0.476592 0.438596 0.475058 0.4375 0.47429 0.4375 0.468918 0.438596 0.46815 0.438596 0.462778 0.439693 0.462011 0.439693 0.461243 0.438596 0.460476 0.438596 0.459708 0.4375 0.458941 0.4375 0.456639 0.436404 0.456639 0.435307 0.457406
0 0.217105 0.438987 0.216009 0.439754 0.214912 0.439754 0.213816 0.440522 0.213816 0.441289 0.214912 0.442057 0.216009 0.442057 0.217105 0.442824 0.222588 0.442824 0.222588 0.442057 0.223684 0.441289 0.223684 0.440522 0.221491 0.438987
0 0.196272 0.42594 0.194079 0.427475 0.194079 0.428243 0.195175 0.42901 0.198465 0.42901 0.198465 0.427475
0 0.213816 0.419033 0.213816 0.420568 0.213816 0.4198 0.214912 0.419033
0 0.262061 0.416731 0.262061 0.417498 0.260965 0.418266 0.260965 0.4198 0.265351 0.42287 0.26864 0.42287 0.26864 0.422103 0.269737 0.421335 0.26864 0.420568 0.26864 0.419033 0.266447 0.417498 0.265351 0.417498 0.264254 0.416731
0 0.198465 0.412126 0.198465 0.412893 0.199561 0.412893 0.199561 0.412126
0 0.247807 0.390637 0.246711 0.391404 0.245614 0.391404 0.243421 0.392939 0.242325 0.392939 0.240132 0.394474 0.240132 0.395242 0.239035 0.396009 0.239035 0.396777 0.237939 0.397544 0.237939 0.398312 0.236842 0.399079 0.236842 0.400614 0.235746 0.401381 0.235746 0.402149 0.233553 0.403684 0.233553 0.404451 0.23136 0.405986 0.23136 0.406754 0.229167 0.408289 0.229167 0.409823 0.22807 0.410591 0.22807 0.413661 0.229167 0.413661 0.230263 0.414428 0.232456 0.414428 0.233553 0.415196 0.234649 0.415196 0.236842 0.413661 0.236842 0.412893 0.237939 0.412126 0.237939 0.409056 0.240132 0.407521 0.240132 0.406754 0.242325 0.405219 0.242325 0.404451 0.244518 0.402916 0.244518 0.401381 0.245614 0.400614 0.245614 0.399847 0.246711 0.399079 0.246711 0.398312 0.247807 0.397544 0.247807 0.396009 0.248904 0.395242 0.248904 0.393707 0.25 0.392939 0.25 0.391404 0.248904 0.390637
0 0.225877 0.37452 0.225877 0.375288 0.23136 0.379125 0.23136 0.379893 0.232456 0.38066 0.232456 0.381427 0.244518 0.381427 0.246711 0.382962 0.247807 0.382962 0.248904 0.38373 0.252193 0.38373 0.253289 0.382962 0.253289 0.381427 0.252193 0.38066 0.252193 0.379893 0.251096 0.379125 0.251096 0.378358 0.245614 0.378358 0.244518 0.379125 0.237939 0.379125 0.236842 0.378358 0.23136 0.378358 0.229167 0.376823 0.229167 0.376055 0.22807 0.375288 0.22807 0.37452
0 0.270833 0.359171 0.270833 0.361474 0.27193 0.362241 0.274123 0.362241 0.275219 0.361474 0.275219 0.359939 0.274123 0.359939 0.273026 0.359171
0 0.260965 0.353031 0.259868 0.353799 0.259868 0.355334 0.262061 0.356869 0.265351 0.356869 0.266447 0.356101 0.267544 0.356101 0.26864 0.355334 0.26864 0.353799 0.267544 0.353031
0 0.262061 0.333845 0.263158 0.333845 0.264254 0.334612 0.265351 0.334612 0.266447 0.33538 0.269737 0.33538 0.270833 0.336147 0.27193 0.336147 0.274123 0.337682 0.274123 0.339217 0.273026 0.339985 0.273026 0.340752 0.27193 0.34152 0.27193 0.342287 0.270833 0.343054 0.270833 0.343822 0.27193 0.344589 0.274123 0.344589 0.278509 0.34152 0.279605 0.34152 0.279605 0.340752 0.277412 0.339217 0.277412 0.33845 0.276316 0.337682 0.276316 0.336915 0.274123 0.33538 0.273026 0.33538 0.27193 0.334612 0.265351 0.334612 0.264254 0.333845
0 0.256579 0.331543 0.256579 0.33231 0.257675 0.33231 0.258772 0.333078 0.259868 0.333078 0.257675 0.331543
0 0.468202 0.320031 0.467105 0.320798 0.467105 0.323101 0.468202 0.323868 0.468202 0.324635 0.467105 0.325403 0.467105 0.327705 0.466009 0.328473 0.466009 0.330008 0.467105 0.330775 0.467105 0.331543 0.469298 0.333078 0.469298 0.333845 0.470395 0.334612 0.476974 0.334612 0.47807 0.333845 0.479167 0.333845 0.480263 0.333078 0.480263 0.331543 0.479167 0.330775 0.479167 0.328473 0.47807 0.327705 0.47807 0.32617 0.479167 0.325403 0.47807 0.324635 0.47807 0.323868 0.472588 0.320031
0 0.263158 0.301612 0.263158 0.303147 0.264254 0.303147 0.267544 0.305449 0.267544 0.303914 0.264254 0.301612
0 0.588816 0.300844 0.588816 0.301612 0.589912 0.301612 0.589912 0.300844
0 0.551535 0.298542 0.549342 0.300077 0.548246 0.300077 0.548246 0.301612 0.546053 0.303147 0.546053 0.303914 0.544956 0.304682 0.544956 0.306216 0.546053 0.306984 0.548246 0.306984 0.551535 0.304682 0.551535 0.303914 0.552632 0.303147 0.552632 0.302379 0.553728 0.301612 0.553728 0.299309 0.552632 0.298542
0 0.476974 0.298542 0.475877 0.299309 0.473684 0.299309 0.472588 0.300077 0.472588 0.304682 0.473684 0.305449 0.473684 0.306216 0.474781 0.306984 0.475877 0.306984 0.479167 0.309286 0.480263 0.309286 0.48136 0.308519 0.482456 0.308519 0.482456 0.306216 0.485746 0.303914 0.486842 0.303914 0.489035 0.302379 0.487939 0.301612 0.484649 0.301612 0.483553 0.300844 0.482456 0.300844 0.48136 0.300077 0.480263 0.300077 0.47807 0.298542
0 0.458333 0.2901 0.458333 0.290867 0.45943 0.290867 0.45943 0.2901
0 0.743421 0.289332 0.743421 0.2901 0.745614 0.2901 0.745614 0.289332
0 0.541667 0.285495 0.541667 0.286262 0.539474 0.287797 0.539474 0.290867 0.541667 0.290867 0.541667 0.2901 0.542763 0.289332 0.542763 0.286262
0 0.611842 0.281658 0.609649 0.283193 0.609649 0.284728 0.610746 0.284728 0.610746 0.28396 0.612939 0.282425
0 0.523026 0.28089 0.514254 0.28703 0.514254 0.287797 0.509868 0.290867 0.509868 0.291635 0.506579 0.293937 0.505482 0.293937 0.503289 0.295472 0.502193 0.295472 0.501096 0.296239 0.5 0.296239 0.5 0.297774 0.501096 0.298542 0.501096 0.299309 0.504386 0.301612 0.505482 0.301612 0.506579 0.302379 0.508772 0.302379 0.509868 0.301612 0.510965 0.301612 0.512061 0.300844 0.513158 0.300844 0.514254 0.300077 0.515351 0.300077 0.515351 0.299309 0.516447 0.298542 0.516447 0.297774 0.51864 0.296239 0.51864 0.295472 0.519737 0.294705 0.519737 0.293937 0.520833 0.29317 0.520833 0.291635 0.52193 0.290867 0.520833 0.2901 0.520833 0.287797 0.52193 0.28703 0.52193 0.285495 0.523026 0.284728
0 0.640351 0.280123 0.639254 0.28089 0.639254 0.283193 0.641447 0.283193 0.641447 0.282425 0.642544 0.281658 0.642544 0.28089 0.641447 0.280123
0 0.533991 0.280123 0.531798 0.281658 0.531798 0.282425 0.530702 0.283193 0.530702 0.284728 0.529605 0.285495 0.529605 0.286262 0.528509 0.28703 0.528509 0.289332 0.527412 0.2901 0.527412 0.296239 0.529605 0.297774 0.530702 0.297774 0.531798 0.297007 0.533991 0.297007 0.535088 0.297774 0.536184 0.297774 0.536184 0.296239 0.535088 0.295472 0.535088 0.294705 0.533991 0.293937 0.533991 0.29317 0.532895 0.292402 0.532895 0.291635 0.531798 0.290867 0.531798 0.289332 0.532895 0.288565 0.532895 0.28703 0.533991 0.286262 0.533991 0.283193 0.535088 0.282425 0.535088 0.280123
0 0.452851 0.265541 0.451754 0.266309 0.451754 0.267076 0.452851 0.267843 0.453947 0.267843 0.453947 0.266309
0 0.278509 0.258634 0.278509 0.259401 0.283991 0.263239 0.285088 0.263239 0.289474 0.266309 0.289474 0.265541 0.287281 0.264006 0.287281 0.263239 0.286184 0.263239 0.282895 0.260936 0.281798 0.260936
0 0.6875 0.256332 0.682018 0.260169 0.680921 0.260169 0.678728 0.261704 0.677632 0.261704 0.675439 0.263239 0.675439 0.264006 0.674342 0.264774 0.675439 0.265541 0.675439 0.266309 0.680921 0.266309 0.685307 0.263239 0.686404 0.263239 0.6875 0.262471 0.688596 0.262471 0.692982 0.259401 0.692982 0.257866 0.690789 0.256332
0 0.707237 0.255564 0.70614 0.256332 0.707237 0.256332 0.708333 0.257099 0.70943 0.257099 0.70943 0.256332 0.708333 0.255564
0 0.663377 0.255564 0.661184 0.257099 0.661184 0.257866 0.663377 0.259401 0.664474 0.259401 0.66557 0.258634 0.666667 0.258634 0.666667 0.255564
0 0.671053 0.251727 0.66886 0.253262 0.669956 0.254029 0.671053 0.253262 0.672149 0.253262 0.672149 0.251727
0 0.524123 0.24175 0.52193 0.243285 0.520833 0.243285 0.520833 0.244052 0.51864 0.245587 0.51864 0.247889 0.517544 0.248657 0.517544 0.252494 0.516447 0.253262 0.516447 0.257866 0.517544 0.258634 0.517544 0.260936 0.51864 0.261704 0.51864 0.262471 0.520833 0.264006 0.52193 0.264006 0.52193 0.262471 0.523026 0.261704 0.523026 0.259401 0.524123 0.258634 0.524123 0.256332 0.525219 0.255564 0.525219 0.250959 0.526316 0.250192 0.526316 0.247122 0.527412 0.246355 0.527412 0.242517 0.526316 0.242517 0.525219 0.24175
0 0.424342 0.240982 0.421053 0.243285 0.421053 0.248657 0.423246 0.250192 0.427632 0.250192 0.428728 0.249424 0.428728 0.245587 0.429825 0.24482 0.429825 0.243285 0.428728 0.242517 0.428728 0.24175 0.427632 0.24175 0.426535 0.240982
0 0.683114 0.23868 0.682018 0.239447 0.680921 0.239447 0.680921 0.240215 0.679825 0.240982 0.679825 0.24175 0.682018 0.24175 0.683114 0.240982 0.683114 0.239447 0.684211 0.23868
0 0.316886 0.236378 0.316886 0.237145 0.317982 0.237145 0.317982 0.236378
0 0.674342 0.233308 0.673246 0.234075 0.672149 0.234075 0.672149 0.234843 0.671053 0.23561 0.673246 0.234075 0.675439 0.234075 0.675439 0.233308
0 0.555921 0.224866 0.554825 0.225633 0.554825 0.226401 0.553728 0.227168 0.553728 0.231005 0.555921 0.22947 0.555921 0.228703 0.557018 0.227936 0.557018 0.224866
0 0.597588 0.223331 0.596491 0.224098 0.596491 0.224866 0.598684 0.223331
0 0.424342 0.221796 0.423246 0.222563 0.424342 0.222563 0.425439 0.223331 0.426535 0.223331 0.427632 0.222563 0.427632 0.221796 0.426535 0.222563 0.425439 0.221796
0 0.346491 0.218726 0.346491 0.221796 0.347588 0.221796 0.347588 0.218726
0 0.41886 0.217959 0.41886 0.219493 0.419956 0.220261 0.419956 0.221028 0.421053 0.221796 0.421053 0.221028 0.419956 0.220261 0.419956 0.219493 0.421053 0.218726 0.419956 0.217959
0 0.541667 0.217191 0.541667 0.217959 0.54057 0.218726 0.54057 0.227168 0.539474 0.227936 0.539474 0.22947 0.538377 0.230238 0.538377 0.233308 0.537281 0.234075 0.537281 0.236378 0.536184 0.237145 0.536184 0.23868 0.537281 0.239447 0.536184 0.240215 0.536184 0.247122 0.535088 0.247889 0.536184 0.247122 0.536184 0.246355 0.537281 0.245587 0.536184 0.24482 0.536184 0.243285 0.537281 0.242517 0.537281 0.240982 0.538377 0.240215 0.538377 0.239447 0.539474 0.23868 0.539474 0.237913 0.541667 0.236378 0.541667 0.234843 0.542763 0.234075 0.542763 0.227936 0.541667 0.227168 0.541667 0.226401 0.542763 0.225633 0.542763 0.224098 0.54386 0.223331 0.54386 0.222563 0.544956 0.221796 0.544956 0.219493 0.542763 0.217959 0.542763 0.217191
0 0.615132 0.214889 0.614035 0.215656 0.612939 0.215656 0.610746 0.217191 0.610746 0.218726 0.611842 0.217959 0.612939 0.217959 0.614035 0.217191 0.614035 0.216424 0.615132 0.215656
0 0.656798 0.211819 0.656798 0.212586 0.657895 0.213354 0.658991 0.213354 0.658991 0.212586 0.657895 0.211819
0 0.633772 0.211051 0.633772 0.211819 0.631579 0.213354 0.631579 0.214121 0.630482 0.214889 0.631579 0.214889 0.634868 0.212586 0.634868 0.211051
0 0.344298 0.209517 0.345395 0.210284 0.345395 0.211819 0.346491 0.212586 0.346491 0.211051 0.345395 0.210284 0.345395 0.209517
0 0.546053 0.204144 0.54386 0.205679 0.54386 0.207214 0.542763 0.207982 0.542763 0.210284 0.541667 0.211051 0.541667 0.211819 0.54386 0.213354 0.54386 0.212586 0.544956 0.211819 0.544956 0.211051 0.546053 0.210284 0.546053 0.209517 0.547149 0.208749 0.547149 0.206447 0.548246 0.205679 0.547149 0.204912 0.547149 0.204144
0 0.588816 0.198005 0.588816 0.19954 0.589912 0.19954 0.591009 0.198772 0.591009 0.198005
0 0.338816 0.1934 0.338816 0.197237 0.338816 0.195702 0.339912 0.194935 0.339912 0.194167
0 0.735746 0.188028 0.734649 0.188795 0.733553 0.188795 0.733553 0.189563 0.735746 0.189563
0 0.450658 0.184958 0.449561 0.185725 0.449561 0.194167 0.448465 0.194935 0.448465 0.201842 0.449561 0.202609 0.449561 0.204144 0.449561 0.19033 0.450658 0.189563
0 0.635965 0.175748 0.633772 0.177283 0.633772 0.179586 0.634868 0.180353 0.639254 0.180353 0.640351 0.179586 0.640351 0.177283 0.638158 0.175748
0 0.580044 0.167306 0.580044 0.168841 0.578947 0.169609 0.578947 0.170376 0.576754 0.171911 0.576754 0.173446 0.577851 0.173446 0.580044 0.171911 0.580044 0.170376 0.58114 0.169609 0.58114 0.167306
0 0.654605 0.154259 0.654605 0.155027 0.653509 0.155794 0.653509 0.162701 0.652412 0.163469 0.652412 0.166539 0.650219 0.168074 0.648026 0.168074 0.644737 0.165771 0.64364 0.165771 0.642544 0.165004 0.641447 0.165004 0.640351 0.165771 0.639254 0.165771 0.638158 0.165004 0.635965 0.166539 0.635965 0.168074 0.634868 0.168841 0.634868 0.169609 0.633772 0.170376 0.633772 0.171911 0.637061 0.171911 0.638158 0.171144 0.638158 0.170376 0.640351 0.168841 0.641447 0.168841 0.642544 0.169609 0.64693 0.169609 0.648026 0.170376 0.652412 0.170376 0.653509 0.169609 0.654605 0.169609 0.654605 0.168841 0.655702 0.168074 0.655702 0.165771 0.657895 0.164236 0.657895 0.161167 0.656798 0.160399 0.656798 0.155794 0.657895 0.155027 0.657895 0.154259
0 0.532895 0.132771 0.532895 0.133538 0.531798 0.134305 0.531798 0.136608 0.532895 0.136608 0.533991 0.137375 0.535088 0.137375 0.535088 0.135073 0.532895 0.133538
0 0.509868 0.131236 0.509868 0.133538 0.510965 0.134305 0.510965 0.131236
0 0.413377 0.131236 0.414474 0.132003 0.416667 0.132003 0.41557 0.131236
0 0.635965 0.112817 0.634868 0.113584 0.634868 0.116654 0.637061 0.116654 0.637061 0.115119 0.638158 0.114351 0.637061 0.113584 0.637061 0.112817
0 0.672149 0.100537 0.672149 0.101305 0.673246 0.102072 0.673246 0.101305
0 0.623904 0.0974674 0.620614 0.0997698 0.619518 0.0997698 0.616228 0.102072 0.616228 0.10284 0.617325 0.10284 0.622807 0.0990023 0.623904 0.0990023 0.623904 0.0982348 0.625 0.0974674
0 0.64693 0.0460476 0.645833 0.046815 0.645833 0.0475825 0.644737 0.04835 0.644737 0.0491174 0.642544 0.0506523 0.642544 0.0521873 0.64364 0.0521873 0.64364 0.0506523 0.644737 0.0498849 0.644737 0.0491174 0.645833 0.04835 0.645833 0.0475825 0.64693 0.046815
