0 0.270833 0.849578 0.270833 0.850345 0.27193 0.851113 0.27193 0.849578
0 0.366228 0.839601 0.365132 0.840368 0.367325 0.841903 0.367325 0.840368
0 0.246711 0.81888 0.244518 0.820414 0.244518 0.821182 0.245614 0.821182 0.247807 0.819647 0.247807 0.81888
0 0.264254 0.804298 0.263158 0.805065 0.263158 0.805833 0.255482 0.811205 0.255482 0.811972 0.254386 0.81274 0.254386 0.813507 0.253289 0.814275 0.253289 0.815042 0.253289 0.814275 0.265351 0.805833 0.265351 0.804298
0 0.398026 0.801995 0.398026 0.802763 0.399123 0.80353 0.399123 0.802763
0 0.339912 0.799693 0.338816 0.80046 0.338816 0.801228 0.337719 0.801995 0.337719 0.80353 0.336623 0.804298 0.336623 0.8066 0.335526 0.807368 0.335526 0.80967 0.336623 0.810437 0.336623 0.811205 0.338816 0.81274 0.338816 0.813507 0.339912 0.813507 0.339912 0.810437 0.338816 0.80967 0.338816 0.808135 0.339912 0.807368 0.339912 0.804298 0.341009 0.80353 0.341009 0.802763 0.342105 0.801995 0.342105 0.80046 0.343202 0.799693
0 0.240132 0.798926 0.240132 0.80046 0.241228 0.80046 0.241228 0.799693
0 0.389254 0.788949 0.389254 0.789716 0.391447 0.791251 0.392544 0.790483 0.390351 0.788949
0 0.275219 0.788949 0.275219 0.789716 0.274123 0.790483 0.276316 0.792018 0.277412 0.791251 0.278509 0.791251 0.279605 0.790483 0.279605 0.789716 0.278509 0.788949
0 0.335526 0.775902 0.335526 0.776669 0.337719 0.778204 0.339912 0.778204 0.338816 0.777437 0.338816 0.775902
0 0.294956 0.769762 0.29386 0.77053 0.294956 0.771297 0.294956 0.774367 0.296053 0.775134 0.297149 0.775134 0.298246 0.775902 0.299342 0.775134 0.300439 0.775134 0.302632 0.776669 0.303728 0.776669 0.304825 0.777437 0.307018 0.777437 0.308114 0.778204 0.309211 0.778204 0.310307 0.778972 0.311404 0.778972 0.317982 0.783576 0.317982 0.785111 0.321272 0.787414 0.322368 0.787414 0.323465 0.786646 0.323465 0.785111 0.322368 0.784344 0.322368 0.783576 0.323465 0.782809 0.323465 0.782041 0.324561 0.781274 0.324561 0.780507 0.326754 0.778972 0.326754 0.775902 0.323465 0.775902 0.321272 0.777437 0.320175 0.776669 0.316886 0.776669 0.315789 0.775902 0.315789 0.775134 0.314693 0.775134 0.313596 0.774367 0.3125 0.774367 0.311404 0.773599 0.310307 0.773599 0.309211 0.772832 0.308114 0.772832 0.307018 0.772064 0.303728 0.772064 0.302632 0.771297 0.301535 0.771297 0.300439 0.77053 0.299342 0.77053 0.298246 0.769762
0 0.358553 0.76746 0.357456 0.768227 0.35307 0.768227 0.350877 0.769762 0.350877 0.77053 0.349781 0.771297 0.348684 0.771297 0.347588 0.772064 0.345395 0.772064 0.343202 0.773599 0.342105 0.773599 0.341009 0.774367 0.341009 0.776669 0.342105 0.777437 0.342105 0.778204 0.343202 0.778972 0.346491 0.778972 0.347588 0.779739 0.348684 0.778972 0.349781 0.779739 0.350877 0.779739 0.355263 0.776669 0.35636 0.776669 0.357456 0.775902 0.358553 0.775902 0.359649 0.775134 0.362939 0.775134 0.364035 0.774367 0.365132 0.774367 0.366228 0.773599 0.369518 0.773599 0.370614 0.772832 0.371711 0.772832 0.372807 0.773599 0.373904 0.773599 0.373904 0.772064 0.372807 0.771297 0.372807 0.769762 0.370614 0.769762 0.369518 0.768995 0.365132 0.768995 0.364035 0.768227 0.361842 0.768227 0.360746 0.76746
0 0.264254 0.762855 0.263158 0.763622 0.263158 0.765157 0.265351 0.765157 0.265351 0.763622
0 0.429825 0.760553 0.428728 0.76132 0.428728 0.762087 0.427632 0.762855 0.427632 0.765157 0.425439 0.766692 0.425439 0.772832 0.426535 0.773599 0.426535 0.774367 0.425439 0.775134 0.425439 0.778204 0.426535 0.778972 0.426535 0.779739 0.428728 0.779739 0.428728 0.778972 0.427632 0.778204 0.427632 0.775902 0.426535 0.775134 0.426535 0.772832 0.427632 0.772064 0.427632 0.76746 0.428728 0.766692 0.428728 0.765925 0.429825 0.765157
0 0.537281 0.759018 0.538377 0.759785 0.538377 0.76132 0.539474 0.762087 0.539474 0.762855 0.539474 0.762087 0.538377 0.76132 0.538377 0.759018
0 0.236842 0.739831 0.236842 0.741366 0.237939 0.740599
0 0.220395 0.736761 0.220395 0.738296 0.219298 0.739064 0.219298 0.739831 0.220395 0.739831 0.220395 0.739064 0.221491 0.738296 0.221491 0.736761
0 0.519737 0.728319 0.520833 0.729087 0.520833 0.728319
0 0.442982 0.718342 0.441886 0.71911 0.440789 0.71911 0.440789 0.719877 0.439693 0.720645 0.439693 0.721412 0.440789 0.72218 0.440789 0.728319 0.442982 0.728319 0.447368 0.725249 0.447368 0.72218 0.446272 0.721412 0.446272 0.720645 0.445175 0.719877 0.445175 0.71911 0.444079 0.718342
0 0.425439 0.708365 0.424342 0.709133 0.423246 0.709133 0.423246 0.710668 0.422149 0.711435 0.422149 0.71604 0.423246 0.716807 0.422149 0.717575 0.423246 0.718342 0.423246 0.720645 0.424342 0.721412 0.424342 0.72218 0.425439 0.72218 0.427632 0.720645 0.427632 0.71911 0.428728 0.718342 0.428728 0.717575 0.429825 0.716807 0.429825 0.714505 0.430921 0.713738 0.430921 0.712203 0.429825 0.711435 0.429825 0.7099 0.428728 0.709133 0.427632 0.709133 0.426535 0.708365
0 0.583333 0.691481 0.583333 0.692249 0.58443 0.693016 0.58443 0.693784 0.585526 0.693784 0.586623 0.693016 0.58443 0.691481
0 0.298246 0.680737 0.296053 0.682272 0.296053 0.683039 0.294956 0.683807 0.294956 0.686876 0.296053 0.686876 0.297149 0.687644 0.300439 0.685342 0.301535 0.685342 0.301535 0.682272 0.300439 0.681504 0.300439 0.680737
0 0.310307 0.676132 0.309211 0.676899 0.308114 0.676899 0.303728 0.679969 0.303728 0.680737 0.304825 0.681504 0.305921 0.681504 0.307018 0.680737 0.309211 0.680737 0.310307 0.681504 0.310307 0.682272 0.311404 0.683039 0.311404 0.683807 0.3125 0.684574 0.3125 0.685342 0.315789 0.687644 0.315789 0.688411 0.319079 0.690714 0.319079 0.691481 0.322368 0.693784 0.322368 0.694551 0.323465 0.695318 0.323465 0.696853 0.324561 0.697621 0.324561 0.699923 0.325658 0.700691 0.325658 0.701458 0.326754 0.701458 0.327851 0.702226 0.328947 0.701458 0.330044 0.701458 0.33114 0.700691 0.33114 0.698388 0.328947 0.696853 0.326754 0.696853 0.322368 0.693784 0.322368 0.693016 0.321272 0.692249 0.321272 0.690714 0.320175 0.689946 0.320175 0.689179 0.319079 0.688411 0.319079 0.686876 0.317982 0.686109 0.317982 0.685342 0.316886 0.684574 0.316886 0.683807 0.313596 0.681504 0.313596 0.680737 0.3125 0.679969 0.3125 0.678434 0.310307 0.676899
0 0.557018 0.669225 0.555921 0.669992 0.555921 0.673062 0.557018 0.67383 0.557018 0.674597 0.558114 0.675365 0.560307 0.675365 0.560307 0.67383 0.561404 0.673062 0.561404 0.671527 0.560307 0.67076 0.560307 0.669992 0.559211 0.669225
0 0.591009 0.668457 0.587719 0.67076 0.587719 0.671527 0.589912 0.671527 0.591009 0.67076 0.591009 0.669225 0.592105 0.668457
0 0.447368 0.665388 0.445175 0.666922 0.442982 0.666922 0.440789 0.668457 0.438596 0.668457 0.4375 0.669225 0.4375 0.67076 0.436404 0.671527 0.436404 0.67383 0.4375 0.674597 0.4375 0.678434 0.439693 0.679969 0.440789 0.679969 0.444079 0.682272 0.445175 0.682272 0.446272 0.683039 0.450658 0.683039 0.451754 0.682272 0.452851 0.682272 0.453947 0.681504 0.453947 0.680737 0.452851 0.679969 0.452851 0.678434 0.453947 0.677667 0.453947 0.676132 0.455044 0.675365 0.455044 0.67383 0.451754 0.671527 0.451754 0.67076 0.450658 0.669992 0.450658 0.669225 0.448465 0.66769 0.448465 0.666922 0.447368 0.666155
0 0.3125 0.663853 0.3125 0.666922 0.313596 0.66769 0.313596 0.669225 0.314693 0.669992 0.314693 0.67076 0.315789 0.67076 0.316886 0.671527 0.317982 0.671527 0.317982 0.67076 0.319079 0.669992 0.317982 0.669225 0.317982 0.666922 0.316886 0.666155 0.316886 0.665388 0.314693 0.663853
0 0.292763 0.654643 0.292763 0.65848 0.294956 0.660015 0.297149 0.660015 0.298246 0.659248 0.298246 0.65848 0.297149 0.657713 0.297149 0.656946 0.29386 0.654643
0 0.248904 0.653108 0.248904 0.653876 0.25 0.653876 0.25 0.653108
0 0.144737 0.643899 0.14364 0.644666 0.144737 0.645434
0 0.220395 0.626247 0.216009 0.629317 0.216009 0.630084 0.214912 0.630852 0.214912 0.631619 0.216009 0.632387 0.213816 0.633922 0.212719 0.633922 0.211623 0.633154 0.212719 0.632387 0.210526 0.633922 0.210526 0.634689 0.20943 0.635457 0.20943 0.636224 0.210526 0.636224 0.211623 0.635457 0.212719 0.635457 0.212719 0.634689 0.223684 0.627015 0.222588 0.626247
0 0.145833 0.624712 0.144737 0.62548 0.145833 0.62548
0 0.60307 0.611665 0.601974 0.612433 0.604167 0.613968 0.605263 0.613968 0.605263 0.612433 0.604167 0.611665
0 0.141447 0.607828 0.140351 0.608596 0.140351 0.609363 0.141447 0.609363
0 0.208333 0.600153 0.208333 0.601688 0.20943 0.600921
0 0.608553 0.595549 0.609649 0.596316 0.609649 0.595549
0 0.698465 0.582502 0.699561 0.583269 0.700658 0.583269 0.699561 0.582502
0 0.552632 0.578665 0.552632 0.579432 0.553728 0.5802 0.553728 0.582502 0.554825 0.583269 0.554825 0.584037 0.557018 0.585572 0.558114 0.585572 0.559211 0.586339 0.560307 0.586339 0.561404 0.587107 0.565789 0.587107 0.566886 0.587874 0.567982 0.587107 0.569079 0.587874 0.569079 0.587107 0.570175 0.586339 0.570175 0.585572 0.566886 0.583269 0.565789 0.583269 0.564693 0.582502 0.563596 0.582502 0.560307 0.5802 0.559211 0.5802 0.558114 0.579432 0.557018 0.579432 0.555921 0.578665
0 0.574561 0.57713 0.572368 0.578665 0.572368 0.5802 0.573465 0.580967 0.573465 0.583269 0.574561 0.584037 0.576754 0.584037 0.576754 0.583269 0.577851 0.582502 0.577851 0.5802 0.578947 0.579432 0.575658 0.57713
0 0.185307 0.57713 0.185307 0.5802 0.1875 0.5802 0.1875 0.579432 0.188596 0.578665 0.188596 0.577897 0.1875 0.57713
0 0.164474 0.57406 0.163377 0.574827 0.16557 0.574827 0.166667 0.57406
0 0.328947 0.571757 0.327851 0.572525 0.327851 0.5802 0.326754 0.580967 0.326754 0.582502 0.327851 0.583269 0.327851 0.584037 0.328947 0.584804 0.328947 0.585572 0.332237 0.587874 0.335526 0.587874 0.335526 0.587107 0.337719 0.585572 0.337719 0.584804 0.338816 0.584037 0.338816 0.582502 0.339912 0.581734 0.338816 0.580967 0.338816 0.578665 0.337719 0.577897 0.337719 0.57713 0.336623 0.57713 0.335526 0.576362 0.335526 0.575595 0.333333 0.57406 0.333333 0.573292 0.33114 0.571757
0 0.294956 0.563315 0.294956 0.564083 0.296053 0.56485 0.296053 0.563315
0 0.54386 0.561781 0.542763 0.562548 0.541667 0.562548 0.537281 0.565618 0.537281 0.566385 0.538377 0.567153 0.538377 0.56792 0.542763 0.57099 0.546053 0.57099 0.547149 0.570223 0.548246 0.57099 0.553728 0.57099 0.553728 0.568688 0.548246 0.56485 0.548246 0.564083 0.544956 0.561781
0 0.360746 0.558711 0.359649 0.559478 0.355263 0.559478 0.355263 0.561013 0.35307 0.562548 0.35307 0.564083 0.351974 0.56485 0.351974 0.569455 0.35307 0.570223 0.35307 0.57406 0.354167 0.574827 0.354167 0.57713 0.355263 0.577897 0.355263 0.584037 0.354167 0.584804 0.358553 0.587874 0.358553 0.588642 0.360746 0.588642 0.361842 0.589409 0.366228 0.589409 0.367325 0.588642 0.368421 0.588642 0.369518 0.589409 0.370614 0.588642 0.370614 0.587874 0.371711 0.587107 0.371711 0.586339 0.372807 0.585572 0.372807 0.582502 0.373904 0.581734 0.372807 0.580967 0.372807 0.575595 0.371711 0.574827 0.371711 0.572525 0.370614 0.571757 0.370614 0.567153 0.369518 0.566385 0.369518 0.565618 0.368421 0.56485 0.368421 0.563315 0.362939 0.559478 0.361842 0.559478
0 0.244518 0.551804 0.244518 0.552571 0.245614 0.552571 0.245614 0.551804
0 0.234649 0.541827 0.233553 0.542594 0.232456 0.542594 0.232456 0.544896 0.234649 0.546431 0.235746 0.545664 0.236842 0.545664 0.236842 0.543361
0 0.148026 0.537222 0.148026 0.538757 0.149123 0.538757 0.150219 0.537989 0.149123 0.537222
0 0.561404 0.526477 0.561404 0.527245 0.5625 0.527245 0.5625 0.526477
0 0.287281 0.524942 0.287281 0.52571 0.288377 0.526477 0.289474 0.526477 0.289474 0.52571 0.288377 0.524942
0 0.223684 0.520338 0.223684 0.521105 0.224781 0.521105
0 0.524123 0.514198 0.523026 0.514965 0.52193 0.514965 0.520833 0.515733 0.519737 0.515733 0.51864 0.5165 0.517544 0.5165 0.516447 0.517268 0.516447 0.518035 0.51864 0.51957 0.51864 0.520338 0.523026 0.523408 0.526316 0.523408 0.528509 0.521873 0.528509 0.521105 0.529605 0.520338 0.529605 0.517268 0.528509 0.5165 0.528509 0.515733 0.527412 0.514965 0.526316 0.514965 0.525219 0.514198
0 0.234649 0.509593 0.233553 0.510361 0.233553 0.511128 0.232456 0.511896 0.232456 0.512663 0.233553 0.513431 0.234649 0.513431 0.235746 0.512663 0.236842 0.512663 0.236842 0.510361 0.235746 0.509593
0 0.572368 0.507291 0.572368 0.508058 0.573465 0.507291
0 0.563596 0.504988 0.5625 0.505756 0.563596 0.506523 0.563596 0.509593 0.564693 0.509593 0.565789 0.508826 0.565789 0.505756 0.564693 0.504988
0 0.536184 0.504988 0.533991 0.506523 0.533991 0.511896 0.535088 0.512663 0.535088 0.513431 0.536184 0.514198 0.537281 0.514198 0.539474 0.515733 0.54057 0.515733 0.542763 0.517268 0.544956 0.517268 0.546053 0.518035 0.548246 0.518035 0.549342 0.518803 0.550439 0.518035 0.551535 0.518035 0.552632 0.517268 0.552632 0.515733 0.553728 0.514965 0.553728 0.514198 0.552632 0.513431 0.552632 0.509593 0.551535 0.508826 0.551535 0.507291 0.549342 0.505756 0.547149 0.505756 0.546053 0.504988
0 0.559211 0.499616 0.559211 0.500384 0.558114 0.501151 0.558114 0.501919 0.559211 0.501919 0.560307 0.502686 0.563596 0.502686 0.563596 0.501919 0.564693 0.501151 0.564693 0.499616
0 0.23136 0.475058 0.229167 0.476592 0.22807 0.476592 0.226974 0.47736 0.226974 0.478127 0.224781 0.479662 0.224781 0.481197 0.226974 0.481197 0.22807 0.481965 0.232456 0.481965 0.236842 0.478895 0.236842 0.478127 0.235746 0.47736 0.235746 0.475825 0.234649 0.475058
0 0.432018 0.462011 0.430921 0.462778 0.430921 0.463546 0.427632 0.465848 0.427632 0.466616 0.426535 0.467383 0.426535 0.468918 0.425439 0.469685 0.425439 0.47122 0.423246 0.472755 0.423246 0.47429 0.422149 0.475058 0.422149 0.47736 0.421053 0.478127 0.421053 0.478895 0.41886 0.48043 0.41886 0.481965 0.417763 0.482732 0.417763 0.4835 0.416667 0.484267 0.416667 0.485802 0.41557 0.486569 0.41557 0.488104 0.414474 0.488872 0.414474 0.489639 0.412281 0.491174 0.412281 0.491942 0.411184 0.492709 0.411184 0.493477 0.410088 0.494244 0.410088 0.495779 0.408991 0.496546 0.408991 0.499616 0.407895 0.500384 0.407895 0.501151 0.406798 0.501919 0.406798 0.502686 0.405702 0.503454 0.405702 0.504988 0.401316 0.508058 0.400219 0.507291 0.399123 0.507291 0.399123 0.508058 0.400219 0.508826 0.401316 0.508826 0.402412 0.509593 0.402412 0.511128 0.403509 0.511896 0.403509 0.514198 0.404605 0.514965 0.404605 0.517268 0.405702 0.518035 0.405702 0.521105 0.406798 0.521873 0.406798 0.52264 0.405702 0.523408 0.405702 0.524175 0.406798 0.524942 0.406798 0.528012 0.408991 0.529547 0.408991 0.531082 0.410088 0.531082 0.411184 0.53185 0.411184 0.532617 0.412281 0.532617 0.412281 0.531082 0.414474 0.529547 0.414474 0.528012 0.41557 0.527245 0.41557 0.52571 0.417763 0.524175 0.417763 0.52264 0.41886 0.521873 0.41886 0.520338 0.419956 0.51957 0.419956 0.518803 0.423246 0.5165 0.423246 0.514965 0.425439 0.513431 0.425439 0.511128 0.426535 0.510361 0.425439 0.509593 0.426535 0.508826 0.426535 0.508058 0.427632 0.507291 0.427632 0.506523 0.428728 0.505756 0.428728 0.504221 0.429825 0.503454 0.429825 0.502686 0.430921 0.501919 0.430921 0.500384 0.432018 0.499616 0.432018 0.498849 0.433114 0.498081 0.433114 0.496546 0.434211 0.495779 0.434211 0.495012 0.435307 0.494244 0.435307 0.493477 0.436404 0.492709 0.436404 0.491174 0.4375 0.490407 0.4375 0.488872 0.438596 0.488104 0.438596 0.484267 0.4375 0.4835 0.4375 0.48043 0.436404 0.479662 0.436404 0.471988 0.4375 0.47122 0.4375 0.462778 0.435307 0.462778 0.434211 0.462011
0 0.226974 0.437452 0.224781 0.438987 0.224781 0.440522 0.225877 0.441289 0.225877 0.442057 0.226974 0.442057 0.22807 0.442824 0.230263 0.442824 0.232456 0.441289 0.232456 0.439754 0.230263 0.438219 0.230263 0.437452
0 0.201754 0.436685 0.201754 0.438219 0.203947 0.439754 0.205044 0.439754 0.207237 0.441289 0.20943 0.441289 0.20943 0.440522 0.210526 0.439754 0.20943 0.438987 0.20943 0.438219 0.208333 0.438219 0.20614 0.436685
0 0.190789 0.427475 0.190789 0.430545 0.194079 0.430545 0.194079 0.429777 0.195175 0.42901 0.195175 0.428243 0.194079 0.427475
0 0.26864 0.4198 0.266447 0.421335 0.266447 0.42287 0.270833 0.42594 0.274123 0.42594 0.275219 0.425173 0.275219 0.423638 0.274123 0.42287 0.274123 0.421335 0.27193 0.4198
0 0.234649 0.410591 0.233553 0.411358 0.232456 0.411358 0.232456 0.412126 0.23136 0.412893 0.23136 0.414428 0.233553 0.415963 0.234649 0.415963 0.235746 0.416731 0.237939 0.416731 0.239035 0.415963 0.240132 0.415963 0.240132 0.415196 0.241228 0.414428 0.241228 0.412893 0.240132 0.412126 0.240132 0.411358 0.239035 0.410591
0 0.25 0.38373 0.248904 0.384497 0.25 0.385265 0.25 0.386032 0.25 0.384497 0.251096 0.38373
0 0.221491 0.382962 0.221491 0.384497 0.222588 0.384497 0.223684 0.38373 0.223684 0.382962
0 0.755482 0.375288 0.754386 0.376055 0.755482 0.376055 0.756579 0.376823 0.756579 0.376055
0 0.219298 0.364543 0.220395 0.364543 0.221491 0.365311 0.222588 0.365311 0.221491 0.364543
0 0.751096 0.363776 0.751096 0.365311 0.752193 0.365311 0.753289 0.364543 0.754386 0.364543 0.753289 0.364543 0.752193 0.363776
0 0.273026 0.361474 0.273026 0.365311 0.274123 0.366078 0.276316 0.366078 0.278509 0.364543 0.278509 0.362241 0.277412 0.361474
0 0.260965 0.356869 0.259868 0.357636 0.259868 0.358404 0.260965 0.359171 0.262061 0.359171 0.263158 0.358404 0.263158 0.357636 0.262061 0.356869
0 0.273026 0.350729 0.270833 0.352264 0.270833 0.353799 0.27193 0.354566 0.273026 0.354566 0.274123 0.355334 0.278509 0.355334 0.278509 0.353031 0.275219 0.350729
0 0.735746 0.347659 0.734649 0.348427 0.734649 0.349194 0.735746 0.349194 0.736842 0.348427
0 0.287281 0.32924 0.286184 0.330008 0.286184 0.330775 0.285088 0.331543 0.285088 0.333078 0.283991 0.333845 0.283991 0.33538 0.282895 0.336147 0.282895 0.340752 0.285088 0.340752 0.286184 0.339985 0.286184 0.333845 0.287281 0.333078 0.287281 0.33231 0.288377 0.331543 0.288377 0.330775 0.289474 0.330008 0.289474 0.32924
0 0.29057 0.319263 0.29057 0.320031 0.291667 0.320798 0.291667 0.322333 0.292763 0.323101 0.292763 0.323868 0.29386 0.323868 0.29386 0.321566 0.292763 0.320798 0.292763 0.320031 0.291667 0.319263
0 0.258772 0.318496 0.258772 0.319263 0.260965 0.320798 0.260965 0.323101 0.262061 0.323868 0.262061 0.324635 0.262061 0.323868 0.263158 0.323101 0.263158 0.322333 0.262061 0.321566 0.262061 0.320031 0.260965 0.319263 0.259868 0.319263
0 0.467105 0.316961 0.464912 0.318496 0.464912 0.320031 0.466009 0.320798 0.466009 0.322333 0.467105 0.323101 0.467105 0.324635 0.469298 0.32617 0.469298 0.326938 0.470395 0.327705 0.470395 0.328473 0.471491 0.32924 0.471491 0.330775 0.473684 0.33231 0.480263 0.33231 0.48136 0.331543 0.48136 0.330775 0.482456 0.330008 0.482456 0.326938 0.48136 0.32617 0.48136 0.325403 0.480263 0.324635 0.480263 0.323101 0.47807 0.321566 0.47807 0.320798 0.472588 0.316961
0 0.472588 0.301612 0.471491 0.302379 0.471491 0.305449 0.472588 0.306216 0.472588 0.307751 0.475877 0.310054 0.475877 0.310821 0.476974 0.310821 0.479167 0.312356 0.48136 0.312356 0.482456 0.311589 0.482456 0.308519 0.48136 0.307751 0.48136 0.306984 0.480263 0.306216 0.480263 0.304682 0.479167 0.303914 0.479167 0.303147 0.476974 0.301612
0 0.594298 0.298542 0.594298 0.300077 0.596491 0.300077 0.597588 0.299309 0.597588 0.298542
0 0.58443 0.296239 0.58443 0.299309 0.585526 0.299309 0.585526 0.297007
0 0.494518 0.296239 0.493421 0.297007 0.492325 0.297007 0.492325 0.297774 0.490132 0.299309 0.490132 0.301612 0.491228 0.302379 0.491228 0.303147 0.492325 0.303914 0.494518 0.303914 0.495614 0.304682 0.508772 0.304682 0.515351 0.300077 0.515351 0.299309 0.514254 0.298542 0.514254 0.297774 0.513158 0.297774 0.512061 0.298542 0.510965 0.298542 0.509868 0.297774 0.508772 0.298542 0.504386 0.298542 0.503289 0.297774 0.502193 0.297774 0.501096 0.297007 0.496711 0.297007 0.495614 0.296239
0 0.544956 0.288565 0.539474 0.292402 0.539474 0.29317 0.532895 0.297774 0.532895 0.298542 0.531798 0.299309 0.531798 0.308519 0.532895 0.309286 0.532895 0.311589 0.533991 0.312356 0.533991 0.313124 0.535088 0.313891 0.535088 0.315426 0.537281 0.316961 0.537281 0.318496 0.538377 0.319263 0.538377 0.322333 0.539474 0.323101 0.539474 0.325403 0.542763 0.327705 0.546053 0.327705 0.547149 0.326938 0.549342 0.326938 0.552632 0.324635 0.552632 0.322333 0.551535 0.321566 0.551535 0.319263 0.550439 0.318496 0.550439 0.317728 0.549342 0.316961 0.549342 0.316193 0.548246 0.315426 0.548246 0.314658 0.547149 0.313891 0.547149 0.312356 0.546053 0.311589 0.546053 0.310821 0.544956 0.310054 0.544956 0.309286 0.54386 0.308519 0.54386 0.302379 0.544956 0.301612 0.544956 0.300844 0.546053 0.300077 0.546053 0.299309 0.550439 0.296239 0.550439 0.29317 0.549342 0.292402 0.549342 0.290867 0.548246 0.2901 0.548246 0.289332 0.547149 0.288565
0 0.632675 0.285495 0.631579 0.286262 0.630482 0.286262 0.629386 0.28703 0.629386 0.288565 0.632675 0.288565 0.633772 0.287797 0.634868 0.287797 0.635965 0.28703 0.637061 0.28703 0.637061 0.285495
0 0.544956 0.270913 0.54386 0.271681 0.54386 0.272448 0.542763 0.273216 0.542763 0.276285 0.541667 0.277053 0.541667 0.28089 0.542763 0.281658 0.54386 0.281658 0.54386 0.28089 0.544956 0.280123 0.544956 0.277053 0.546053 0.276285 0.546053 0.273216 0.544956 0.272448
0 0.651316 0.267076 0.650219 0.267843 0.649123 0.267843 0.648026 0.268611 0.64693 0.267843 0.645833 0.267843 0.644737 0.268611 0.638158 0.268611 0.635965 0.270146 0.635965 0.271681 0.634868 0.272448 0.634868 0.273216 0.632675 0.274751 0.632675 0.275518 0.631579 0.276285 0.631579 0.277053 0.630482 0.27782 0.630482 0.278588 0.631579 0.278588 0.632675 0.279355 0.633772 0.279355 0.634868 0.278588 0.635965 0.278588 0.638158 0.277053 0.638158 0.276285 0.639254 0.275518 0.639254 0.274751 0.641447 0.273216 0.64693 0.273216 0.649123 0.271681 0.649123 0.270913 0.650219 0.270146 0.651316 0.270146 0.652412 0.269378 0.653509 0.269378 0.654605 0.268611 0.654605 0.267076
0 0.291667 0.266309 0.291667 0.267076 0.29386 0.268611 0.294956 0.267843 0.292763 0.266309
0 0.58443 0.262471 0.58443 0.263239 0.582237 0.264774 0.583333 0.264006 0.58443 0.264006
0 0.591009 0.261704 0.589912 0.262471 0.586623 0.262471 0.586623 0.263239 0.588816 0.263239 0.589912 0.262471 0.592105 0.262471 0.593202 0.263239 0.594298 0.263239 0.595395 0.264006 0.596491 0.264006 0.594298 0.262471 0.592105 0.262471
0 0.645833 0.258634 0.644737 0.259401 0.64364 0.259401 0.642544 0.260169 0.642544 0.261704 0.641447 0.262471 0.641447 0.263239 0.642544 0.263239 0.64364 0.264006 0.644737 0.263239 0.645833 0.263239 0.64693 0.262471 0.648026 0.262471 0.648026 0.261704 0.649123 0.260936 0.649123 0.260169 0.650219 0.259401 0.649123 0.258634
0 0.692982 0.257866 0.692982 0.259401 0.694079 0.260169 0.695175 0.260169 0.695175 0.257866
0 0.449561 0.257866 0.449561 0.260936 0.450658 0.261704 0.452851 0.260169 0.452851 0.259401 0.451754 0.258634 0.451754 0.257866
0 0.708333 0.254797 0.708333 0.256332 0.710526 0.256332 0.710526 0.255564 0.70943 0.254797
0 0.457237 0.250192 0.457237 0.254029 0.457237 0.251727 0.458333 0.250959 0.458333 0.250192
0 0.653509 0.249424 0.651316 0.250959 0.652412 0.251727 0.653509 0.251727
0 0.432018 0.234843 0.429825 0.236378 0.428728 0.236378 0.422149 0.240982 0.422149 0.24175 0.423246 0.242517 0.423246 0.243285 0.425439 0.24482 0.429825 0.24482 0.432018 0.243285 0.432018 0.242517 0.433114 0.24175 0.433114 0.240982 0.434211 0.240215 0.434211 0.239447 0.435307 0.23868 0.435307 0.237145
0 0.325658 0.23254 0.326754 0.23254 0.327851 0.233308 0.327851 0.23254
0 0.591009 0.227936 0.589912 0.228703 0.588816 0.228703 0.587719 0.22947 0.586623 0.22947 0.582237 0.23254 0.58114 0.23254 0.580044 0.233308 0.580044 0.234075 0.575658 0.237145 0.574561 0.237145 0.574561 0.237913 0.573465 0.23868 0.572368 0.23868 0.566886 0.242517 0.566886 0.243285 0.563596 0.245587 0.563596 0.246355 0.558114 0.250192 0.558114 0.250959 0.555921 0.252494 0.555921 0.253262 0.554825 0.254029 0.554825 0.254797 0.553728 0.255564 0.553728 0.256332 0.554825 0.257099 0.561404 0.252494 0.561404 0.251727 0.5625 0.250959 0.563596 0.250959 0.564693 0.250192 0.564693 0.249424 0.567982 0.247122 0.567982 0.246355 0.566886 0.247122 0.565789 0.247122 0.564693 0.246355 0.564693 0.245587 0.567982 0.243285 0.569079 0.244052 0.569079 0.24482 0.575658 0.240215 0.576754 0.240215 0.578947 0.23868 0.578947 0.237913 0.580044 0.237145 0.580044 0.236378 0.582237 0.234843 0.583333 0.234843 0.585526 0.233308 0.586623 0.233308 0.588816 0.231773 0.589912 0.231773 0.593202 0.22947 0.593202 0.227936
0 0.524123 0.227936 0.523026 0.228703 0.523026 0.231773 0.52193 0.23254 0.52193 0.237913 0.523026 0.23868 0.523026 0.242517 0.524123 0.243285 0.524123 0.247122 0.525219 0.247889 0.525219 0.248657 0.526316 0.249424 0.527412 0.248657 0.527412 0.247122 0.528509 0.246355 0.528509 0.245587 0.529605 0.24482 0.529605 0.242517 0.530702 0.24175 0.530702 0.240982 0.529605 0.240215 0.529605 0.239447 0.530702 0.23868 0.530702 0.237913 0.531798 0.237145 0.531798 0.233308 0.530702 0.23254 0.530702 0.231005 0.529605 0.230238 0.529605 0.228703 0.528509 0.227936
0 0.614035 0.226401 0.614035 0.227936 0.615132 0.228703 0.614035 0.22947 0.614035 0.230238 0.612939 0.231005 0.612939 0.231773 0.611842 0.23254 0.610746 0.23254 0.609649 0.233308 0.608553 0.233308 0.60636 0.234843 0.60636 0.23561 0.605263 0.236378 0.605263 0.23868 0.601974 0.240982 0.601974 0.24175 0.60307 0.240982 0.604167 0.240982 0.605263 0.240215 0.605263 0.239447 0.60636 0.23868 0.60636 0.237913 0.605263 0.237145 0.605263 0.236378 0.607456 0.234843 0.610746 0.234843 0.615132 0.231773 0.615132 0.231005 0.616228 0.230238 0.615132 0.22947 0.615132 0.227168
0 0.433114 0.218726 0.432018 0.219493 0.433114 0.220261 0.433114 0.221028 0.434211 0.220261 0.434211 0.218726
0 0.650219 0.216424 0.648026 0.217959 0.648026 0.218726 0.64693 0.219493 0.648026 0.220261 0.649123 0.220261 0.651316 0.218726 0.651316 0.217191 0.652412 0.216424
0 0.547149 0.205679 0.544956 0.207214 0.544956 0.207982 0.54386 0.208749 0.54386 0.210284 0.542763 0.211051 0.542763 0.212586 0.541667 0.213354 0.541667 0.221028 0.542763 0.221796 0.54386 0.221796 0.546053 0.220261 0.546053 0.217959 0.547149 0.217191 0.547149 0.216424 0.548246 0.215656 0.548246 0.206447
0 0.722588 0.194167 0.722588 0.194935 0.723684 0.195702 0.724781 0.195702 0.725877 0.194935 0.725877 0.194167
0 0.33443 0.188028 0.336623 0.189563 0.337719 0.189563 0.335526 0.188028
0 0.388158 0.184958 0.387061 0.185725 0.387061 0.186493 0.388158 0.186493
0 0.333333 0.18112 0.332237 0.181888 0.332237 0.185725 0.332237 0.183423 0.333333 0.182655
0 0.416667 0.176516 0.416667 0.183423 0.417763 0.18419 0.417763 0.184958 0.41886 0.185725 0.41886 0.186493 0.421053 0.188028 0.421053 0.19033 0.422149 0.19033 0.422149 0.18726 0.421053 0.186493 0.421053 0.185725 0.41886 0.18419 0.41886 0.183423 0.417763 0.182655 0.417763 0.180353 0.416667 0.179586
0 0.734649 0.175748 0.735746 0.176516 0.736842 0.175748
0 0.743421 0.173446 0.741228 0.174981 0.740132 0.174981 0.742325 0.174981 0.743421 0.174213 0.744518 0.174213 0.745614 0.173446 0.746711 0.173446
0 0.560307 0.172678 0.559211 0.173446 0.559211 0.174213 0.558114 0.174981 0.558114 0.176516 0.557018 0.177283 0.557018 0.180353 0.557018 0.179586 0.559211 0.178051 0.559211 0.177283 0.560307 0.176516 0.560307 0.174981 0.561404 0.174213 0.561404 0.172678
0 0.705044 0.168074 0.705044 0.168841 0.70614 0.168841
0 0.641447 0.164236 0.641447 0.165004 0.640351 0.165771 0.640351 0.166539 0.639254 0.167306 0.639254 0.168074 0.638158 0.168841 0.638158 0.169609 0.633772 0.172678 0.633772 0.173446 0.632675 0.174213 0.632675 0.175748 0.631579 0.176516 0.631579 0.178051 0.626096 0.181888 0.626096 0.182655 0.625 0.183423 0.625 0.186493 0.623904 0.18726 0.623904 0.188795 0.622807 0.189563 0.621711 0.189563 0.618421 0.191865 0.618421 0.192632 0.617325 0.1934 0.617325 0.194167 0.616228 0.194935 0.616228 0.19647 0.617325 0.197237 0.617325 0.198005 0.618421 0.198772 0.618421 0.200307 0.619518 0.200307 0.621711 0.198772 0.622807 0.198772 0.625 0.197237 0.626096 0.197237 0.626096 0.19647 0.628289 0.194935 0.628289 0.1934 0.629386 0.192632 0.629386 0.191865 0.630482 0.191097 0.630482 0.19033 0.632675 0.188795 0.632675 0.188028 0.634868 0.186493 0.634868 0.185725 0.635965 0.184958 0.635965 0.179586 0.637061 0.178818 0.637061 0.178051 0.638158 0.177283 0.638158 0.176516 0.640351 0.174981 0.641447 0.174981 0.641447 0.174213 0.64364 0.172678 0.64364 0.171911 0.644737 0.171144 0.644737 0.170376 0.648026 0.168074 0.649123 0.168074 0.649123 0.167306 0.648026 0.167306 0.64693 0.166539 0.64693 0.165771 0.645833 0.165004 0.644737 0.165004 0.64364 0.164236
0 0.575658 0.163469 0.574561 0.164236 0.574561 0.165004 0.573465 0.165771 0.573465 0.166539 0.571272 0.168074 0.571272 0.168841 0.570175 0.169609 0.570175 0.171144 0.575658 0.167306 0.575658 0.166539 0.576754 0.165771 0.576754 0.163469
0 0.489035 0.138143 0.489035 0.13891 0.490132 0.139678 0.492325 0.139678 0.491228 0.13891 0.491228 0.138143
0 0.509868 0.128166 0.508772 0.128933 0.509868 0.129701 0.510965 0.129701 0.510965 0.128933
0 0.496711 0.128166 0.496711 0.132771 0.497807 0.133538 0.497807 0.135073 0.498904 0.13584 0.498904 0.136608 0.5 0.137375 0.5 0.140445 0.501096 0.141213 0.5 0.14198 0.498904 0.14198 0.498904 0.142748 0.5 0.143515 0.502193 0.143515 0.503289 0.142748 0.503289 0.141213 0.502193 0.141213 0.501096 0.140445 0.501096 0.139678 0.5 0.13891 0.5 0.136608 0.498904 0.13584 0.498904 0.132003 0.497807 0.131236 0.497807 0.128166
0 0.539474 0.125863 0.537281 0.127398 0.537281 0.128166 0.536184 0.128933 0.536184 0.131236 0.535088 0.132003 0.536184 0.132771 0.536184 0.133538 0.535088 0.134305 0.535088 0.137375 0.536184 0.138143 0.538377 0.136608 0.538377 0.135073 0.539474 0.134305 0.537281 0.132771 0.537281 0.132003 0.542763 0.128166 0.542763 0.127398 0.54386 0.126631 0.542763 0.125863
0 0.506579 0.124328 0.506579 0.125096 0.507675 0.125863 0.507675 0.125096
0 0.549342 0.115119 0.549342 0.116654 0.548246 0.117421 0.548246 0.118189 0.547149 0.118956 0.547149 0.122026 0.548246 0.122794 0.548246 0.123561 0.549342 0.122794 0.549342 0.121259 0.550439 0.120491 0.550439 0.119724 0.549342 0.118956
0 0.605263 0.111282 0.604167 0.112049 0.60307 0.112049 0.60307 0.113584 0.605263 0.115119 0.605263 0.116654 0.60636 0.117421 0.607456 0.117421 0.609649 0.118956 0.611842 0.118956 0.612939 0.119724 0.615132 0.119724 0.616228 0.120491 0.626096 0.120491 0.627193 0.119724 0.628289 0.119724 0.630482 0.118189 0.630482 0.117421 0.631579 0.116654 0.631579 0.114351 0.630482 0.113584 0.629386 0.113584 0.626096 0.115886 0.621711 0.115886 0.621711 0.116654 0.619518 0.118189 0.618421 0.118189 0.617325 0.117421 0.616228 0.117421 0.615132 0.116654 0.614035 0.116654 0.612939 0.115886 0.612939 0.115119 0.611842 0.115119 0.607456 0.112049 0.60636 0.112049
0 0.634868 0.110514 0.633772 0.111282 0.633772 0.113584 0.634868 0.113584 0.635965 0.114351 0.637061 0.113584 0.638158 0.113584 0.638158 0.111282 0.637061 0.110514
0 0.554825 0.109747 0.554825 0.111282 0.555921 0.110514
0 0.483553 0.107444 0.483553 0.109747 0.484649 0.110514 0.484649 0.112049 0.484649 0.109747 0.483553 0.108979
0 0.685307 0.106677 0.684211 0.107444 0.685307 0.107444 0.686404 0.106677
0 0.639254 0.106677 0.639254 0.107444 0.640351 0.108212 0.640351 0.107444
0 0.601974 0.106677 0.600877 0.107444 0.601974 0.108212 0.605263 0.108212 0.605263 0.107444 0.604167 0.107444 0.60307 0.106677
0 0.664474 0.10284 0.664474 0.104375 0.66557 0.104375 0.66557 0.103607
0 0.571272 0.0974674 0.571272 0.0982348 0.572368 0.0982348 0.572368 0.0974674
0 0.648026 0.0636992 0.648026 0.0644666 0.649123 0.0644666 0.650219 0.0636992
