0 0.369518 0.849578 0.370614 0.850345 0.370614 0.851113 0.370614 0.849578
0 0.337719 0.832694 0.337719 0.833461 0.336623 0.834229 0.336623 0.834996 0.335526 0.835764 0.335526 0.837299 0.33443 0.838066 0.33443 0.839601 0.332237 0.841136 0.33114 0.841136 0.333333 0.841136 0.335526 0.839601 0.335526 0.838066 0.336623 0.837299 0.336623 0.835764 0.337719 0.834996
0 0.339912 0.819647 0.339912 0.823484 0.341009 0.824252 0.342105 0.823484 0.342105 0.821182 0.341009 0.820414 0.341009 0.819647
0 0.264254 0.813507 0.264254 0.814275 0.265351 0.814275 0.265351 0.813507
0 0.309211 0.798158 0.308114 0.798926 0.308114 0.80046 0.305921 0.801995 0.305921 0.802763 0.309211 0.80046 0.309211 0.799693 0.310307 0.798926
0 0.243421 0.797391 0.242325 0.798158 0.242325 0.798926 0.243421 0.798926 0.244518 0.798158
0 0.391447 0.789716 0.391447 0.790483 0.390351 0.791251 0.391447 0.792018 0.392544 0.792018 0.392544 0.790483
0 0.320175 0.788181 0.319079 0.788949 0.317982 0.788949 0.317982 0.790483 0.316886 0.791251 0.316886 0.792018 0.317982 0.792786 0.320175 0.792786 0.322368 0.791251 0.322368 0.788181
0 0.351974 0.781274 0.350877 0.782041 0.350877 0.782809 0.351974 0.783576 0.351974 0.787414 0.354167 0.788949 0.354167 0.789716 0.355263 0.790483 0.355263 0.791251 0.35636 0.792018 0.35636 0.792786 0.354167 0.794321 0.35307 0.794321 0.351974 0.795088 0.351974 0.795856 0.35307 0.796623 0.35636 0.796623 0.359649 0.794321 0.359649 0.792018 0.360746 0.791251 0.359649 0.790483 0.359649 0.789716 0.358553 0.788949 0.358553 0.788181 0.357456 0.787414 0.357456 0.786646 0.35636 0.785879 0.35636 0.785111 0.355263 0.784344 0.355263 0.783576
0 0.291667 0.773599 0.291667 0.775134 0.289474 0.776669 0.289474 0.777437 0.288377 0.778204 0.288377 0.779739 0.287281 0.780507 0.287281 0.781274 0.286184 0.782041 0.286184 0.783576 0.282895 0.785879 0.282895 0.786646 0.283991 0.787414 0.285088 0.787414 0.289474 0.784344 0.289474 0.783576 0.29057 0.782809 0.29057 0.780507 0.291667 0.779739 0.291667 0.777437 0.292763 0.776669 0.292763 0.773599
0 0.257675 0.766692 0.256579 0.76746 0.255482 0.76746 0.255482 0.768227 0.256579 0.768995 0.258772 0.768995 0.259868 0.768227 0.259868 0.76746 0.258772 0.766692
0 0.5 0.750576 0.501096 0.751343 0.502193 0.751343 0.501096 0.750576
0 0.491228 0.749808 0.490132 0.750576 0.486842 0.750576 0.485746 0.751343 0.484649 0.751343 0.484649 0.752111 0.489035 0.752111 0.490132 0.751343 0.491228 0.751343 0.492325 0.750576 0.492325 0.749808
0 0.234649 0.744436 0.234649 0.745971 0.235746 0.745203 0.235746 0.744436
0 0.447368 0.720645 0.445175 0.72218 0.445175 0.722947 0.446272 0.723715 0.446272 0.726017 0.448465 0.727552 0.453947 0.727552 0.453947 0.726017 0.455044 0.725249 0.455044 0.723715 0.451754 0.721412 0.448465 0.721412
0 0.605263 0.718342 0.604167 0.71911 0.60307 0.71911 0.601974 0.719877 0.600877 0.719877 0.599781 0.720645 0.598684 0.720645 0.598684 0.721412 0.597588 0.72218 0.597588 0.722947 0.600877 0.720645 0.601974 0.720645 0.604167 0.71911 0.605263 0.71911
0 0.433114 0.703761 0.432018 0.704528 0.430921 0.704528 0.429825 0.705295 0.429825 0.708365 0.428728 0.709133 0.428728 0.715272 0.427632 0.71604 0.427632 0.716807 0.428728 0.717575 0.428728 0.718342 0.432018 0.720645 0.433114 0.719877 0.434211 0.719877 0.434211 0.71911 0.436404 0.717575 0.436404 0.716807 0.439693 0.714505 0.439693 0.712203 0.440789 0.711435 0.440789 0.709133 0.439693 0.708365 0.439693 0.706063 0.438596 0.705295 0.4375 0.705295 0.436404 0.704528 0.434211 0.704528
0 0.33114 0.701458 0.330044 0.702226 0.330044 0.703761 0.332237 0.705295 0.33443 0.705295 0.33443 0.702226 0.333333 0.701458
0 0.580044 0.675365 0.577851 0.676899 0.577851 0.679202 0.578947 0.679969 0.580044 0.679969 0.58114 0.680737 0.582237 0.680737 0.585526 0.683039 0.585526 0.681504 0.58443 0.680737 0.58443 0.679969 0.582237 0.678434 0.582237 0.676132 0.58114 0.675365
0 0.586623 0.672295 0.586623 0.673062 0.587719 0.67383 0.588816 0.67383 0.589912 0.673062 0.588816 0.672295
0 0.559211 0.669225 0.558114 0.669992 0.559211 0.67076 0.558114 0.671527 0.558114 0.672295 0.559211 0.673062 0.559211 0.67383 0.561404 0.675365 0.5625 0.675365 0.563596 0.674597 0.563596 0.67076 0.561404 0.669225
0 0.313596 0.666155 0.3125 0.666922 0.3125 0.673062 0.311404 0.67383 0.3125 0.674597 0.3125 0.675365 0.313596 0.676132 0.314693 0.676132 0.314693 0.675365 0.315789 0.674597 0.315789 0.67383 0.316886 0.673062 0.316886 0.669225 0.315789 0.668457 0.315789 0.666922 0.314693 0.666155
0 0.448465 0.665388 0.447368 0.666155 0.446272 0.666155 0.445175 0.666922 0.441886 0.666922 0.441886 0.66769 0.440789 0.668457 0.439693 0.66769 0.438596 0.66769 0.438596 0.669992 0.4375 0.67076 0.4375 0.674597 0.440789 0.676899 0.442982 0.676899 0.444079 0.677667 0.451754 0.677667 0.452851 0.678434 0.455044 0.676899 0.455044 0.676132 0.45614 0.675365 0.45614 0.673062 0.455044 0.673062 0.453947 0.672295 0.453947 0.671527 0.452851 0.67076 0.452851 0.669225 0.451754 0.668457 0.451754 0.666922 0.450658 0.666922
0 0.317982 0.656946 0.316886 0.657713 0.316886 0.65848 0.317982 0.659248 0.317982 0.660015 0.319079 0.660783 0.319079 0.662318 0.320175 0.663085 0.320175 0.663853 0.323465 0.663853 0.323465 0.660015 0.322368 0.659248 0.322368 0.657713 0.321272 0.656946
0 0.629386 0.655411 0.629386 0.657713 0.630482 0.65848 0.630482 0.660015 0.630482 0.655411
0 0.299342 0.653876 0.299342 0.65848 0.300439 0.659248 0.302632 0.659248 0.303728 0.65848 0.303728 0.656178 0.302632 0.655411 0.302632 0.654643 0.301535 0.653876
0 0.252193 0.650806 0.251096 0.651573 0.253289 0.651573 0.253289 0.650806
0 0.254386 0.640061 0.254386 0.641596 0.253289 0.642364 0.253289 0.643899 0.252193 0.644666 0.252193 0.646969 0.252193 0.646201 0.253289 0.645434 0.253289 0.644666 0.254386 0.643899 0.254386 0.643131 0.255482 0.642364 0.255482 0.640061
0 0.152412 0.633922 0.152412 0.634689 0.151316 0.635457 0.152412 0.635457
0 0.128289 0.629317 0.126096 0.630852 0.128289 0.630852
0 0.151316 0.62241 0.151316 0.623177 0.153509 0.623177 0.152412 0.62241
0 0.599781 0.610898 0.599781 0.612433 0.600877 0.6132 0.601974 0.6132 0.60307 0.612433 0.60307 0.611665 0.601974 0.610898
0 0.149123 0.605526 0.148026 0.606293 0.149123 0.606293
0 0.280702 0.602456 0.278509 0.603991 0.280702 0.603991 0.281798 0.603223 0.281798 0.602456
0 0.184211 0.598619 0.184211 0.599386 0.185307 0.599386
0 0.212719 0.596316 0.213816 0.597084 0.213816 0.596316
0 0.689693 0.587107 0.689693 0.587874 0.690789 0.587874 0.691886 0.588642 0.692982 0.588642 0.694079 0.589409 0.695175 0.589409 0.694079 0.588642 0.692982 0.588642 0.690789 0.587107
0 0.572368 0.581734 0.571272 0.582502 0.570175 0.582502 0.569079 0.583269 0.567982 0.583269 0.565789 0.584804 0.565789 0.585572 0.569079 0.587874 0.572368 0.587874 0.573465 0.588642 0.576754 0.588642 0.578947 0.587107 0.578947 0.584804 0.577851 0.584037 0.577851 0.583269 0.576754 0.582502 0.574561 0.582502 0.573465 0.581734
0 0.679825 0.578665 0.682018 0.578665 0.683114 0.579432 0.685307 0.579432 0.684211 0.578665
0 0.33443 0.578665 0.333333 0.579432 0.332237 0.579432 0.33114 0.5802 0.33114 0.580967 0.330044 0.581734 0.330044 0.582502 0.328947 0.583269 0.328947 0.585572 0.330044 0.586339 0.330044 0.587107 0.33114 0.587874 0.33114 0.588642 0.332237 0.589409 0.332237 0.590177 0.333333 0.590177 0.33443 0.590944 0.335526 0.590944 0.336623 0.590177 0.337719 0.590177 0.339912 0.588642 0.339912 0.587874 0.341009 0.587107 0.341009 0.585572 0.342105 0.584804 0.342105 0.583269 0.341009 0.582502 0.341009 0.5802 0.338816 0.578665
0 0.130482 0.574827 0.130482 0.575595 0.131579 0.575595 0.131579 0.574827
0 0.316886 0.571757 0.316886 0.572525 0.315789 0.573292 0.315789 0.574827 0.317982 0.573292 0.317982 0.571757
0 0.173246 0.571757 0.173246 0.572525 0.175439 0.572525 0.174342 0.571757
0 0.194079 0.569455 0.194079 0.570223 0.192982 0.57099 0.192982 0.573292 0.194079 0.57406 0.196272 0.572525 0.196272 0.569455
0 0.542763 0.565618 0.542763 0.566385 0.541667 0.567153 0.541667 0.57099 0.546053 0.57406 0.547149 0.57406 0.548246 0.574827 0.549342 0.574827 0.550439 0.575595 0.551535 0.575595 0.552632 0.576362 0.553728 0.576362 0.554825 0.57713 0.557018 0.57713 0.560307 0.574827 0.560307 0.57406 0.559211 0.573292 0.559211 0.572525 0.558114 0.571757 0.558114 0.57099 0.552632 0.567153 0.551535 0.567153 0.550439 0.566385 0.547149 0.566385 0.546053 0.565618
0 0.110746 0.565618 0.110746 0.566385 0.111842 0.566385 0.111842 0.565618
0 0.33443 0.562548 0.333333 0.563315 0.333333 0.564083 0.332237 0.56485 0.332237 0.567153 0.333333 0.56792 0.335526 0.56792 0.337719 0.566385 0.337719 0.562548
0 0.362939 0.560246 0.361842 0.561013 0.357456 0.561013 0.357456 0.561781 0.354167 0.564083 0.354167 0.56792 0.35307 0.568688 0.35307 0.572525 0.354167 0.573292 0.354167 0.57406 0.355263 0.574827 0.355263 0.57713 0.35636 0.577897 0.35636 0.5802 0.357456 0.580967 0.357456 0.587874 0.361842 0.590944 0.372807 0.590944 0.375 0.589409 0.375 0.588642 0.376096 0.587874 0.376096 0.582502 0.377193 0.581734 0.376096 0.580967 0.377193 0.5802 0.377193 0.57713 0.376096 0.576362 0.376096 0.575595 0.375 0.574827 0.375 0.57406 0.373904 0.573292 0.373904 0.571757 0.372807 0.57099 0.372807 0.570223 0.371711 0.569455 0.371711 0.568688 0.370614 0.56792 0.370614 0.566385 0.368421 0.56485 0.368421 0.563315 0.367325 0.562548 0.366228 0.562548 0.365132 0.561781 0.365132 0.561013 0.364035 0.560246
0 0.297149 0.554106 0.296053 0.554873 0.297149 0.555641
0 0.245614 0.551804 0.244518 0.552571 0.244518 0.553338 0.246711 0.553338 0.245614 0.552571
0 0.713816 0.547199 0.713816 0.547966 0.714912 0.547966 0.716009 0.548734 0.716009 0.547966 0.714912 0.547199
0 0.236842 0.541827 0.235746 0.542594 0.236842 0.543361 0.236842 0.544896 0.237939 0.545664 0.240132 0.545664 0.241228 0.544896 0.241228 0.541827
0 0.148026 0.537222 0.14693 0.537989 0.14693 0.538757 0.149123 0.538757 0.149123 0.537989
0 0.5625 0.52878 0.5625 0.529547 0.564693 0.529547 0.563596 0.52878
0 0.289474 0.524942 0.289474 0.526477 0.29057 0.526477 0.291667 0.52571 0.291667 0.524942
0 0.52193 0.515733 0.517544 0.518803 0.517544 0.51957 0.516447 0.520338 0.516447 0.52264 0.520833 0.52571 0.525219 0.52571 0.527412 0.524175 0.527412 0.523408 0.529605 0.521873 0.529605 0.518035 0.527412 0.5165 0.527412 0.515733
0 0.242325 0.508058 0.241228 0.508826 0.241228 0.510361 0.242325 0.511128 0.244518 0.511128 0.245614 0.510361 0.245614 0.509593 0.244518 0.508826 0.244518 0.508058
0 0.54386 0.505756 0.542763 0.506523 0.54057 0.506523 0.539474 0.507291 0.538377 0.507291 0.538377 0.508058 0.537281 0.508826 0.537281 0.509593 0.536184 0.510361 0.536184 0.511128 0.537281 0.511896 0.537281 0.513431 0.54057 0.515733 0.54057 0.5165 0.542763 0.518035 0.54386 0.518035 0.544956 0.518803 0.546053 0.518803 0.547149 0.51957 0.554825 0.51957 0.557018 0.518035 0.557018 0.517268 0.558114 0.5165 0.558114 0.514198 0.557018 0.513431 0.557018 0.511896 0.555921 0.511128 0.555921 0.510361 0.554825 0.509593 0.554825 0.508058 0.553728 0.507291 0.553728 0.506523 0.551535 0.506523 0.550439 0.505756
0 0.577851 0.504221 0.577851 0.504988 0.578947 0.504988 0.578947 0.504221
0 0.5625 0.503454 0.5625 0.504221 0.561404 0.504988 0.563596 0.506523 0.569079 0.506523 0.569079 0.504221 0.567982 0.503454
0 0.222588 0.503454 0.223684 0.504221 0.223684 0.503454
0 0.719298 0.481965 0.720395 0.482732 0.722588 0.482732 0.721491 0.481965
0 0.237939 0.47736 0.236842 0.478127 0.236842 0.481965 0.240132 0.484267 0.241228 0.484267 0.242325 0.4835 0.244518 0.4835 0.244518 0.482732 0.243421 0.481965 0.243421 0.478895 0.241228 0.47736
0 0.430921 0.469685 0.428728 0.47122 0.428728 0.471988 0.427632 0.472755 0.426535 0.472755 0.424342 0.47429 0.424342 0.475825 0.422149 0.47736 0.422149 0.478127 0.421053 0.478895 0.421053 0.479662 0.41886 0.481197 0.41886 0.482732 0.417763 0.4835 0.417763 0.484267 0.41557 0.485802 0.41557 0.486569 0.412281 0.488872 0.412281 0.490407 0.411184 0.491174 0.411184 0.491942 0.410088 0.492709 0.410088 0.493477 0.408991 0.494244 0.408991 0.495012 0.407895 0.495779 0.406798 0.495779 0.406798 0.497314 0.404605 0.498849 0.404605 0.500384 0.402412 0.501919 0.402412 0.503454 0.400219 0.504988 0.401316 0.505756 0.401316 0.512663 0.400219 0.513431 0.400219 0.514198 0.401316 0.514965 0.401316 0.517268 0.400219 0.518035 0.400219 0.52264 0.399123 0.523408 0.399123 0.524175 0.400219 0.524942 0.400219 0.52571 0.399123 0.526477 0.399123 0.52878 0.398026 0.529547 0.398026 0.531082 0.39693 0.53185 0.39693 0.532617 0.395833 0.533384 0.395833 0.534919 0.394737 0.535687 0.394737 0.538757 0.39364 0.539524 0.394737 0.540292 0.394737 0.543361 0.395833 0.544129 0.39693 0.544129 0.398026 0.544896 0.398026 0.546431 0.400219 0.546431 0.401316 0.547199 0.402412 0.546431 0.403509 0.546431 0.404605 0.547199 0.404605 0.546431 0.406798 0.544896 0.406798 0.544129 0.407895 0.543361 0.407895 0.541827 0.410088 0.540292 0.410088 0.539524 0.411184 0.538757 0.411184 0.535687 0.412281 0.534919 0.412281 0.534152 0.413377 0.533384 0.413377 0.530315 0.414474 0.529547 0.414474 0.52878 0.41557 0.528012 0.41557 0.527245 0.416667 0.526477 0.416667 0.523408 0.417763 0.52264 0.417763 0.51957 0.41886 0.518803 0.41886 0.5165 0.419956 0.515733 0.419956 0.511128 0.421053 0.510361 0.421053 0.508826 0.422149 0.508058 0.422149 0.506523 0.423246 0.505756 0.423246 0.503454 0.424342 0.502686 0.424342 0.501919 0.425439 0.501151 0.425439 0.500384 0.426535 0.499616 0.426535 0.498849 0.428728 0.497314 0.428728 0.496546 0.429825 0.495779 0.429825 0.495012 0.432018 0.493477 0.432018 0.492709 0.434211 0.491174 0.434211 0.490407 0.435307 0.489639 0.435307 0.4835 0.434211 0.482732 0.434211 0.481197 0.435307 0.48043 0.435307 0.478127 0.434211 0.47736 0.434211 0.471988 0.433114 0.47122 0.433114 0.470453 0.432018 0.470453
0 0.230263 0.436685 0.229167 0.437452 0.22807 0.437452 0.22807 0.440522 0.229167 0.441289 0.229167 0.442057 0.233553 0.442057 0.235746 0.440522 0.235746 0.438987 0.233553 0.437452 0.232456 0.437452 0.23136 0.436685
0 0.191886 0.432847 0.191886 0.433615 0.192982 0.433615 0.194079 0.434382 0.194079 0.433615 0.192982 0.432847
0 0.730263 0.429777 0.73136 0.430545 0.732456 0.430545 0.73136 0.429777
0 0.175439 0.427475 0.176535 0.428243 0.178728 0.428243 0.179825 0.42901 0.180921 0.42901 0.182018 0.429777 0.183114 0.429777 0.184211 0.430545 0.186404 0.430545 0.186404 0.429777 0.185307 0.429777 0.184211 0.42901 0.179825 0.42901 0.178728 0.428243 0.178728 0.427475
0 0.737939 0.425173 0.737939 0.42594 0.742325 0.42594 0.740132 0.42594 0.739035 0.425173
0 0.16886 0.423638 0.16886 0.425173 0.169956 0.425173 0.171053 0.42594 0.172149 0.42594 0.171053 0.425173 0.171053 0.424405 0.169956 0.423638
0 0.264254 0.418266 0.263158 0.419033 0.262061 0.419033 0.260965 0.4198 0.260965 0.420568 0.259868 0.421335 0.259868 0.423638 0.262061 0.425173 0.263158 0.425173 0.264254 0.42594 0.265351 0.425173 0.266447 0.425173 0.26864 0.426708 0.269737 0.426708 0.270833 0.427475 0.277412 0.427475 0.278509 0.426708 0.278509 0.424405 0.277412 0.423638 0.277412 0.42287 0.274123 0.420568 0.269737 0.420568 0.26864 0.4198 0.26864 0.419033 0.267544 0.418266
0 0.769737 0.413661 0.769737 0.414428 0.770833 0.414428
0 0.721491 0.411358 0.721491 0.412126 0.722588 0.412126
0 0.237939 0.408289 0.236842 0.409056 0.235746 0.409056 0.234649 0.409823 0.234649 0.413661 0.235746 0.414428 0.236842 0.414428 0.237939 0.415196 0.240132 0.415196 0.241228 0.414428 0.242325 0.414428 0.243421 0.413661 0.243421 0.409823 0.242325 0.409056 0.241228 0.409056 0.240132 0.408289
0 0.251096 0.382195 0.252193 0.382962 0.253289 0.382962 0.253289 0.382195
0 0.207237 0.379893 0.210526 0.382195 0.210526 0.382962 0.211623 0.38373 0.212719 0.38373 0.216009 0.386032 0.218202 0.386032 0.213816 0.382962 0.212719 0.382962 0.210526 0.381427 0.20943 0.381427
0 0.748904 0.376823 0.747807 0.37759 0.747807 0.378358 0.75 0.378358 0.75 0.37759
0 0.183114 0.369916 0.183114 0.370683 0.182018 0.37145 0.180921 0.37145 0.182018 0.37145 0.183114 0.372218 0.184211 0.37145 0.186404 0.37145 0.1875 0.372218 0.190789 0.372218 0.189693 0.37145 0.188596 0.37145 0.1875 0.370683 0.185307 0.370683 0.184211 0.369916
0 0.264254 0.361474 0.264254 0.363008 0.266447 0.363008 0.266447 0.361474
0 0.275219 0.357636 0.275219 0.358404 0.273026 0.359939 0.273026 0.364543 0.270833 0.366078 0.270833 0.366846 0.269737 0.367613 0.269737 0.369148 0.26864 0.369916 0.26864 0.372218 0.269737 0.372985 0.269737 0.373753 0.270833 0.37452 0.270833 0.375288 0.27193 0.376055 0.276316 0.376055 0.276316 0.375288 0.277412 0.37452 0.277412 0.373753 0.278509 0.372985 0.278509 0.37145 0.280702 0.369916 0.280702 0.367613 0.279605 0.366846 0.279605 0.362241 0.280702 0.361474 0.280702 0.359171 0.279605 0.358404 0.278509 0.358404 0.277412 0.357636
0 0.734649 0.347659 0.733553 0.348427 0.734649 0.349194 0.735746 0.349194 0.735746 0.348427
0 0.287281 0.32617 0.288377 0.326938 0.288377 0.32617
0 0.548246 0.322333 0.546053 0.323868 0.544956 0.323868 0.54386 0.324635 0.54386 0.32617 0.542763 0.326938 0.542763 0.330775 0.546053 0.333078 0.549342 0.333078 0.551535 0.331543 0.552632 0.331543 0.555921 0.32924 0.555921 0.328473 0.557018 0.327705 0.557018 0.326938 0.555921 0.32617 0.555921 0.324635 0.552632 0.322333
0 0.475877 0.303147 0.468202 0.308519 0.468202 0.310054 0.467105 0.310821 0.467105 0.311589 0.466009 0.312356 0.466009 0.313124 0.467105 0.313891 0.467105 0.315426 0.466009 0.316193 0.466009 0.316961 0.464912 0.317728 0.464912 0.319263 0.466009 0.320031 0.466009 0.320798 0.470395 0.323868 0.470395 0.324635 0.472588 0.32617 0.472588 0.326938 0.47807 0.326938 0.479167 0.327705 0.48136 0.327705 0.483553 0.32617 0.483553 0.325403 0.482456 0.324635 0.482456 0.323868 0.48136 0.323101 0.48136 0.322333 0.480263 0.321566 0.480263 0.320798 0.48136 0.320031 0.48136 0.317728 0.483553 0.316193 0.483553 0.315426 0.484649 0.314658 0.484649 0.310821 0.483553 0.310054 0.483553 0.309286 0.482456 0.309286 0.48136 0.308519 0.48136 0.307751 0.476974 0.304682 0.476974 0.303914
0 0.585526 0.299309 0.585526 0.300844 0.587719 0.300844 0.587719 0.300077 0.586623 0.299309
0 0.491228 0.297774 0.489035 0.299309 0.487939 0.299309 0.483553 0.302379 0.483553 0.303147 0.482456 0.303914 0.482456 0.305449 0.483553 0.306216 0.496711 0.306216 0.497807 0.305449 0.498904 0.305449 0.501096 0.303914 0.503289 0.303914 0.503289 0.302379 0.498904 0.299309 0.497807 0.299309 0.496711 0.298542 0.494518 0.298542 0.493421 0.297774
0 0.622807 0.292402 0.620614 0.293937 0.619518 0.293937 0.617325 0.295472 0.616228 0.295472 0.614035 0.297007 0.612939 0.297007 0.611842 0.297774 0.611842 0.298542 0.614035 0.298542 0.615132 0.297774 0.617325 0.297774 0.618421 0.297007 0.619518 0.297007 0.620614 0.296239 0.621711 0.296239 0.623904 0.294705 0.623904 0.293937 0.625 0.29317 0.625 0.292402
0 0.623904 0.280123 0.622807 0.28089 0.622807 0.281658 0.621711 0.282425 0.621711 0.283193 0.620614 0.28396 0.620614 0.285495 0.621711 0.286262 0.621711 0.28703 0.622807 0.28703 0.623904 0.287797 0.626096 0.287797 0.629386 0.285495 0.629386 0.284728 0.630482 0.28396 0.630482 0.28089 0.629386 0.280123
0 0.551535 0.279355 0.551535 0.280123 0.550439 0.28089 0.550439 0.281658 0.549342 0.282425 0.549342 0.283193 0.548246 0.28396 0.548246 0.28703 0.547149 0.287797 0.547149 0.292402 0.546053 0.29317 0.546053 0.296239 0.547149 0.296239 0.548246 0.295472 0.549342 0.295472 0.550439 0.294705 0.550439 0.293937 0.552632 0.292402 0.552632 0.291635 0.554825 0.2901 0.554825 0.287797 0.555921 0.28703 0.554825 0.286262 0.554825 0.283193 0.553728 0.282425 0.553728 0.281658 0.551535 0.280123
0 0.242325 0.270913 0.240132 0.272448 0.240132 0.273983 0.237939 0.275518 0.239035 0.275518 0.241228 0.273983 0.241228 0.273216 0.243421 0.271681 0.243421 0.270913
0 0.29386 0.270146 0.29386 0.271681 0.294956 0.272448 0.296053 0.271681 0.296053 0.270913 0.294956 0.270146
0 0.585526 0.268611 0.586623 0.269378 0.586623 0.270913 0.58443 0.272448 0.583333 0.272448 0.583333 0.273216 0.586623 0.275518 0.587719 0.275518 0.587719 0.272448 0.588816 0.271681 0.588816 0.270146 0.587719 0.269378 0.587719 0.268611
0 0.710526 0.259401 0.710526 0.260169 0.711623 0.260936 0.714912 0.260936 0.716009 0.260169 0.716009 0.259401
0 0.6875 0.258634 0.6875 0.260169 0.688596 0.260936 0.689693 0.260936 0.690789 0.260169 0.690789 0.259401 0.689693 0.259401 0.688596 0.258634
0 0.635965 0.255564 0.633772 0.257099 0.633772 0.257866 0.632675 0.258634 0.632675 0.259401 0.633772 0.259401 0.633772 0.258634 0.635965 0.257099 0.637061 0.257099 0.638158 0.256332 0.638158 0.255564
0 0.735746 0.247122 0.734649 0.247889 0.736842 0.247889 0.736842 0.247122
0 0.333333 0.237913 0.333333 0.23868 0.335526 0.240215 0.336623 0.240215 0.336623 0.239447 0.33443 0.237913
0 0.321272 0.236378 0.322368 0.237145 0.323465 0.236378
0 0.304825 0.236378 0.303728 0.237145 0.302632 0.237145 0.302632 0.237913 0.309211 0.237913 0.310307 0.23868 0.311404 0.23868 0.3125 0.239447 0.314693 0.239447 0.314693 0.23868 0.311404 0.23868 0.310307 0.237913 0.308114 0.237913 0.307018 0.237145 0.305921 0.237145
0 0.433114 0.234843 0.433114 0.23561 0.434211 0.236378 0.434211 0.237145 0.434211 0.23561
0 0.638158 0.227168 0.637061 0.227936 0.635965 0.227936 0.634868 0.228703 0.638158 0.228703
0 0.447368 0.220261 0.447368 0.224098 0.446272 0.224866 0.446272 0.231005 0.447368 0.231773 0.447368 0.23254 0.448465 0.233308 0.448465 0.234843 0.449561 0.23561 0.449561 0.237145 0.450658 0.237913 0.450658 0.247889 0.450658 0.244052 0.451754 0.243285 0.451754 0.240215 0.450658 0.239447 0.450658 0.236378 0.449561 0.23561 0.449561 0.234075 0.448465 0.233308 0.448465 0.231773 0.447368 0.231005
0 0.450658 0.210284 0.449561 0.211051 0.449561 0.212586 0.449561 0.211819 0.450658 0.211051
0 0.427632 0.207982 0.425439 0.209517 0.425439 0.210284 0.424342 0.211051 0.424342 0.211819 0.423246 0.212586 0.423246 0.218726 0.424342 0.219493 0.424342 0.224098 0.425439 0.224866 0.425439 0.227168 0.427632 0.228703 0.427632 0.22947 0.432018 0.23254 0.432018 0.233308 0.432018 0.23254 0.433114 0.231773 0.433114 0.230238 0.432018 0.22947 0.432018 0.227168 0.430921 0.226401 0.430921 0.221796 0.429825 0.221028 0.429825 0.218726 0.428728 0.217959 0.428728 0.214121 0.427632 0.213354 0.427632 0.208749 0.428728 0.207982
0 0.615132 0.204144 0.609649 0.207982 0.609649 0.208749 0.608553 0.209517 0.608553 0.210284 0.607456 0.211051 0.607456 0.211819 0.60636 0.212586 0.60636 0.214889 0.605263 0.215656 0.605263 0.217959 0.604167 0.218726 0.604167 0.219493 0.60307 0.220261 0.60307 0.221028 0.600877 0.222563 0.600877 0.223331 0.598684 0.224866 0.598684 0.225633 0.597588 0.226401 0.597588 0.227168 0.596491 0.227936 0.596491 0.228703 0.595395 0.22947 0.595395 0.230238 0.594298 0.231005 0.594298 0.23254 0.592105 0.234075 0.592105 0.234843 0.591009 0.23561 0.591009 0.237145 0.592105 0.237913 0.593202 0.237913 0.594298 0.237145 0.595395 0.237145 0.595395 0.236378 0.596491 0.23561 0.596491 0.234843 0.597588 0.234075 0.597588 0.233308 0.600877 0.231005 0.601974 0.231005 0.604167 0.22947 0.604167 0.227936 0.607456 0.225633 0.607456 0.224098 0.609649 0.222563 0.609649 0.221796 0.610746 0.221028 0.610746 0.220261 0.612939 0.218726 0.612939 0.217959 0.614035 0.217191 0.614035 0.216424 0.615132 0.215656 0.615132 0.213354 0.616228 0.212586 0.616228 0.207214 0.617325 0.206447 0.617325 0.204144
0 0.707237 0.198772 0.707237 0.19954 0.708333 0.200307 0.711623 0.200307 0.712719 0.19954 0.711623 0.198772
0 0.419956 0.19647 0.419956 0.198005 0.422149 0.19954 0.425439 0.19954 0.427632 0.201074 0.428728 0.200307 0.429825 0.201074 0.430921 0.201074 0.432018 0.201842 0.432018 0.204144 0.430921 0.204912 0.430921 0.205679 0.433114 0.204144 0.433114 0.202609 0.432018 0.201842 0.432018 0.201074 0.430921 0.200307 0.429825 0.200307 0.428728 0.19954 0.426535 0.19954 0.424342 0.198005 0.423246 0.198005 0.421053 0.19647
0 0.558114 0.188795 0.558114 0.191097 0.557018 0.191865 0.557018 0.195702 0.555921 0.19647 0.555921 0.197237 0.557018 0.198005 0.555921 0.198772 0.555921 0.19954 0.555921 0.198772 0.557018 0.198005 0.557018 0.197237 0.558114 0.19647 0.558114 0.194935 0.559211 0.194167 0.559211 0.19033 0.558114 0.189563
0 0.391447 0.188028 0.391447 0.188795 0.392544 0.188795 0.392544 0.188028
0 0.721491 0.181888 0.719298 0.183423 0.719298 0.18419 0.718202 0.184958 0.717105 0.184958 0.716009 0.185725 0.714912 0.185725 0.713816 0.186493 0.712719 0.186493 0.711623 0.18726 0.710526 0.18726 0.708333 0.188795 0.70614 0.188795 0.702851 0.191097 0.702851 0.191865 0.705044 0.191865 0.705044 0.191097 0.70614 0.19033 0.707237 0.19033 0.708333 0.189563 0.70943 0.189563 0.710526 0.188795 0.711623 0.188795 0.713816 0.18726 0.717105 0.18726 0.720395 0.184958 0.720395 0.18419 0.722588 0.182655 0.722588 0.181888
0 0.703947 0.176516 0.703947 0.177283 0.705044 0.178051 0.705044 0.176516
0 0.394737 0.155794 0.395833 0.156562 0.39693 0.156562 0.39693 0.155794
0 0.389254 0.155794 0.389254 0.157329 0.390351 0.156562
0 0.512061 0.151957 0.510965 0.152724 0.510965 0.158864 0.509868 0.159632 0.509868 0.160399 0.510965 0.161167 0.510965 0.161934 0.512061 0.162701 0.512061 0.164236 0.508772 0.166539 0.508772 0.173446 0.509868 0.174213 0.509868 0.176516 0.508772 0.177283 0.508772 0.18112 0.507675 0.181888 0.507675 0.184958 0.506579 0.185725 0.506579 0.18726 0.505482 0.188028 0.505482 0.189563 0.504386 0.19033 0.504386 0.191865 0.503289 0.192632 0.503289 0.1934 0.502193 0.194167 0.502193 0.195702 0.501096 0.19647 0.501096 0.19954 0.5 0.200307 0.5 0.203377 0.498904 0.204144 0.498904 0.207982 0.502193 0.210284 0.502193 0.211051 0.503289 0.211819 0.503289 0.212586 0.504386 0.213354 0.505482 0.213354 0.506579 0.214121 0.508772 0.214121 0.513158 0.217191 0.514254 0.217191 0.517544 0.219493 0.517544 0.220261 0.51864 0.221028 0.51864 0.222563 0.519737 0.223331 0.519737 0.224866 0.520833 0.225633 0.520833 0.226401 0.52193 0.227168 0.52193 0.227936 0.523026 0.228703 0.523026 0.22947 0.524123 0.230238 0.524123 0.231005 0.526316 0.23254 0.526316 0.231773 0.527412 0.231005 0.527412 0.221796 0.526316 0.221028 0.526316 0.220261 0.525219 0.219493 0.525219 0.217959 0.524123 0.217191 0.524123 0.214889 0.523026 0.214121 0.523026 0.213354 0.519737 0.211051 0.516447 0.211051 0.515351 0.210284 0.514254 0.211051 0.513158 0.211051 0.512061 0.211819 0.510965 0.211819 0.509868 0.212586 0.507675 0.212586 0.506579 0.213354 0.505482 0.213354 0.504386 0.212586 0.504386 0.209517 0.505482 0.208749 0.505482 0.204144 0.506579 0.203377 0.506579 0.198772 0.507675 0.198005 0.507675 0.195702 0.508772 0.194935 0.508772 0.194167 0.509868 0.1934 0.509868 0.192632 0.510965 0.191865 0.510965 0.191097 0.512061 0.19033 0.512061 0.188795 0.513158 0.188028 0.513158 0.186493 0.514254 0.185725 0.514254 0.183423 0.515351 0.182655 0.515351 0.181888 0.516447 0.18112 0.516447 0.177283 0.517544 0.176516 0.517544 0.175748 0.516447 0.174981 0.516447 0.173446 0.515351 0.172678 0.515351 0.165771 0.516447 0.165004 0.516447 0.162701 0.515351 0.161934 0.515351 0.161167 0.514254 0.160399 0.514254 0.159632 0.512061 0.158097 0.512061 0.157329 0.513158 0.156562 0.513158 0.155027 0.512061 0.154259
0 0.655702 0.15119 0.655702 0.151957 0.654605 0.152724 0.654605 0.155027 0.655702 0.155794 0.655702 0.156562 0.657895 0.156562 0.658991 0.155794 0.658991 0.152724 0.657895 0.151957 0.657895 0.15119
0 0.575658 0.144282 0.571272 0.147352 0.571272 0.149655 0.570175 0.150422 0.570175 0.15119 0.569079 0.151957 0.569079 0.153492 0.567982 0.154259 0.567982 0.161167 0.566886 0.161934 0.566886 0.164236 0.565789 0.165004 0.565789 0.168074 0.564693 0.168841 0.564693 0.170376 0.565789 0.171144 0.565789 0.172678 0.566886 0.171911 0.566886 0.171144 0.567982 0.170376 0.567982 0.169609 0.570175 0.168074 0.570175 0.165771 0.571272 0.165004 0.571272 0.161167 0.572368 0.160399 0.572368 0.157329 0.573465 0.156562 0.573465 0.155027 0.574561 0.154259 0.574561 0.151957 0.575658 0.15119 0.575658 0.149655 0.576754 0.148887 0.576754 0.147352 0.577851 0.146585 0.577851 0.145817
0 0.510965 0.135073 0.510965 0.140445 0.512061 0.140445 0.512061 0.139678 0.513158 0.13891 0.513158 0.136608 0.512061 0.13584 0.512061 0.135073
0 0.486842 0.134305 0.486842 0.135073 0.487939 0.13584 0.487939 0.134305
0 0.532895 0.132771 0.531798 0.133538 0.531798 0.13891 0.532895 0.139678 0.533991 0.13891 0.536184 0.13891 0.536184 0.13584 0.535088 0.135073 0.535088 0.132771
0 0.674342 0.118956 0.673246 0.119724 0.673246 0.122026 0.674342 0.122026
0 0.596491 0.112049 0.596491 0.112817 0.595395 0.113584 0.595395 0.115119 0.593202 0.116654 0.593202 0.118189 0.594298 0.117421 0.596491 0.117421 0.596491 0.115886 0.597588 0.115119 0.597588 0.114351 0.598684 0.113584 0.599781 0.113584 0.600877 0.114351 0.601974 0.114351 0.598684 0.112049
0 0.553728 0.112049 0.553728 0.114351 0.554825 0.115119 0.555921 0.115119 0.557018 0.114351 0.557018 0.112817 0.555921 0.112049
0 0.586623 0.111282 0.585526 0.112049 0.585526 0.114351 0.587719 0.114351 0.591009 0.116654 0.591009 0.114351
0 0.595395 0.105142 0.595395 0.106677 0.596491 0.106677 0.596491 0.105142
0 0.564693 0.103607 0.563596 0.104375 0.563596 0.105142 0.561404 0.106677 0.561404 0.107444 0.564693 0.105142
0 0.654605 0.102072 0.652412 0.103607 0.648026 0.103607 0.645833 0.105142 0.64364 0.105142 0.64364 0.105909 0.642544 0.106677 0.642544 0.107444 0.64364 0.108212 0.644737 0.107444 0.644737 0.106677 0.645833 0.105909 0.648026 0.105909 0.649123 0.105142 0.651316 0.105142 0.653509 0.103607 0.654605 0.103607
0 0.600877 0.100537 0.599781 0.101305 0.599781 0.102072 0.598684 0.10284 0.600877 0.10284 0.601974 0.102072 0.601974 0.100537
0 0.653509 0.066769 0.652412 0.0675365 0.653509 0.0683039
