0 0.305921 0.844206 0.301535 0.847276 0.300439 0.847276 0.300439 0.848043 0.299342 0.84881 0.300439 0.84881 0.301535 0.848043 0.301535 0.847276 0.302632 0.846508 0.303728 0.846508 0.305921 0.844973
0 0.326754 0.831926 0.325658 0.832694 0.325658 0.833461 0.324561 0.834229 0.323465 0.833461 0.322368 0.833461 0.322368 0.834229 0.325658 0.834229 0.327851 0.832694 0.327851 0.831926
0 0.337719 0.828856 0.337719 0.829624 0.338816 0.829624 0.339912 0.830391 0.341009 0.829624 0.341009 0.828856 0.339912 0.828856 0.338816 0.829624
0 0.286184 0.808135 0.286184 0.80967 0.287281 0.80967 0.288377 0.808903 0.289474 0.808903 0.288377 0.808903 0.287281 0.808135
0 0.395833 0.795088 0.395833 0.797391 0.39693 0.798158 0.399123 0.798158 0.398026 0.797391 0.398026 0.796623
0 0.245614 0.794321 0.245614 0.795088 0.246711 0.795088
0 0.315789 0.793553 0.315789 0.795856 0.317982 0.795856 0.319079 0.795088 0.319079 0.794321 0.317982 0.793553
0 0.328947 0.782041 0.327851 0.782809 0.327851 0.785111 0.327851 0.784344 0.328947 0.783576
0 0.251096 0.771297 0.251096 0.772832 0.252193 0.772832 0.252193 0.772064
0 0.29057 0.769762 0.29057 0.77053 0.291667 0.77053 0.291667 0.769762
0 0.230263 0.751343 0.230263 0.752111 0.23136 0.751343
0 0.519737 0.746738 0.517544 0.748273 0.51864 0.748273 0.519737 0.747506 0.520833 0.747506 0.52193 0.746738
0 0.453947 0.743668 0.453947 0.745203 0.45614 0.745203 0.45614 0.744436 0.455044 0.743668
0 0.450658 0.725249 0.450658 0.726784 0.451754 0.727552 0.451754 0.729087 0.453947 0.730622 0.45614 0.730622 0.45614 0.729087 0.457237 0.728319 0.457237 0.727552 0.45614 0.726784 0.45614 0.725249
0 0.327851 0.707598 0.326754 0.708365 0.325658 0.708365 0.321272 0.711435 0.319079 0.711435 0.317982 0.712203 0.316886 0.712203 0.315789 0.71297 0.311404 0.71297 0.309211 0.714505 0.308114 0.714505 0.305921 0.71604 0.304825 0.71604 0.304825 0.717575 0.303728 0.718342 0.302632 0.717575 0.301535 0.717575 0.301535 0.718342 0.302632 0.71911 0.303728 0.71911 0.305921 0.717575 0.307018 0.717575 0.309211 0.71604 0.311404 0.71604 0.3125 0.715272 0.313596 0.715272 0.314693 0.714505 0.321272 0.714505 0.324561 0.712203 0.325658 0.712203 0.330044 0.709133 0.330044 0.707598
0 0.35307 0.688411 0.351974 0.689179 0.351974 0.690714 0.350877 0.691481 0.350877 0.693016 0.351974 0.693016 0.351974 0.690714 0.35307 0.689946
0 0.577851 0.679969 0.576754 0.680737 0.576754 0.682272 0.577851 0.683039 0.577851 0.683807 0.578947 0.684574 0.58114 0.684574 0.58114 0.682272 0.580044 0.681504 0.580044 0.680737 0.578947 0.680737
0 0.241228 0.676899 0.241228 0.677667 0.242325 0.677667 0.242325 0.676899
0 0.594298 0.67383 0.596491 0.675365 0.597588 0.675365 0.597588 0.674597 0.596491 0.674597 0.595395 0.67383
0 0.5625 0.669225 0.5625 0.673062 0.564693 0.674597 0.567982 0.674597 0.567982 0.67383 0.569079 0.673062 0.569079 0.67076 0.567982 0.669992 0.567982 0.669225
0 0.445175 0.666922 0.444079 0.66769 0.439693 0.66769 0.439693 0.668457 0.4375 0.669992 0.4375 0.672295 0.438596 0.673062 0.438596 0.679202 0.4375 0.679969 0.4375 0.681504 0.436404 0.682272 0.434211 0.682272 0.433114 0.683039 0.433114 0.683807 0.432018 0.684574 0.433114 0.685342 0.433114 0.686876 0.436404 0.689179 0.435307 0.689946 0.435307 0.691481 0.434211 0.692249 0.434211 0.695318 0.433114 0.696086 0.433114 0.698388 0.434211 0.699156 0.434211 0.702226 0.433114 0.702993 0.433114 0.706063 0.434211 0.70683 0.434211 0.707598 0.435307 0.708365 0.435307 0.7099 0.436404 0.710668 0.436404 0.71297 0.435307 0.713738 0.4375 0.715272 0.439693 0.715272 0.439693 0.714505 0.442982 0.712203 0.442982 0.710668 0.444079 0.7099 0.444079 0.707598 0.445175 0.70683 0.445175 0.698388 0.444079 0.697621 0.445175 0.696853 0.445175 0.693784 0.446272 0.693016 0.446272 0.689946 0.448465 0.688411 0.448465 0.687644 0.449561 0.686876 0.449561 0.685342 0.452851 0.683039 0.452851 0.682272 0.453947 0.681504 0.455044 0.681504 0.455044 0.677667 0.45614 0.676899 0.457237 0.676899 0.458333 0.676132 0.458333 0.672295 0.457237 0.671527 0.45614 0.671527 0.453947 0.669992 0.453947 0.669225 0.452851 0.669225 0.449561 0.666922
0 0.315789 0.660783 0.314693 0.66155 0.314693 0.663085 0.313596 0.663853 0.313596 0.666155 0.314693 0.666922 0.314693 0.668457 0.315789 0.669225 0.315789 0.669992 0.316886 0.669992 0.317982 0.669225 0.317982 0.66769 0.319079 0.666922 0.319079 0.663853 0.317982 0.663085 0.317982 0.662318 0.316886 0.66155 0.316886 0.660783
0 0.304825 0.652341 0.304825 0.653108 0.303728 0.653876 0.303728 0.656178 0.304825 0.656946 0.304825 0.657713 0.305921 0.657713 0.307018 0.656946 0.307018 0.653876 0.305921 0.653108 0.305921 0.652341
0 0.625 0.650806 0.627193 0.652341 0.628289 0.652341 0.628289 0.651573 0.627193 0.650806
0 0.324561 0.650806 0.324561 0.653876 0.325658 0.654643 0.325658 0.656946 0.326754 0.657713 0.327851 0.657713 0.327851 0.653108 0.326754 0.652341 0.326754 0.651573 0.325658 0.650806
0 0.263158 0.646201 0.263158 0.646969 0.262061 0.647736 0.262061 0.649271 0.263158 0.649271 0.264254 0.648503 0.265351 0.648503 0.266447 0.647736 0.266447 0.646969 0.265351 0.646969 0.264254 0.646201
0 0.283991 0.631619 0.282895 0.632387 0.281798 0.632387 0.280702 0.633154 0.280702 0.633922 0.279605 0.634689 0.278509 0.634689 0.277412 0.635457 0.277412 0.636224 0.276316 0.636992 0.276316 0.637759 0.274123 0.639294 0.274123 0.641596 0.275219 0.640829 0.276316 0.640829 0.277412 0.640061 0.277412 0.639294 0.280702 0.636992 0.280702 0.636224 0.281798 0.635457 0.281798 0.634689 0.282895 0.633922 0.282895 0.632387
0 0.162281 0.613968 0.162281 0.614735 0.161184 0.615503 0.161184 0.617805 0.163377 0.617805 0.164474 0.617038 0.164474 0.614735 0.163377 0.613968
0 0.596491 0.607061 0.596491 0.607828 0.598684 0.609363 0.598684 0.61013 0.600877 0.611665 0.601974 0.610898 0.601974 0.61013 0.600877 0.609363 0.600877 0.608596 0.598684 0.607061
0 0.1875 0.594014 0.188596 0.594781 0.188596 0.594014
0 0.314693 0.587874 0.311404 0.590177 0.311404 0.590944 0.310307 0.591711 0.310307 0.592479 0.309211 0.593246 0.309211 0.594014 0.308114 0.594781 0.308114 0.597851 0.307018 0.598619 0.307018 0.603223 0.305921 0.603991 0.305921 0.604758 0.304825 0.605526 0.304825 0.606293 0.301535 0.608596 0.301535 0.609363 0.298246 0.611665 0.296053 0.611665 0.29386 0.6132 0.29386 0.613968 0.294956 0.614735 0.294956 0.615503 0.296053 0.61627 0.297149 0.61627 0.298246 0.615503 0.300439 0.615503 0.305921 0.611665 0.305921 0.610898 0.307018 0.61013 0.307018 0.609363 0.308114 0.608596 0.308114 0.607828 0.309211 0.607061 0.309211 0.606293 0.310307 0.605526 0.310307 0.604758 0.311404 0.603991 0.311404 0.602456 0.3125 0.601688 0.3125 0.600153 0.313596 0.599386 0.313596 0.597851 0.314693 0.597084 0.314693 0.595549 0.315789 0.594781 0.315789 0.593246 0.316886 0.592479 0.316886 0.589409 0.317982 0.588642 0.317982 0.587874
0 0.578947 0.584804 0.578947 0.587107 0.577851 0.587874 0.580044 0.589409 0.580044 0.592479 0.58114 0.593246 0.58114 0.595549 0.582237 0.596316 0.582237 0.598619 0.583333 0.599386 0.583333 0.601688 0.58443 0.602456 0.58443 0.607828 0.585526 0.608596 0.585526 0.609363 0.586623 0.61013 0.586623 0.610898 0.587719 0.611665 0.586623 0.612433 0.587719 0.6132 0.587719 0.614735 0.591009 0.614735 0.589912 0.613968 0.589912 0.6132 0.588816 0.612433 0.588816 0.611665 0.587719 0.610898 0.587719 0.606293 0.588816 0.605526 0.588816 0.603223 0.589912 0.602456 0.589912 0.599386 0.588816 0.598619 0.588816 0.597851 0.586623 0.596316 0.586623 0.594781 0.585526 0.594014 0.585526 0.592479 0.58443 0.591711 0.58443 0.588642 0.583333 0.587874 0.583333 0.587107 0.580044 0.584804
0 0.335526 0.581734 0.333333 0.583269 0.333333 0.584037 0.33114 0.585572 0.33114 0.591711 0.332237 0.592479 0.332237 0.593246 0.335526 0.595549 0.338816 0.595549 0.338816 0.594781 0.341009 0.593246 0.341009 0.592479 0.342105 0.591711 0.342105 0.590944 0.343202 0.590177 0.343202 0.584037 0.341009 0.582502 0.339912 0.582502 0.338816 0.581734
0 0.674342 0.579432 0.673246 0.5802 0.674342 0.580967 0.675439 0.580967 0.678728 0.583269 0.679825 0.583269 0.680921 0.584037 0.680921 0.583269 0.679825 0.583269 0.676535 0.580967 0.676535 0.5802 0.675439 0.5802
0 0.179825 0.573292 0.179825 0.574827 0.180921 0.574827 0.180921 0.57406
0 0.553728 0.570223 0.552632 0.57099 0.550439 0.57099 0.549342 0.571757 0.548246 0.571757 0.547149 0.572525 0.546053 0.572525 0.547149 0.573292 0.547149 0.57406 0.548246 0.57406 0.549342 0.574827 0.550439 0.574827 0.551535 0.575595 0.552632 0.575595 0.555921 0.577897 0.557018 0.577897 0.558114 0.578665 0.560307 0.578665 0.5625 0.57713 0.5625 0.575595 0.561404 0.574827 0.561404 0.57406 0.557018 0.57099 0.557018 0.570223
0 0.119518 0.565618 0.119518 0.566385 0.120614 0.566385 0.120614 0.565618
0 0.367325 0.561781 0.366228 0.562548 0.364035 0.562548 0.362939 0.563315 0.361842 0.563315 0.360746 0.564083 0.359649 0.564083 0.358553 0.56485 0.357456 0.56485 0.35636 0.565618 0.35636 0.567153 0.355263 0.56792 0.355263 0.570223 0.354167 0.57099 0.354167 0.571757 0.355263 0.572525 0.354167 0.573292 0.354167 0.574827 0.355263 0.575595 0.355263 0.577897 0.35636 0.578665 0.35636 0.579432 0.357456 0.5802 0.357456 0.582502 0.358553 0.583269 0.358553 0.584037 0.359649 0.584804 0.359649 0.589409 0.362939 0.591711 0.365132 0.591711 0.366228 0.592479 0.373904 0.592479 0.375 0.591711 0.376096 0.591711 0.377193 0.590944 0.377193 0.589409 0.378289 0.588642 0.378289 0.587874 0.379386 0.587107 0.379386 0.585572 0.380482 0.584804 0.380482 0.583269 0.385965 0.579432 0.385965 0.57406 0.384868 0.573292 0.384868 0.571757 0.383772 0.57099 0.383772 0.570223 0.381579 0.570223 0.378289 0.56792 0.377193 0.56792 0.369518 0.562548 0.368421 0.562548
0 0.200658 0.561781 0.199561 0.562548 0.199561 0.566385 0.200658 0.566385 0.201754 0.565618 0.201754 0.564083 0.202851 0.563315 0.202851 0.561781
0 0.328947 0.557176 0.327851 0.557943 0.327851 0.558711 0.328947 0.558711 0.330044 0.557943 0.330044 0.557176
0 0.151316 0.554873 0.150219 0.555641 0.151316 0.556408 0.152412 0.556408 0.152412 0.555641
0 0.339912 0.553338 0.338816 0.554106 0.338816 0.554873 0.337719 0.555641 0.337719 0.557176 0.338816 0.557943 0.343202 0.557943 0.343202 0.554106 0.342105 0.553338
0 0.70614 0.551036 0.707237 0.551804 0.70943 0.551804 0.708333 0.551036
0 0.14693 0.543361 0.145833 0.544129 0.145833 0.545664 0.148026 0.547199 0.148026 0.544129
0 0.242325 0.538757 0.242325 0.539524 0.241228 0.540292 0.242325 0.541059 0.242325 0.542594 0.244518 0.542594 0.245614 0.541827 0.245614 0.539524 0.244518 0.538757
0 0.658991 0.532617 0.657895 0.533384 0.658991 0.534152 0.658991 0.534919 0.661184 0.536454 0.662281 0.536454 0.663377 0.537222 0.664474 0.537222 0.666667 0.538757 0.667763 0.538757 0.669956 0.540292 0.673246 0.540292 0.674342 0.539524 0.674342 0.538757 0.672149 0.537222 0.669956 0.537222 0.66557 0.534152 0.664474 0.534152 0.662281 0.532617
0 0.565789 0.531082 0.565789 0.53185 0.566886 0.53185 0.566886 0.531082
0 0.292763 0.524175 0.291667 0.524942 0.292763 0.52571 0.29386 0.52571 0.294956 0.524942 0.29386 0.524175
0 0.126096 0.521873 0.126096 0.52264 0.127193 0.52264 0.127193 0.521873
0 0.523026 0.51957 0.52193 0.520338 0.520833 0.520338 0.516447 0.523408 0.516447 0.528012 0.51864 0.529547 0.519737 0.529547 0.520833 0.530315 0.52193 0.530315 0.523026 0.529547 0.525219 0.529547 0.525219 0.52878 0.527412 0.527245 0.527412 0.526477 0.528509 0.52571 0.528509 0.524175 0.529605 0.523408 0.529605 0.52264 0.528509 0.521873 0.528509 0.521105 0.526316 0.51957
0 0.114035 0.511896 0.112939 0.512663 0.114035 0.513431 0.115132 0.512663
0 0.550439 0.506523 0.549342 0.507291 0.547149 0.507291 0.546053 0.508058 0.544956 0.508058 0.541667 0.510361 0.541667 0.511128 0.54057 0.511896 0.54057 0.513431 0.541667 0.514198 0.541667 0.514965 0.542763 0.515733 0.542763 0.5165 0.544956 0.518035 0.544956 0.518803 0.546053 0.51957 0.548246 0.51957 0.549342 0.520338 0.550439 0.520338 0.551535 0.521105 0.557018 0.521105 0.558114 0.520338 0.559211 0.520338 0.560307 0.51957 0.561404 0.51957 0.5625 0.518803 0.5625 0.5165 0.563596 0.515733 0.563596 0.514965 0.5625 0.514198 0.5625 0.512663 0.561404 0.511896 0.561404 0.511128 0.559211 0.509593 0.559211 0.508826 0.555921 0.506523
0 0.248904 0.506523 0.247807 0.507291 0.247807 0.508826 0.248904 0.509593 0.251096 0.509593 0.252193 0.508826 0.252193 0.508058 0.251096 0.507291 0.251096 0.506523
0 0.569079 0.505756 0.567982 0.506523 0.567982 0.509593 0.569079 0.510361 0.570175 0.510361 0.571272 0.511128 0.573465 0.511128 0.575658 0.509593 0.575658 0.508058 0.574561 0.507291 0.574561 0.506523 0.573465 0.505756
0 0.716009 0.499616 0.717105 0.500384 0.720395 0.500384 0.719298 0.499616
0 0.672149 0.498081 0.673246 0.498081 0.674342 0.498849 0.674342 0.498081
0 0.153509 0.485802 0.151316 0.487337 0.151316 0.488872 0.152412 0.488872 0.152412 0.487337 0.153509 0.486569
0 0.242325 0.481965 0.242325 0.482732 0.241228 0.4835 0.241228 0.485802 0.245614 0.488872 0.248904 0.488872 0.25 0.488104 0.25 0.486569 0.248904 0.485802 0.248904 0.485035 0.247807 0.484267 0.247807 0.4835 0.245614 0.481965
0 0.700658 0.478127 0.699561 0.478895 0.699561 0.479662 0.703947 0.479662 0.705044 0.478895 0.707237 0.478895 0.708333 0.478127 0.711623 0.478127 0.70614 0.478127 0.705044 0.478895 0.703947 0.478127
0 0.428728 0.478127 0.427632 0.478895 0.426535 0.478895 0.423246 0.481197 0.421053 0.481197 0.421053 0.481965 0.419956 0.482732 0.419956 0.4835 0.417763 0.485035 0.417763 0.485802 0.412281 0.489639 0.412281 0.490407 0.411184 0.491174 0.411184 0.491942 0.408991 0.493477 0.408991 0.494244 0.407895 0.495012 0.407895 0.495779 0.406798 0.496546 0.406798 0.497314 0.404605 0.498849 0.404605 0.499616 0.403509 0.500384 0.403509 0.501151 0.402412 0.501919 0.402412 0.502686 0.401316 0.503454 0.401316 0.504988 0.400219 0.505756 0.400219 0.508058 0.399123 0.508826 0.399123 0.511128 0.398026 0.511896 0.398026 0.513431 0.395833 0.514965 0.395833 0.515733 0.394737 0.5165 0.394737 0.518035 0.39364 0.518803 0.39364 0.51957 0.392544 0.520338 0.392544 0.523408 0.391447 0.524175 0.391447 0.526477 0.390351 0.527245 0.390351 0.52878 0.389254 0.529547 0.389254 0.530315 0.388158 0.531082 0.388158 0.532617 0.387061 0.533384 0.387061 0.535687 0.388158 0.536454 0.388158 0.537222 0.387061 0.537989 0.387061 0.541059 0.385965 0.541827 0.385965 0.554873 0.387061 0.555641 0.387061 0.560246 0.390351 0.562548 0.390351 0.563315 0.39364 0.563315 0.394737 0.564083 0.394737 0.56485 0.39693 0.563315 0.39693 0.562548 0.398026 0.561781 0.399123 0.561781 0.400219 0.561013 0.400219 0.559478 0.401316 0.558711 0.401316 0.557943 0.402412 0.557176 0.402412 0.556408 0.403509 0.555641 0.403509 0.554873 0.404605 0.554106 0.404605 0.552571 0.405702 0.551804 0.405702 0.545664 0.406798 0.544896 0.406798 0.539524 0.407895 0.538757 0.407895 0.536454 0.408991 0.535687 0.408991 0.532617 0.410088 0.53185 0.410088 0.528012 0.411184 0.527245 0.411184 0.524942 0.412281 0.524175 0.412281 0.520338 0.413377 0.51957 0.413377 0.517268 0.414474 0.5165 0.414474 0.514965 0.41557 0.514198 0.41557 0.512663 0.416667 0.511896 0.416667 0.510361 0.417763 0.509593 0.417763 0.508826 0.41886 0.508058 0.41886 0.507291 0.419956 0.506523 0.419956 0.505756 0.421053 0.504988 0.421053 0.504221 0.422149 0.503454 0.422149 0.502686 0.424342 0.501151 0.424342 0.499616 0.426535 0.498081 0.426535 0.497314 0.427632 0.496546 0.427632 0.495779 0.428728 0.495012 0.428728 0.493477 0.429825 0.492709 0.429825 0.491942 0.430921 0.491174 0.430921 0.486569 0.432018 0.485802 0.432018 0.482732 0.430921 0.481965 0.430921 0.481197 0.432018 0.48043 0.432018 0.479662 0.430921 0.479662 0.429825 0.478895 0.429825 0.478127
0 0.708333 0.458173 0.707237 0.458941 0.708333 0.458941
0 0.223684 0.442057 0.222588 0.442824 0.221491 0.442824 0.221491 0.443592 0.222588 0.444359 0.224781 0.444359 0.225877 0.443592 0.225877 0.442824 0.224781 0.442824
0 0.230263 0.437452 0.229167 0.438219 0.229167 0.438987 0.22807 0.439754 0.22807 0.440522 0.230263 0.442057 0.234649 0.442057 0.236842 0.440522 0.236842 0.439754 0.233553 0.437452
0 0.721491 0.431312 0.720395 0.43208 0.721491 0.432847 0.723684 0.432847 0.724781 0.43208 0.723684 0.431312 0.722588 0.43208
0 0.145833 0.42901 0.144737 0.429777 0.144737 0.430545 0.145833 0.430545 0.14693 0.429777 0.14693 0.42901
0 0.169956 0.42594 0.169956 0.427475 0.171053 0.428243 0.171053 0.426708
0 0.721491 0.415196 0.721491 0.415963 0.725877 0.415963 0.725877 0.415196
0 0.744518 0.413661 0.743421 0.414428 0.735746 0.414428 0.734649 0.415196 0.739035 0.415196 0.740132 0.414428 0.741228 0.414428 0.742325 0.415196 0.745614 0.415196 0.746711 0.414428 0.747807 0.414428 0.747807 0.413661
0 0.239035 0.409056 0.235746 0.411358 0.235746 0.412893 0.237939 0.414428 0.239035 0.414428 0.240132 0.415196 0.241228 0.415196 0.242325 0.415963 0.242325 0.4198 0.244518 0.421335 0.244518 0.422103 0.247807 0.424405 0.248904 0.424405 0.25 0.425173 0.254386 0.425173 0.255482 0.42594 0.259868 0.42594 0.260965 0.425173 0.262061 0.425173 0.26864 0.429777 0.270833 0.429777 0.27193 0.430545 0.275219 0.430545 0.276316 0.431312 0.277412 0.431312 0.278509 0.43208 0.279605 0.43208 0.280702 0.432847 0.281798 0.432847 0.281798 0.429777 0.282895 0.42901 0.282895 0.426708 0.283991 0.42594 0.283991 0.425173 0.282895 0.425173 0.281798 0.424405 0.280702 0.424405 0.279605 0.423638 0.278509 0.423638 0.276316 0.422103 0.275219 0.422103 0.274123 0.421335 0.273026 0.421335 0.270833 0.4198 0.26864 0.4198 0.267544 0.419033 0.263158 0.419033 0.258772 0.415963 0.257675 0.415963 0.256579 0.415196 0.247807 0.415196 0.245614 0.416731 0.243421 0.416731 0.242325 0.415963 0.242325 0.415196 0.244518 0.413661 0.244518 0.412893 0.245614 0.412126 0.245614 0.411358 0.242325 0.409056
0 0.684211 0.400614 0.684211 0.403684 0.684211 0.402916 0.685307 0.402149 0.685307 0.400614
0 0.686404 0.388335 0.685307 0.389102 0.685307 0.38987 0.684211 0.390637 0.684211 0.391404 0.685307 0.392172 0.686404 0.391404
0 0.730263 0.382195 0.729167 0.382962 0.72807 0.382962 0.726974 0.38373 0.726974 0.384497 0.729167 0.384497 0.730263 0.38373 0.740132 0.38373 0.741228 0.382962 0.742325 0.382962 0.739035 0.382962 0.737939 0.382195
0 0.273026 0.372218 0.273026 0.372985 0.27193 0.373753 0.27193 0.376823 0.274123 0.378358 0.274123 0.379125 0.276316 0.38066 0.276316 0.382962 0.277412 0.38373 0.278509 0.382962 0.278509 0.381427 0.279605 0.38066 0.279605 0.379125 0.281798 0.37759 0.281798 0.376823 0.282895 0.376055 0.282895 0.375288 0.281798 0.37452 0.280702 0.37452 0.279605 0.373753 0.279605 0.372985 0.278509 0.372218
0 0.263158 0.360706 0.264254 0.361474 0.264254 0.362241 0.266447 0.363776 0.267544 0.363008 0.264254 0.360706
0 0.277412 0.358404 0.276316 0.359171 0.275219 0.359171 0.275219 0.360706 0.276316 0.361474 0.276316 0.362241 0.280702 0.362241 0.280702 0.359939 0.278509 0.358404
0 0.239035 0.351497 0.239035 0.353031 0.240132 0.353031 0.241228 0.353799 0.243421 0.353799 0.244518 0.353031 0.243421 0.352264 0.240132 0.352264
0 0.729167 0.348427 0.72807 0.349194 0.72807 0.350729 0.729167 0.350729 0.730263 0.351497 0.73136 0.350729 0.73136 0.348427
0 0.296053 0.346892 0.292763 0.349194 0.292763 0.349962 0.291667 0.350729 0.291667 0.351497 0.29057 0.352264 0.29057 0.353799 0.292763 0.353799 0.296053 0.351497 0.296053 0.350729 0.297149 0.349962 0.297149 0.347659
0 0.20943 0.343822 0.208333 0.344589 0.20943 0.345357 0.210526 0.345357 0.210526 0.344589
0 0.22807 0.339985 0.226974 0.340752 0.22807 0.34152
0 0.22807 0.336147 0.22807 0.336915 0.229167 0.337682 0.229167 0.336147
0 0.745614 0.328473 0.745614 0.330008 0.746711 0.330008 0.746711 0.32924
0 0.549342 0.323868 0.549342 0.324635 0.547149 0.32617 0.547149 0.326938 0.546053 0.327705 0.546053 0.328473 0.544956 0.32924 0.544956 0.333078 0.547149 0.334612 0.552632 0.334612 0.555921 0.33231 0.555921 0.331543 0.557018 0.330775 0.557018 0.330008 0.558114 0.32924 0.558114 0.326938 0.557018 0.32617 0.557018 0.325403 0.555921 0.324635 0.554825 0.324635 0.553728 0.323868
0 0.472588 0.316961 0.473684 0.317728 0.473684 0.316961
0 0.489035 0.301612 0.487939 0.302379 0.486842 0.302379 0.486842 0.303147 0.484649 0.304682 0.482456 0.304682 0.483553 0.305449 0.483553 0.306216 0.484649 0.306984 0.484649 0.307751 0.485746 0.308519 0.485746 0.307751 0.486842 0.306984 0.486842 0.306216 0.489035 0.304682 0.493421 0.304682 0.492325 0.303914 0.493421 0.303147 0.493421 0.302379 0.490132 0.302379
0 0.593202 0.300077 0.592105 0.300844 0.592105 0.302379 0.591009 0.303147 0.591009 0.305449 0.592105 0.306216 0.594298 0.306216 0.595395 0.306984 0.596491 0.306984 0.597588 0.306216 0.598684 0.306216 0.599781 0.305449 0.600877 0.305449 0.601974 0.304682 0.60307 0.304682 0.605263 0.303147 0.60307 0.303147 0.601974 0.302379 0.600877 0.302379 0.597588 0.300077
0 0.583333 0.286262 0.583333 0.291635 0.583333 0.290867 0.58443 0.2901 0.58443 0.28703
0 0.617325 0.283193 0.615132 0.284728 0.615132 0.285495 0.614035 0.286262 0.614035 0.289332 0.616228 0.290867 0.618421 0.290867 0.622807 0.287797 0.622807 0.28703 0.621711 0.286262 0.621711 0.285495 0.618421 0.283193
0 0.307018 0.28089 0.307018 0.283193 0.308114 0.28396 0.309211 0.28396 0.310307 0.283193 0.310307 0.28089
0 0.29386 0.275518 0.29386 0.277053 0.294956 0.27782 0.296053 0.27782 0.296053 0.276285 0.294956 0.275518
0 0.317982 0.271681 0.316886 0.272448 0.316886 0.275518 0.315789 0.276285 0.315789 0.277053 0.317982 0.278588 0.317982 0.280123 0.319079 0.28089 0.319079 0.28396 0.317982 0.284728 0.317982 0.28703 0.319079 0.287797 0.321272 0.287797 0.321272 0.28703 0.322368 0.286262 0.322368 0.285495 0.323465 0.284728 0.323465 0.28396 0.322368 0.283193 0.322368 0.28089 0.323465 0.280123 0.323465 0.277053 0.322368 0.276285 0.322368 0.275518 0.321272 0.274751 0.321272 0.273983 0.320175 0.273983 0.319079 0.273216 0.319079 0.272448
0 0.252193 0.271681 0.252193 0.272448 0.254386 0.272448 0.253289 0.271681
0 0.321272 0.265541 0.321272 0.266309 0.320175 0.267076 0.321272 0.267076 0.322368 0.266309 0.322368 0.265541
0 0.683114 0.257866 0.682018 0.258634 0.682018 0.259401 0.683114 0.259401 0.684211 0.260169 0.684211 0.257866
0 0.337719 0.242517 0.337719 0.243285 0.336623 0.244052 0.336623 0.24482 0.335526 0.245587 0.335526 0.246355 0.33443 0.247122 0.33443 0.249424 0.335526 0.248657 0.335526 0.247889 0.336623 0.247122 0.336623 0.246355 0.337719 0.245587 0.337719 0.24482 0.338816 0.244052 0.338816 0.243285
0 0.596491 0.231773 0.595395 0.23254 0.595395 0.233308 0.594298 0.234075 0.594298 0.23561 0.593202 0.236378 0.593202 0.23868 0.592105 0.239447 0.592105 0.240215 0.591009 0.240982 0.591009 0.24175 0.587719 0.244052 0.587719 0.24482 0.586623 0.245587 0.586623 0.246355 0.582237 0.249424 0.58114 0.249424 0.578947 0.250959 0.578947 0.254797 0.577851 0.255564 0.577851 0.256332 0.575658 0.257866 0.575658 0.258634 0.574561 0.259401 0.573465 0.259401 0.569079 0.262471 0.566886 0.262471 0.560307 0.267076 0.560307 0.268611 0.559211 0.269378 0.559211 0.270913 0.558114 0.271681 0.558114 0.272448 0.557018 0.273216 0.557018 0.274751 0.555921 0.275518 0.555921 0.28396 0.557018 0.283193 0.557018 0.282425 0.558114 0.281658 0.558114 0.28089 0.560307 0.279355 0.560307 0.278588 0.561404 0.27782 0.561404 0.277053 0.563596 0.275518 0.563596 0.274751 0.566886 0.272448 0.567982 0.272448 0.567982 0.271681 0.569079 0.270913 0.569079 0.270146 0.574561 0.266309 0.577851 0.266309 0.580044 0.267843 0.580044 0.270146 0.578947 0.270913 0.578947 0.276285 0.580044 0.277053 0.58114 0.277053 0.583333 0.275518 0.58443 0.275518 0.58443 0.270146 0.583333 0.269378 0.583333 0.264774 0.582237 0.264006 0.582237 0.262471 0.58114 0.261704 0.58114 0.260169 0.583333 0.258634 0.583333 0.257099 0.586623 0.254797 0.586623 0.254029 0.587719 0.253262 0.587719 0.252494 0.588816 0.251727 0.588816 0.250192 0.589912 0.249424 0.589912 0.247889 0.591009 0.247122 0.591009 0.246355 0.593202 0.24482 0.593202 0.244052 0.594298 0.243285 0.594298 0.240982 0.595395 0.240215 0.595395 0.239447 0.596491 0.23868 0.596491 0.236378 0.597588 0.23561 0.597588 0.231773
0 0.641447 0.230238 0.640351 0.231005 0.640351 0.231773 0.641447 0.231773 0.642544 0.231005 0.642544 0.230238
0 0.623904 0.22947 0.623904 0.231005 0.622807 0.231773 0.622807 0.233308 0.623904 0.234075 0.623904 0.23561 0.623904 0.23254 0.625 0.231773 0.625 0.22947
0 0.512061 0.221796 0.510965 0.222563 0.510965 0.224098 0.512061 0.224098 0.513158 0.223331 0.513158 0.221796
0 0.33114 0.221028 0.33114 0.221796 0.332237 0.221796 0.332237 0.221028
0 0.656798 0.209517 0.655702 0.210284 0.654605 0.210284 0.648026 0.214889 0.648026 0.215656 0.64693 0.216424 0.64693 0.218726 0.648026 0.219493 0.649123 0.218726 0.649123 0.217959 0.653509 0.214889 0.654605 0.214889 0.655702 0.214121 0.657895 0.214121 0.657895 0.212586 0.660088 0.211051 0.660088 0.209517
0 0.425439 0.203377 0.424342 0.204144 0.423246 0.204144 0.423246 0.207214 0.425439 0.208749 0.429825 0.208749 0.430921 0.207982 0.430921 0.205679 0.429825 0.205679 0.428728 0.204912 0.428728 0.204144 0.427632 0.204144 0.426535 0.203377
0 0.686404 0.195702 0.684211 0.197237 0.679825 0.197237 0.678728 0.198005 0.677632 0.198005 0.674342 0.200307 0.673246 0.200307 0.671053 0.201842 0.671053 0.203377 0.669956 0.204144 0.671053 0.204912 0.671053 0.206447 0.672149 0.207214 0.673246 0.207214 0.674342 0.206447 0.674342 0.205679 0.675439 0.204912 0.675439 0.203377 0.677632 0.201842 0.678728 0.201842 0.679825 0.201074 0.679825 0.200307 0.680921 0.19954 0.682018 0.19954 0.683114 0.198772 0.684211 0.198772 0.685307 0.198005 0.686404 0.198005 0.6875 0.197237 0.6875 0.195702
0 0.686404 0.192632 0.686404 0.1934 0.6875 0.194167 0.6875 0.1934
0 0.39693 0.181888 0.39693 0.182655 0.398026 0.183423 0.398026 0.181888
0 0.501096 0.159632 0.5 0.160399 0.5 0.161934 0.501096 0.162701 0.503289 0.162701 0.503289 0.161167 0.504386 0.160399 0.504386 0.159632
0 0.41557 0.155794 0.414474 0.156562 0.41557 0.157329 0.416667 0.156562 0.416667 0.155794
0 0.379386 0.15119 0.379386 0.151957 0.381579 0.153492 0.381579 0.154259 0.382675 0.155027 0.382675 0.155794 0.383772 0.156562 0.383772 0.155794 0.382675 0.155027 0.382675 0.154259 0.380482 0.152724 0.380482 0.151957
0 0.528509 0.140445 0.526316 0.14198 0.526316 0.142748 0.524123 0.144282 0.524123 0.14505 0.523026 0.145817 0.523026 0.148887 0.52193 0.149655 0.52193 0.15119 0.520833 0.151957 0.520833 0.153492 0.519737 0.154259 0.519737 0.157329 0.520833 0.158097 0.520833 0.158864 0.51864 0.160399 0.51864 0.161167 0.517544 0.161934 0.517544 0.162701 0.516447 0.163469 0.516447 0.165771 0.517544 0.166539 0.517544 0.171144 0.516447 0.171911 0.514254 0.171911 0.513158 0.171144 0.512061 0.171144 0.510965 0.171911 0.512061 0.172678 0.512061 0.173446 0.513158 0.174213 0.513158 0.174981 0.514254 0.175748 0.514254 0.177283 0.516447 0.178818 0.516447 0.183423 0.514254 0.184958 0.514254 0.194167 0.513158 0.194935 0.513158 0.201842 0.514254 0.202609 0.514254 0.203377 0.515351 0.204144 0.515351 0.205679 0.516447 0.206447 0.51864 0.206447 0.51864 0.204144 0.519737 0.203377 0.519737 0.19954 0.51864 0.198772 0.51864 0.191865 0.517544 0.191097 0.517544 0.19033 0.516447 0.189563 0.516447 0.182655 0.517544 0.181888 0.517544 0.180353 0.51864 0.179586 0.51864 0.173446 0.519737 0.172678 0.519737 0.170376 0.520833 0.169609 0.520833 0.168841 0.52193 0.168074 0.52193 0.167306 0.524123 0.165771 0.524123 0.161167 0.523026 0.160399 0.524123 0.159632 0.524123 0.157329 0.525219 0.156562 0.525219 0.152724 0.526316 0.151957 0.526316 0.150422 0.527412 0.149655 0.527412 0.148887 0.528509 0.14812 0.528509 0.146585 0.530702 0.14505 0.530702 0.142748 0.529605 0.14198 0.529605 0.141213
0 0.671053 0.128933 0.669956 0.129701 0.669956 0.132771 0.671053 0.133538 0.671053 0.134305 0.671053 0.133538 0.672149 0.132771 0.672149 0.132003 0.673246 0.131236 0.672149 0.130468 0.672149 0.129701
0 0.591009 0.116654 0.589912 0.117421 0.589912 0.118189 0.588816 0.118956 0.588816 0.120491 0.587719 0.121259 0.587719 0.125096 0.586623 0.125863 0.586623 0.128166 0.585526 0.128933 0.585526 0.129701 0.582237 0.132003 0.58114 0.132003 0.580044 0.132771 0.578947 0.132771 0.578947 0.133538 0.576754 0.135073 0.576754 0.13584 0.575658 0.136608 0.575658 0.13891 0.576754 0.139678 0.576754 0.14198 0.575658 0.142748 0.575658 0.146585 0.577851 0.146585 0.578947 0.145817 0.578947 0.14505 0.580044 0.144282 0.580044 0.143515 0.58114 0.142748 0.58114 0.14198 0.582237 0.141213 0.582237 0.140445 0.587719 0.136608 0.588816 0.136608 0.588816 0.13584 0.589912 0.135073 0.591009 0.135073 0.591009 0.133538 0.592105 0.132771 0.592105 0.132003 0.593202 0.131236 0.593202 0.130468 0.594298 0.129701 0.594298 0.128933 0.596491 0.127398 0.596491 0.125863 0.594298 0.124328 0.594298 0.120491 0.595395 0.119724 0.595395 0.118189 0.594298 0.117421 0.594298 0.116654
0 0.555921 0.115119 0.555921 0.117421 0.557018 0.118189 0.557018 0.118956 0.559211 0.117421 0.558114 0.116654 0.558114 0.115886 0.557018 0.115886
0 0.582237 0.111282 0.582237 0.113584 0.583333 0.114351 0.583333 0.111282
0 0.588816 0.108212 0.588816 0.110514 0.589912 0.110514 0.591009 0.109747 0.591009 0.108979 0.592105 0.108212
0 0.541667 0.0974674 0.54057 0.0982348 0.54057 0.0990023 0.541667 0.0990023
