0 0.341009 0.835764 0.341009 0.837299 0.339912 0.838066 0.341009 0.838833
0 0.265351 0.830391 0.266447 0.831159 0.266447 0.831926 0.266447 0.830391
0 0.399123 0.811972 0.399123 0.813507 0.400219 0.814275 0.401316 0.813507 0.401316 0.811972 0.401316 0.81274 0.400219 0.813507 0.399123 0.81274
0 0.400219 0.808135 0.400219 0.808903 0.401316 0.80967 0.401316 0.810437 0.402412 0.810437 0.401316 0.80967 0.401316 0.808135
0 0.236842 0.797391 0.235746 0.798158 0.235746 0.798926 0.236842 0.798926 0.237939 0.798158 0.237939 0.797391
0 0.321272 0.795088 0.321272 0.795856 0.320175 0.796623 0.321272 0.797391 0.322368 0.797391 0.323465 0.798158 0.325658 0.798158 0.325658 0.797391 0.326754 0.796623 0.325658 0.795856 0.325658 0.795088
0 0.254386 0.778204 0.253289 0.778972 0.253289 0.779739 0.254386 0.778972
0 0.450658 0.775134 0.450658 0.778204 0.451754 0.778972 0.451754 0.780507 0.452851 0.779739 0.452851 0.777437 0.451754 0.776669 0.451754 0.775902
0 0.304825 0.772832 0.304825 0.773599 0.305921 0.773599 0.305921 0.772832
0 0.455044 0.759018 0.45614 0.759785 0.45614 0.76132 0.457237 0.760553 0.457237 0.759785 0.45614 0.759018
0 0.452851 0.749041 0.452851 0.750576 0.453947 0.750576 0.455044 0.751343 0.457237 0.751343 0.457237 0.750576 0.455044 0.749041
0 0.460526 0.728319 0.458333 0.729854 0.458333 0.733691 0.45943 0.734459 0.45943 0.738296 0.457237 0.739831 0.457237 0.740599 0.45614 0.741366 0.45614 0.743668 0.45943 0.743668 0.45943 0.742901 0.462719 0.740599 0.462719 0.739831 0.464912 0.738296 0.467105 0.738296 0.466009 0.737529 0.466009 0.734459 0.464912 0.733691 0.464912 0.732157 0.463816 0.731389 0.463816 0.730622 0.462719 0.729854 0.462719 0.728319
0 0.300439 0.726017 0.299342 0.726784 0.299342 0.727552 0.298246 0.728319 0.298246 0.729087 0.297149 0.729854 0.297149 0.732924 0.298246 0.732157 0.298246 0.731389 0.299342 0.730622 0.299342 0.728319 0.300439 0.727552 0.300439 0.726784 0.301535 0.726017
0 0.303728 0.721412 0.303728 0.72218 0.304825 0.72218 0.304825 0.721412
0 0.333333 0.71604 0.333333 0.717575 0.33443 0.717575 0.33443 0.71604
0 0.577851 0.714505 0.578947 0.715272 0.578947 0.71604 0.58114 0.717575 0.58114 0.716807
0 0.582237 0.682272 0.58114 0.683039 0.58114 0.685342 0.583333 0.686876 0.583333 0.687644 0.58443 0.688411 0.58443 0.689179 0.583333 0.689946 0.582237 0.689946 0.582237 0.691481 0.583333 0.691481 0.58443 0.690714 0.58443 0.688411 0.585526 0.687644 0.585526 0.682272
0 0.319079 0.677667 0.319079 0.680737 0.320175 0.681504 0.320175 0.678434
0 0.612939 0.672295 0.612939 0.67383 0.611842 0.674597 0.610746 0.67383 0.609649 0.67383 0.609649 0.674597 0.608553 0.675365 0.610746 0.675365 0.612939 0.67383 0.612939 0.673062 0.614035 0.672295
0 0.616228 0.671527 0.618421 0.673062 0.619518 0.673062 0.622807 0.675365 0.623904 0.675365 0.625 0.676132 0.625 0.676899 0.630482 0.680737 0.630482 0.681504 0.631579 0.682272 0.630482 0.683039 0.630482 0.683807 0.631579 0.684574 0.631579 0.682272 0.630482 0.681504 0.630482 0.680737 0.629386 0.679969 0.629386 0.679202 0.622807 0.674597 0.622807 0.67383 0.621711 0.67383 0.620614 0.673062 0.619518 0.673062 0.617325 0.671527
0 0.571272 0.67076 0.570175 0.671527 0.567982 0.671527 0.566886 0.672295 0.566886 0.673062 0.567982 0.67383 0.567982 0.674597 0.569079 0.674597 0.570175 0.675365 0.571272 0.675365 0.572368 0.676132 0.573465 0.676132 0.574561 0.676899 0.576754 0.676899 0.577851 0.676132 0.577851 0.673062 0.574561 0.67076
0 0.442982 0.668457 0.442982 0.669225 0.441886 0.669992 0.440789 0.669992 0.440789 0.67076 0.441886 0.671527 0.441886 0.676899 0.440789 0.677667 0.440789 0.679202 0.439693 0.679969 0.439693 0.684574 0.440789 0.685342 0.440789 0.689946 0.439693 0.690714 0.439693 0.693016 0.438596 0.693784 0.438596 0.695318 0.439693 0.696086 0.439693 0.696853 0.440789 0.696853 0.442982 0.698388 0.442982 0.699156 0.445175 0.699156 0.446272 0.699923 0.446272 0.699156 0.447368 0.698388 0.447368 0.694551 0.448465 0.693784 0.448465 0.693016 0.449561 0.692249 0.449561 0.690714 0.451754 0.689179 0.451754 0.688411 0.452851 0.687644 0.453947 0.687644 0.453947 0.686876 0.455044 0.686109 0.455044 0.685342 0.457237 0.683807 0.457237 0.681504 0.458333 0.680737 0.458333 0.679969 0.45943 0.679202 0.45943 0.677667 0.460526 0.676899 0.460526 0.673062 0.45943 0.672295 0.45943 0.671527 0.458333 0.67076 0.457237 0.67076 0.45614 0.669992 0.451754 0.669992 0.450658 0.669225 0.444079 0.669225
0 0.316886 0.655411 0.316886 0.656178 0.315789 0.656946 0.315789 0.65848 0.314693 0.659248 0.314693 0.66462 0.315789 0.665388 0.315789 0.666155 0.317982 0.666155 0.319079 0.665388 0.319079 0.66462 0.320175 0.663853 0.320175 0.659248 0.319079 0.65848 0.319079 0.656946 0.317982 0.656178 0.317982 0.655411
0 0.307018 0.651573 0.307018 0.652341 0.305921 0.653108 0.307018 0.653876 0.307018 0.655411 0.308114 0.656178 0.309211 0.655411 0.309211 0.652341 0.308114 0.651573
0 0.260965 0.650806 0.259868 0.651573 0.258772 0.651573 0.258772 0.652341 0.257675 0.653108 0.257675 0.653876 0.259868 0.653876 0.260965 0.653108 0.262061 0.653108 0.263158 0.652341 0.263158 0.651573 0.262061 0.650806
0 0.277412 0.649271 0.277412 0.650038 0.278509 0.650806 0.278509 0.649271
0 0.621711 0.647736 0.620614 0.648503 0.620614 0.649271 0.622807 0.650806 0.622807 0.648503
0 0.332237 0.647736 0.332237 0.653108 0.333333 0.653876 0.333333 0.649271 0.332237 0.648503
0 0.592105 0.61627 0.589912 0.617805 0.589912 0.620107 0.591009 0.620875 0.592105 0.620875 0.593202 0.621642 0.595395 0.621642 0.595395 0.620107 0.596491 0.61934 0.596491 0.617038 0.595395 0.61627
0 0.287281 0.611665 0.286184 0.612433 0.286184 0.6132 0.285088 0.613968 0.285088 0.615503 0.282895 0.617038 0.282895 0.617805 0.285088 0.617805 0.289474 0.614735 0.289474 0.612433 0.288377 0.611665
0 0.167763 0.611665 0.167763 0.6132 0.172149 0.6132 0.172149 0.612433 0.171053 0.611665
0 0.155702 0.604758 0.156798 0.605526 0.156798 0.604758
0 0.189693 0.593246 0.190789 0.594014 0.190789 0.593246
0 0.0822368 0.590944 0.0822368 0.591711 0.0855263 0.591711 0.0855263 0.590944
0 0.337719 0.584804 0.337719 0.585572 0.336623 0.586339 0.335526 0.586339 0.33443 0.587107 0.33443 0.587874 0.333333 0.588642 0.333333 0.590177 0.332237 0.590944 0.333333 0.591711 0.333333 0.592479 0.332237 0.593246 0.332237 0.594781 0.333333 0.595549 0.333333 0.596316 0.335526 0.597851 0.336623 0.597851 0.337719 0.598619 0.338816 0.598619 0.339912 0.597851 0.341009 0.597851 0.341009 0.597084 0.342105 0.596316 0.342105 0.595549 0.343202 0.594781 0.343202 0.589409 0.342105 0.588642 0.342105 0.587107 0.341009 0.586339 0.341009 0.585572 0.339912 0.584804
0 0.324561 0.577897 0.322368 0.579432 0.322368 0.5802 0.321272 0.580967 0.321272 0.584804 0.323465 0.584804 0.324561 0.584037 0.325658 0.584037 0.325658 0.583269 0.326754 0.582502 0.326754 0.580967 0.327851 0.5802 0.327851 0.578665 0.326754 0.577897
0 0.179825 0.57713 0.178728 0.577897 0.178728 0.579432 0.179825 0.579432 0.179825 0.578665 0.178728 0.577897
0 0.660088 0.575595 0.658991 0.576362 0.660088 0.576362 0.661184 0.57713 0.663377 0.57713 0.663377 0.576362 0.662281 0.576362 0.661184 0.575595
0 0.126096 0.56485 0.126096 0.565618 0.128289 0.565618 0.127193 0.56485
0 0.207237 0.554873 0.20614 0.555641 0.205044 0.555641 0.205044 0.556408 0.203947 0.557176 0.205044 0.557943 0.205044 0.558711 0.207237 0.558711 0.208333 0.557943 0.208333 0.557176 0.20943 0.556408 0.208333 0.555641 0.208333 0.554873
0 0.525219 0.554106 0.525219 0.554873 0.524123 0.555641 0.524123 0.557176 0.525219 0.557176 0.527412 0.558711 0.527412 0.559478 0.528509 0.560246 0.528509 0.561781 0.529605 0.561781 0.530702 0.562548 0.530702 0.563315 0.531798 0.564083 0.532895 0.564083 0.537281 0.567153 0.537281 0.56792 0.538377 0.568688 0.539474 0.568688 0.542763 0.57099 0.542763 0.571757 0.54386 0.571757 0.549342 0.575595 0.550439 0.575595 0.551535 0.576362 0.553728 0.576362 0.554825 0.57713 0.555921 0.57713 0.557018 0.577897 0.558114 0.577897 0.559211 0.578665 0.560307 0.577897 0.560307 0.574827 0.558114 0.573292 0.558114 0.572525 0.550439 0.567153 0.550439 0.566385 0.549342 0.565618 0.549342 0.56485 0.548246 0.564083 0.547149 0.564083 0.541667 0.560246 0.54057 0.560246 0.539474 0.559478 0.538377 0.559478 0.536184 0.557943 0.535088 0.557943 0.533991 0.557176 0.532895 0.557176 0.531798 0.556408 0.530702 0.556408 0.528509 0.554873 0.527412 0.554873 0.526316 0.554106
0 0.155702 0.550269 0.153509 0.551804 0.154605 0.552571 0.156798 0.552571 0.156798 0.551036
0 0.697368 0.549501 0.697368 0.550269 0.698465 0.551036 0.700658 0.551036 0.699561 0.550269 0.698465 0.550269
0 0.658991 0.545664 0.657895 0.546431 0.658991 0.547199 0.660088 0.546431 0.660088 0.545664
0 0.342105 0.540292 0.341009 0.541059 0.341009 0.541827 0.339912 0.542594 0.339912 0.544896 0.341009 0.545664 0.341009 0.546431 0.343202 0.546431 0.343202 0.545664 0.344298 0.544896 0.344298 0.541827
0 0.674342 0.538757 0.673246 0.539524 0.673246 0.541059 0.674342 0.541827 0.674342 0.542594 0.675439 0.542594 0.676535 0.543361 0.677632 0.543361 0.677632 0.542594 0.678728 0.541827 0.677632 0.541059 0.677632 0.540292 0.675439 0.538757
0 0.656798 0.535687 0.656798 0.537222 0.657895 0.537989 0.658991 0.537989 0.658991 0.536454 0.657895 0.535687
0 0.257675 0.53185 0.256579 0.532617 0.255482 0.532617 0.253289 0.534152 0.253289 0.537222 0.255482 0.537222 0.256579 0.537989 0.257675 0.537222 0.259868 0.537222 0.259868 0.535687 0.260965 0.534919 0.259868 0.534152 0.259868 0.533384
0 0.649123 0.526477 0.649123 0.529547 0.651316 0.531082 0.653509 0.531082 0.654605 0.53185 0.654605 0.532617 0.654605 0.530315 0.653509 0.529547 0.653509 0.52878 0.652412 0.528012 0.652412 0.527245 0.651316 0.526477
0 0.523026 0.524942 0.517544 0.52878 0.516447 0.52878 0.516447 0.529547 0.515351 0.530315 0.515351 0.53185 0.514254 0.532617 0.515351 0.533384 0.515351 0.534152 0.516447 0.534919 0.516447 0.535687 0.517544 0.535687 0.51864 0.536454 0.51864 0.537222 0.52193 0.539524 0.52193 0.540292 0.523026 0.541059 0.523026 0.541827 0.525219 0.543361 0.525219 0.544896 0.528509 0.544896 0.529605 0.544129 0.532895 0.544129 0.532895 0.541827 0.533991 0.541059 0.533991 0.540292 0.535088 0.539524 0.535088 0.536454 0.533991 0.535687 0.532895 0.535687 0.531798 0.534919 0.530702 0.534919 0.529605 0.534152 0.529605 0.533384 0.527412 0.53185 0.527412 0.531082 0.526316 0.530315 0.526316 0.527245 0.525219 0.526477 0.525219 0.52571 0.524123 0.524942
0 0.294956 0.524175 0.29386 0.524942 0.29386 0.52571 0.297149 0.52571 0.297149 0.524942 0.296053 0.524175
0 0.138158 0.5165 0.137061 0.517268 0.137061 0.518035 0.138158 0.518035 0.139254 0.517268
0 0.111842 0.511896 0.111842 0.513431 0.112939 0.513431 0.112939 0.511896
0 0.557018 0.507291 0.554825 0.508826 0.552632 0.508826 0.551535 0.509593 0.550439 0.509593 0.546053 0.512663 0.546053 0.513431 0.544956 0.514198 0.544956 0.514965 0.546053 0.515733 0.546053 0.517268 0.548246 0.518803 0.548246 0.51957 0.549342 0.51957 0.550439 0.520338 0.550439 0.521105 0.551535 0.521873 0.553728 0.521873 0.554825 0.52264 0.558114 0.52264 0.559211 0.523408 0.560307 0.523408 0.561404 0.52264 0.563596 0.52264 0.564693 0.521873 0.565789 0.521873 0.569079 0.51957 0.569079 0.517268 0.567982 0.5165 0.567982 0.514198 0.566886 0.513431 0.566886 0.512663 0.565789 0.511896 0.565789 0.511128 0.5625 0.508826 0.560307 0.508826 0.559211 0.508058 0.558114 0.508058
0 0.252193 0.507291 0.252193 0.509593 0.253289 0.510361 0.254386 0.510361 0.255482 0.509593 0.255482 0.508058 0.254386 0.507291
0 0.663377 0.499616 0.663377 0.500384 0.66557 0.501919 0.66557 0.502686 0.669956 0.505756 0.669956 0.504988 0.66886 0.504988 0.667763 0.504221 0.667763 0.503454 0.66557 0.501919 0.66557 0.499616
0 0.594298 0.498849 0.593202 0.499616 0.591009 0.499616 0.589912 0.500384 0.588816 0.500384 0.587719 0.501151 0.586623 0.501151 0.58443 0.502686 0.583333 0.502686 0.58114 0.504221 0.58114 0.505756 0.580044 0.506523 0.580044 0.507291 0.577851 0.508826 0.575658 0.508826 0.574561 0.509593 0.574561 0.511128 0.576754 0.512663 0.576754 0.513431 0.580044 0.515733 0.582237 0.515733 0.587719 0.511896 0.587719 0.511128 0.588816 0.510361 0.588816 0.508058 0.587719 0.507291 0.592105 0.504221 0.594298 0.504221 0.594298 0.503454 0.595395 0.502686 0.598684 0.502686 0.599781 0.501919 0.600877 0.501919 0.601974 0.501151 0.601974 0.498849
0 0.702851 0.495779 0.705044 0.497314 0.70614 0.497314 0.703947 0.495779
0 0.25 0.491174 0.25 0.491942 0.248904 0.492709 0.248904 0.493477 0.25 0.494244 0.25 0.495779 0.251096 0.496546 0.251096 0.497314 0.254386 0.497314 0.256579 0.495779 0.256579 0.494244 0.255482 0.493477 0.255482 0.492709 0.254386 0.491942 0.253289 0.491942 0.252193 0.491174
0 0.679825 0.489639 0.678728 0.490407 0.679825 0.491174 0.682018 0.491174 0.682018 0.489639 0.680921 0.490407
0 0.423246 0.488104 0.421053 0.489639 0.41886 0.489639 0.417763 0.490407 0.416667 0.490407 0.41557 0.491174 0.41557 0.491942 0.411184 0.495012 0.411184 0.496546 0.407895 0.498849 0.407895 0.499616 0.406798 0.500384 0.406798 0.501919 0.404605 0.503454 0.404605 0.504221 0.403509 0.504988 0.403509 0.506523 0.402412 0.507291 0.402412 0.508058 0.400219 0.509593 0.400219 0.510361 0.39693 0.512663 0.39693 0.513431 0.395833 0.514198 0.395833 0.515733 0.394737 0.5165 0.394737 0.517268 0.39364 0.518035 0.39364 0.518803 0.392544 0.51957 0.392544 0.520338 0.391447 0.521105 0.391447 0.52264 0.388158 0.524942 0.388158 0.52878 0.387061 0.529547 0.387061 0.534919 0.385965 0.535687 0.385965 0.537222 0.384868 0.537989 0.384868 0.539524 0.383772 0.540292 0.383772 0.541827 0.382675 0.542594 0.382675 0.546431 0.381579 0.547199 0.381579 0.551804 0.380482 0.552571 0.380482 0.557176 0.381579 0.557943 0.381579 0.559478 0.380482 0.560246 0.380482 0.561013 0.376096 0.564083 0.375 0.564083 0.373904 0.563315 0.372807 0.563315 0.371711 0.562548 0.367325 0.562548 0.366228 0.561781 0.361842 0.561781 0.360746 0.562548 0.360746 0.564083 0.359649 0.56485 0.359649 0.566385 0.358553 0.567153 0.358553 0.568688 0.357456 0.569455 0.357456 0.570223 0.355263 0.571757 0.355263 0.579432 0.35636 0.5802 0.35636 0.581734 0.357456 0.582502 0.357456 0.584804 0.358553 0.585572 0.358553 0.589409 0.357456 0.590177 0.357456 0.590944 0.358553 0.591711 0.358553 0.593246 0.359649 0.594014 0.360746 0.594014 0.364035 0.596316 0.366228 0.596316 0.367325 0.597084 0.372807 0.597084 0.373904 0.597851 0.375 0.597084 0.375 0.596316 0.376096 0.595549 0.376096 0.594781 0.377193 0.594014 0.377193 0.593246 0.378289 0.592479 0.378289 0.590944 0.379386 0.590177 0.379386 0.588642 0.380482 0.587874 0.380482 0.586339 0.381579 0.585572 0.381579 0.583269 0.382675 0.582502 0.382675 0.581734 0.383772 0.580967 0.383772 0.5802 0.384868 0.579432 0.384868 0.578665 0.388158 0.576362 0.388158 0.575595 0.398026 0.568688 0.398026 0.56792 0.400219 0.566385 0.400219 0.56485 0.401316 0.564083 0.401316 0.563315 0.402412 0.562548 0.402412 0.561013 0.403509 0.560246 0.403509 0.558711 0.404605 0.557943 0.404605 0.551804 0.405702 0.551036 0.405702 0.534152 0.406798 0.533384 0.406798 0.530315 0.407895 0.529547 0.407895 0.527245 0.408991 0.526477 0.408991 0.524175 0.410088 0.523408 0.410088 0.521873 0.411184 0.521105 0.411184 0.520338 0.412281 0.51957 0.412281 0.518035 0.413377 0.517268 0.413377 0.5165 0.414474 0.515733 0.414474 0.514198 0.41557 0.513431 0.41557 0.512663 0.417763 0.511128 0.417763 0.510361 0.419956 0.508826 0.419956 0.507291 0.422149 0.505756 0.422149 0.504221 0.423246 0.503454 0.423246 0.502686 0.424342 0.501919 0.424342 0.500384 0.425439 0.499616 0.425439 0.497314 0.426535 0.496546 0.426535 0.493477 0.427632 0.492709 0.425439 0.491174 0.425439 0.488872 0.424342 0.488872
0 0.172149 0.479662 0.171053 0.48043 0.169956 0.48043 0.174342 0.48043 0.174342 0.479662
0 0.699561 0.455871 0.699561 0.457406 0.700658 0.457406 0.700658 0.456639
0 0.219298 0.446662 0.219298 0.447429 0.220395 0.448196 0.221491 0.448196 0.222588 0.448964 0.224781 0.448964 0.222588 0.447429 0.221491 0.447429 0.220395 0.446662
0 0.240132 0.437452 0.239035 0.438219 0.237939 0.438219 0.236842 0.438987 0.233553 0.438987 0.233553 0.440522 0.234649 0.441289 0.234649 0.442057 0.240132 0.442057 0.243421 0.439754 0.243421 0.437452
0 0.214912 0.435917 0.214912 0.437452 0.217105 0.438987 0.217105 0.439754 0.218202 0.440522 0.218202 0.439754 0.217105 0.438987 0.217105 0.437452
0 0.70943 0.425173 0.70943 0.42594 0.710526 0.426708 0.710526 0.428243 0.713816 0.430545 0.713816 0.431312 0.714912 0.43208 0.714912 0.432847 0.717105 0.434382 0.719298 0.434382 0.719298 0.433615 0.718202 0.433615 0.717105 0.434382 0.716009 0.433615 0.716009 0.43208 0.714912 0.431312 0.714912 0.429777 0.713816 0.42901 0.713816 0.428243 0.711623 0.426708 0.711623 0.42594 0.710526 0.42594
0 0.282895 0.423638 0.280702 0.425173 0.279605 0.424405 0.277412 0.424405 0.277412 0.426708 0.275219 0.428243 0.275219 0.430545 0.276316 0.431312 0.276316 0.43208 0.279605 0.434382 0.282895 0.434382 0.283991 0.43515 0.288377 0.43515 0.289474 0.434382 0.289474 0.43208 0.29057 0.431312 0.29057 0.429777 0.291667 0.42901 0.291667 0.427475 0.29057 0.426708 0.29057 0.42594 0.287281 0.423638
0 0.245614 0.4198 0.243421 0.421335 0.243421 0.423638 0.242325 0.424405 0.242325 0.426708 0.246711 0.429777 0.25 0.429777 0.251096 0.42901 0.251096 0.425173 0.252193 0.424405 0.252193 0.420568 0.251096 0.420568 0.25 0.4198
0 0.705044 0.418266 0.703947 0.419033 0.703947 0.420568 0.705044 0.421335 0.70614 0.421335 0.707237 0.420568 0.707237 0.418266
0 0.682018 0.410591 0.680921 0.411358 0.680921 0.412126 0.682018 0.411358
0 0.682018 0.402149 0.679825 0.403684 0.679825 0.404451 0.680921 0.405219 0.682018 0.404451 0.682018 0.403684 0.683114 0.402916 0.683114 0.402149
0 0.714912 0.38987 0.713816 0.390637 0.713816 0.392172 0.714912 0.392939 0.717105 0.392939 0.718202 0.392172 0.718202 0.390637 0.717105 0.38987
0 0.280702 0.382962 0.279605 0.38373 0.278509 0.38373 0.278509 0.384497 0.277412 0.385265 0.277412 0.386032 0.275219 0.387567 0.275219 0.388335 0.273026 0.38987 0.273026 0.390637 0.27193 0.391404 0.27193 0.394474 0.273026 0.395242 0.273026 0.396009 0.274123 0.396777 0.274123 0.397544 0.275219 0.398312 0.276316 0.398312 0.277412 0.397544 0.278509 0.397544 0.278509 0.396777 0.279605 0.396009 0.279605 0.395242 0.280702 0.394474 0.280702 0.38987 0.281798 0.389102 0.281798 0.38373
0 0.288377 0.358404 0.287281 0.359171 0.287281 0.361474 0.288377 0.362241 0.29057 0.362241 0.291667 0.363008 0.292763 0.362241 0.292763 0.361474 0.291667 0.360706 0.291667 0.359939 0.289474 0.358404
0 0.276316 0.356101 0.275219 0.356869 0.275219 0.358404 0.276316 0.359171 0.276316 0.360706 0.277412 0.360706 0.278509 0.361474 0.279605 0.360706 0.280702 0.360706 0.280702 0.357636 0.279605 0.356869 0.279605 0.356101
0 0.729167 0.355334 0.729167 0.356869 0.730263 0.357636 0.732456 0.357636 0.732456 0.355334
0 0.200658 0.345357 0.201754 0.346124 0.201754 0.345357
0 0.251096 0.337682 0.251096 0.33845 0.252193 0.33845
0 0.296053 0.326938 0.294956 0.327705 0.294956 0.333078 0.292763 0.334612 0.292763 0.336147 0.29386 0.336915 0.292763 0.337682 0.292763 0.342287 0.29386 0.343054 0.29386 0.343822 0.294956 0.344589 0.296053 0.344589 0.296053 0.339985 0.297149 0.339217 0.297149 0.334612 0.298246 0.333845 0.298246 0.33231 0.299342 0.331543 0.299342 0.330008 0.298246 0.32924 0.298246 0.327705 0.297149 0.327705
0 0.549342 0.323101 0.547149 0.324635 0.547149 0.325403 0.546053 0.32617 0.546053 0.326938 0.544956 0.327705 0.544956 0.32924 0.54386 0.330008 0.54386 0.330775 0.544956 0.331543 0.544956 0.333845 0.546053 0.334612 0.550439 0.334612 0.552632 0.333078 0.552632 0.33231 0.553728 0.331543 0.553728 0.330775 0.554825 0.330008 0.554825 0.32924 0.555921 0.328473 0.555921 0.32617 0.554825 0.325403 0.554825 0.324635 0.553728 0.323868 0.552632 0.323868 0.551535 0.324635 0.550439 0.324635 0.550439 0.325403 0.548246 0.326938 0.547149 0.32617 0.547149 0.325403 0.548246 0.324635 0.548246 0.323868
0 0.762061 0.310821 0.763158 0.311589 0.766447 0.311589 0.767544 0.312356 0.773026 0.312356 0.77193 0.312356 0.770833 0.311589 0.766447 0.311589 0.765351 0.310821
0 0.586623 0.305449 0.585526 0.306216 0.58443 0.306216 0.583333 0.306984 0.582237 0.306984 0.582237 0.307751 0.58114 0.308519 0.58114 0.310054 0.582237 0.310821 0.582237 0.312356 0.585526 0.312356 0.586623 0.313124 0.587719 0.312356 0.588816 0.312356 0.589912 0.311589 0.589912 0.310054 0.591009 0.309286 0.591009 0.306984 0.588816 0.305449
0 0.282895 0.302379 0.282895 0.303914 0.283991 0.303914 0.283991 0.302379
0 0.267544 0.297007 0.267544 0.297774 0.26864 0.297774 0.26864 0.297007
0 0.605263 0.285495 0.604167 0.286262 0.60307 0.286262 0.595395 0.291635 0.595395 0.292402 0.594298 0.29317 0.594298 0.296239 0.595395 0.297007 0.595395 0.298542 0.599781 0.298542 0.600877 0.297774 0.600877 0.297007 0.60307 0.295472 0.60307 0.294705 0.604167 0.293937 0.604167 0.292402 0.605263 0.291635 0.607456 0.291635 0.608553 0.290867 0.609649 0.290867 0.611842 0.289332 0.611842 0.288565 0.612939 0.287797 0.612939 0.28703 0.611842 0.286262 0.610746 0.286262 0.609649 0.285495
0 0.316886 0.285495 0.313596 0.287797 0.313596 0.289332 0.3125 0.2901 0.313596 0.290867 0.313596 0.291635 0.315789 0.29317 0.316886 0.29317 0.317982 0.292402 0.317982 0.291635 0.319079 0.290867 0.319079 0.287797 0.317982 0.28703 0.317982 0.286262
0 0.260965 0.276285 0.263158 0.27782 0.264254 0.277053 0.263158 0.276285
0 0.680921 0.262471 0.678728 0.264006 0.678728 0.265541 0.679825 0.265541 0.680921 0.264774 0.680921 0.264006 0.682018 0.263239 0.683114 0.264006 0.684211 0.264006 0.684211 0.263239 0.683114 0.263239 0.682018 0.262471
0 0.700658 0.255564 0.696272 0.258634 0.695175 0.258634 0.690789 0.261704 0.691886 0.261704 0.692982 0.260936 0.694079 0.260936 0.695175 0.260169 0.696272 0.260169 0.698465 0.258634 0.699561 0.258634 0.700658 0.257866 0.700658 0.256332 0.701754 0.255564
0 0.608553 0.239447 0.60636 0.240982 0.60636 0.24175 0.605263 0.242517 0.605263 0.245587 0.604167 0.246355 0.604167 0.247889 0.598684 0.251727 0.598684 0.257099 0.597588 0.257866 0.597588 0.264006 0.596491 0.264774 0.596491 0.265541 0.592105 0.268611 0.591009 0.268611 0.589912 0.269378 0.587719 0.269378 0.586623 0.270146 0.585526 0.270146 0.58443 0.270913 0.58443 0.272448 0.582237 0.273983 0.582237 0.274751 0.583333 0.275518 0.583333 0.276285 0.585526 0.27782 0.586623 0.27782 0.587719 0.277053 0.589912 0.277053 0.591009 0.276285 0.591009 0.275518 0.592105 0.274751 0.592105 0.273983 0.593202 0.273216 0.593202 0.272448 0.594298 0.271681 0.594298 0.270913 0.595395 0.270146 0.595395 0.268611 0.596491 0.267843 0.596491 0.267076 0.597588 0.266309 0.597588 0.265541 0.598684 0.264774 0.598684 0.263239 0.599781 0.262471 0.599781 0.259401 0.600877 0.258634 0.600877 0.257099 0.601974 0.256332 0.601974 0.254797 0.60307 0.254029 0.60307 0.253262 0.605263 0.251727 0.605263 0.250959 0.60636 0.250192 0.60636 0.246355 0.607456 0.245587 0.607456 0.24482 0.608553 0.244052
0 0.509868 0.227936 0.509868 0.22947 0.510965 0.22947 0.510965 0.227936
0 0.634868 0.220261 0.633772 0.221028 0.632675 0.221028 0.631579 0.221796 0.628289 0.221796 0.627193 0.222563 0.626096 0.222563 0.625 0.223331 0.623904 0.223331 0.622807 0.224098 0.622807 0.224866 0.621711 0.225633 0.621711 0.226401 0.620614 0.227168 0.620614 0.227936 0.619518 0.228703 0.619518 0.230238 0.618421 0.231005 0.618421 0.231773 0.615132 0.234075 0.615132 0.236378 0.616228 0.236378 0.619518 0.234075 0.619518 0.233308 0.629386 0.226401 0.630482 0.226401 0.631579 0.225633 0.640351 0.225633 0.641447 0.226401 0.64364 0.226401 0.644737 0.225633 0.644737 0.224098 0.642544 0.222563 0.640351 0.222563 0.639254 0.221796 0.639254 0.221028 0.638158 0.220261
0 0.419956 0.200307 0.41886 0.201074 0.41886 0.201842 0.417763 0.202609 0.41886 0.203377 0.41886 0.207214 0.419956 0.207982 0.423246 0.207982 0.425439 0.206447 0.425439 0.204144 0.424342 0.203377 0.424342 0.202609 0.423246 0.201842 0.423246 0.201074 0.422149 0.200307
0 0.400219 0.188795 0.402412 0.19033 0.404605 0.19033 0.405702 0.189563 0.406798 0.189563 0.407895 0.188795 0.405702 0.188795 0.404605 0.189563 0.403509 0.188795
0 0.514254 0.18112 0.514254 0.18419 0.513158 0.184958 0.513158 0.188028 0.514254 0.188028 0.515351 0.18726 0.515351 0.185725 0.516447 0.184958 0.515351 0.18419 0.515351 0.18112
0 0.432018 0.171144 0.432018 0.172678 0.433114 0.173446 0.434211 0.172678 0.434211 0.171911 0.433114 0.171144
0 0.502193 0.157329 0.502193 0.160399 0.503289 0.161167 0.504386 0.160399 0.504386 0.159632 0.505482 0.158864 0.505482 0.157329
0 0.516447 0.151957 0.516447 0.153492 0.517544 0.153492 0.517544 0.151957
0 0.688596 0.124328 0.690789 0.125863 0.691886 0.125863 0.689693 0.124328
0 0.677632 0.122794 0.675439 0.124328 0.675439 0.126631 0.676535 0.127398 0.676535 0.126631 0.678728 0.125096 0.678728 0.123561
0 0.54386 0.107444 0.544956 0.108212 0.544956 0.109747 0.548246 0.112049 0.549342 0.112049 0.551535 0.113584 0.552632 0.113584 0.553728 0.114351 0.553728 0.116654 0.554825 0.117421 0.555921 0.117421 0.555921 0.115119 0.553728 0.113584 0.553728 0.112817 0.552632 0.112817 0.547149 0.108979 0.547149 0.108212 0.546053 0.107444
0 0.528509 0.103607 0.528509 0.104375 0.529605 0.105142 0.530702 0.104375 0.531798 0.104375 0.531798 0.103607
0 0.656798 0.0775134 0.655702 0.0782809 0.656798 0.0782809
