0 0.342105 0.844206 0.342105 0.844973 0.343202 0.844973 0.343202 0.844206
0 0.401316 0.819647 0.401316 0.820414 0.398026 0.822717 0.398026 0.823484 0.399123 0.823484 0.400219 0.822717 0.401316 0.823484 0.402412 0.823484 0.402412 0.821182 0.401316 0.820414
0 0.33443 0.798158 0.33443 0.799693 0.337719 0.801995 0.339912 0.801995 0.339912 0.80046 0.338816 0.799693 0.338816 0.798926 0.337719 0.798926 0.336623 0.798158
0 0.457237 0.795088 0.45614 0.795856 0.45614 0.798926 0.458333 0.797391 0.460526 0.798926 0.460526 0.798158 0.45943 0.797391 0.45943 0.796623
0 0.252193 0.783576 0.252193 0.786646 0.253289 0.785879 0.253289 0.784344
0 0.410088 0.754413 0.410088 0.755948 0.408991 0.756715 0.408991 0.759018 0.410088 0.759785 0.411184 0.759018 0.411184 0.75518
0 0.296053 0.739064 0.294956 0.739831 0.294956 0.741366 0.296053 0.741366
0 0.471491 0.735994 0.470395 0.736761 0.467105 0.736761 0.467105 0.739831 0.469298 0.741366 0.470395 0.741366 0.471491 0.742134 0.472588 0.742134 0.474781 0.740599 0.474781 0.738296 0.475877 0.737529 0.475877 0.736761 0.473684 0.736761 0.472588 0.735994
0 0.592105 0.729087 0.592105 0.732157 0.593202 0.731389 0.593202 0.729854
0 0.33114 0.727552 0.330044 0.728319 0.330044 0.729854 0.33114 0.729854
0 0.591009 0.723715 0.591009 0.725249 0.592105 0.725249 0.592105 0.724482
0 0.283991 0.721412 0.283991 0.72218 0.287281 0.724482 0.29057 0.724482 0.291667 0.723715 0.292763 0.723715 0.29386 0.724482 0.298246 0.724482 0.298246 0.723715 0.289474 0.723715 0.288377 0.724482
0 0.341009 0.686109 0.341009 0.687644 0.342105 0.688411 0.342105 0.686876
0 0.588816 0.679969 0.588816 0.680737 0.587719 0.681504 0.591009 0.681504 0.589912 0.680737 0.589912 0.679969
0 0.313596 0.672295 0.313596 0.67383 0.316886 0.67383 0.315789 0.673062 0.314693 0.673062
0 0.445175 0.669992 0.445175 0.67076 0.444079 0.671527 0.444079 0.674597 0.445175 0.675365 0.445175 0.676899 0.446272 0.677667 0.446272 0.683039 0.447368 0.683807 0.447368 0.684574 0.450658 0.686876 0.453947 0.686876 0.455044 0.686109 0.458333 0.686109 0.460526 0.684574 0.460526 0.683807 0.461623 0.683039 0.461623 0.680737 0.462719 0.679969 0.462719 0.677667 0.463816 0.676899 0.463816 0.67383 0.45943 0.67076 0.455044 0.67076 0.453947 0.669992
0 0.240132 0.669992 0.239035 0.67076 0.239035 0.671527 0.237939 0.672295 0.237939 0.674597 0.239035 0.67383 0.239035 0.673062 0.240132 0.672295 0.240132 0.671527 0.241228 0.67076 0.241228 0.669992
0 0.319079 0.66769 0.319079 0.669225 0.320175 0.669992 0.320175 0.671527 0.321272 0.672295 0.322368 0.671527 0.322368 0.669225 0.321272 0.668457 0.320175 0.668457
0 0.314693 0.663853 0.314693 0.665388 0.315789 0.66462
0 0.247807 0.660783 0.245614 0.662318 0.245614 0.66462 0.244518 0.665388 0.246711 0.665388 0.247807 0.66462 0.247807 0.663853 0.248904 0.663085 0.248904 0.66155
0 0.222588 0.656178 0.220395 0.657713 0.221491 0.65848 0.222588 0.657713
0 0.277412 0.654643 0.277412 0.655411 0.278509 0.656178 0.279605 0.656178 0.279605 0.654643
0 0.337719 0.646969 0.337719 0.647736 0.336623 0.648503 0.335526 0.648503 0.33443 0.649271 0.333333 0.649271 0.332237 0.650038 0.330044 0.650038 0.328947 0.650806 0.328947 0.651573 0.327851 0.652341 0.325658 0.652341 0.324561 0.653108 0.324561 0.653876 0.322368 0.655411 0.321272 0.654643 0.320175 0.654643 0.317982 0.656178 0.317982 0.656946 0.316886 0.657713 0.315789 0.657713 0.315789 0.65848 0.316886 0.659248 0.319079 0.659248 0.320175 0.660015 0.324561 0.660015 0.326754 0.65848 0.327851 0.65848 0.330044 0.656946 0.33114 0.656946 0.33114 0.656178 0.332237 0.655411 0.335526 0.655411 0.338816 0.653108 0.339912 0.653108 0.341009 0.652341 0.341009 0.651573 0.339912 0.650806 0.339912 0.648503 0.338816 0.647736 0.338816 0.646969
0 0.619518 0.640061 0.619518 0.643899 0.620614 0.643899 0.621711 0.643131 0.621711 0.640061
0 0.194079 0.623945 0.192982 0.624712 0.191886 0.624712 0.190789 0.62548 0.190789 0.626247 0.188596 0.627782 0.188596 0.62855 0.184211 0.631619 0.186404 0.633154 0.186404 0.634689 0.185307 0.635457 0.185307 0.637759 0.184211 0.638526 0.185307 0.638526 0.185307 0.636992 0.186404 0.636224 0.186404 0.633154 0.1875 0.632387 0.1875 0.631619 0.190789 0.629317 0.190789 0.62855 0.191886 0.627782 0.191886 0.627015 0.192982 0.626247 0.192982 0.62548 0.194079 0.624712
0 0.267544 0.618573 0.267544 0.620107 0.269737 0.621642 0.27193 0.621642 0.27193 0.61934 0.270833 0.61934 0.269737 0.618573
0 0.588816 0.615503 0.586623 0.617038 0.586623 0.617805 0.587719 0.618573 0.587719 0.620107 0.589912 0.621642 0.589912 0.62241 0.591009 0.623177 0.592105 0.623177 0.594298 0.621642 0.594298 0.617805 0.592105 0.61627 0.591009 0.61627 0.589912 0.615503
0 0.174342 0.608596 0.174342 0.61013 0.177632 0.61013 0.177632 0.608596
0 0.158991 0.605526 0.158991 0.606293 0.160088 0.606293
0 0.190789 0.595549 0.190789 0.597084 0.189693 0.597851 0.189693 0.598619 0.188596 0.599386 0.189693 0.599386 0.190789 0.598619 0.190789 0.597851 0.191886 0.597084 0.191886 0.596316
0 0.175439 0.581734 0.174342 0.582502 0.175439 0.583269 0.176535 0.583269 0.176535 0.581734
0 0.107456 0.579432 0.10636 0.5802 0.105263 0.5802 0.105263 0.580967 0.10636 0.581734 0.107456 0.580967 0.109649 0.580967 0.109649 0.579432
0 0.325658 0.577897 0.323465 0.579432 0.323465 0.582502 0.326754 0.582502 0.327851 0.581734 0.328947 0.581734 0.33114 0.5802 0.33114 0.579432 0.328947 0.577897
0 0.652412 0.57406 0.651316 0.574827 0.653509 0.576362 0.654605 0.575595 0.654605 0.574827 0.653509 0.57406
0 0.130482 0.57406 0.129386 0.574827 0.126096 0.574827 0.126096 0.575595 0.127193 0.576362 0.128289 0.576362 0.130482 0.577897 0.130482 0.578665 0.133772 0.580967 0.134868 0.580967 0.134868 0.5802 0.133772 0.579432 0.133772 0.578665 0.132675 0.577897 0.132675 0.576362 0.131579 0.575595 0.131579 0.57406
0 0.716009 0.560246 0.714912 0.561013 0.716009 0.561781 0.723684 0.561781 0.724781 0.562548 0.724781 0.563315 0.725877 0.563315 0.725877 0.562548 0.724781 0.561781 0.720395 0.561781 0.719298 0.561013 0.717105 0.561013
0 0.212719 0.551036 0.211623 0.551804 0.210526 0.551804 0.210526 0.552571 0.212719 0.554106 0.213816 0.554106 0.213816 0.553338 0.214912 0.552571 0.214912 0.551804 0.213816 0.551036
0 0.156798 0.550269 0.154605 0.551804 0.155702 0.552571 0.155702 0.553338 0.157895 0.553338 0.157895 0.550269
0 0.690789 0.547966 0.690789 0.548734 0.691886 0.549501 0.694079 0.549501 0.694079 0.548734 0.692982 0.548734 0.691886 0.547966
0 0.676535 0.541827 0.676535 0.543361 0.679825 0.545664 0.682018 0.545664 0.682018 0.544129 0.678728 0.541827
0 0.343202 0.531082 0.342105 0.53185 0.342105 0.532617 0.341009 0.533384 0.342105 0.534152 0.342105 0.534919 0.343202 0.535687 0.344298 0.535687 0.344298 0.534919 0.345395 0.534152 0.345395 0.53185 0.344298 0.531082
0 0.539474 0.528012 0.538377 0.52878 0.537281 0.52878 0.536184 0.529547 0.535088 0.529547 0.532895 0.531082 0.525219 0.531082 0.524123 0.53185 0.523026 0.53185 0.515351 0.537222 0.515351 0.538757 0.514254 0.539524 0.514254 0.542594 0.513158 0.543361 0.513158 0.547199 0.514254 0.547966 0.514254 0.549501 0.515351 0.550269 0.515351 0.554106 0.516447 0.554873 0.516447 0.555641 0.517544 0.556408 0.517544 0.559478 0.51864 0.560246 0.51864 0.561781 0.517544 0.562548 0.51864 0.563315 0.51864 0.564083 0.519737 0.564083 0.520833 0.56485 0.527412 0.56485 0.528509 0.565618 0.529605 0.565618 0.530702 0.566385 0.531798 0.566385 0.532895 0.567153 0.533991 0.567153 0.536184 0.568688 0.537281 0.568688 0.539474 0.570223 0.541667 0.570223 0.542763 0.57099 0.54386 0.57099 0.548246 0.57406 0.549342 0.57406 0.550439 0.574827 0.551535 0.574827 0.555921 0.577897 0.559211 0.577897 0.559211 0.576362 0.558114 0.575595 0.558114 0.57406 0.557018 0.573292 0.557018 0.572525 0.554825 0.57099 0.554825 0.570223 0.553728 0.570223 0.550439 0.56792 0.550439 0.566385 0.549342 0.566385 0.548246 0.565618 0.548246 0.56485 0.546053 0.563315 0.544956 0.563315 0.54386 0.562548 0.54386 0.561781 0.542763 0.561781 0.537281 0.557943 0.537281 0.557176 0.535088 0.555641 0.535088 0.553338 0.536184 0.552571 0.536184 0.551804 0.537281 0.551036 0.537281 0.550269 0.538377 0.549501 0.538377 0.546431 0.54057 0.544896 0.542763 0.544896 0.54386 0.544129 0.546053 0.544129 0.547149 0.543361 0.548246 0.543361 0.552632 0.540292 0.552632 0.531082 0.551535 0.531082 0.549342 0.529547 0.550439 0.52878 0.550439 0.528012
0 0.263158 0.528012 0.262061 0.52878 0.260965 0.52878 0.260965 0.529547 0.259868 0.530315 0.259868 0.532617 0.260965 0.533384 0.262061 0.533384 0.263158 0.534152 0.265351 0.532617 0.265351 0.530315 0.264254 0.529547 0.264254 0.52878
0 0.64693 0.526477 0.642544 0.529547 0.642544 0.531082 0.64364 0.53185 0.644737 0.53185 0.645833 0.532617 0.64693 0.532617 0.648026 0.53185 0.650219 0.53185 0.651316 0.531082 0.651316 0.527245 0.650219 0.526477 0.649123 0.526477 0.648026 0.527245
0 0.296053 0.524175 0.294956 0.524942 0.296053 0.52571 0.298246 0.52571 0.298246 0.524942 0.297149 0.524942
0 0.142544 0.517268 0.141447 0.518035 0.141447 0.518803 0.14364 0.520338 0.14364 0.518803 0.142544 0.518035
0 0.559211 0.511896 0.558114 0.512663 0.554825 0.512663 0.553728 0.513431 0.552632 0.513431 0.551535 0.514198 0.551535 0.514965 0.550439 0.515733 0.550439 0.5165 0.549342 0.517268 0.549342 0.518035 0.550439 0.518803 0.550439 0.521105 0.555921 0.524942 0.555921 0.526477 0.557018 0.526477 0.558114 0.527245 0.558114 0.528012 0.5625 0.528012 0.563596 0.52878 0.564693 0.52878 0.565789 0.528012 0.566886 0.528012 0.569079 0.526477 0.570175 0.526477 0.572368 0.524942 0.573465 0.524942 0.574561 0.524175 0.582237 0.524175 0.583333 0.523408 0.58443 0.523408 0.587719 0.521105 0.587719 0.518035 0.588816 0.517268 0.588816 0.5165 0.587719 0.515733 0.587719 0.514965 0.585526 0.513431 0.58443 0.513431 0.583333 0.514198 0.580044 0.514198 0.578947 0.514965 0.578947 0.52264 0.577851 0.523408 0.576754 0.523408 0.575658 0.52264 0.575658 0.521873 0.574561 0.521105 0.574561 0.520338 0.573465 0.51957 0.573465 0.518803 0.571272 0.517268 0.571272 0.5165 0.570175 0.515733 0.570175 0.514965 0.567982 0.513431 0.566886 0.513431 0.565789 0.512663 0.563596 0.512663 0.5625 0.511896
0 0.254386 0.508826 0.254386 0.510361 0.255482 0.511128 0.258772 0.511128 0.258772 0.509593 0.257675 0.508826
0 0.120614 0.507291 0.120614 0.508826 0.121711 0.508826 0.122807 0.508058 0.121711 0.507291
0 0.188596 0.504221 0.1875 0.504988 0.188596 0.505756
0 0.609649 0.502686 0.608553 0.503454 0.608553 0.504221 0.607456 0.504988 0.608553 0.505756 0.608553 0.508826 0.609649 0.509593 0.609649 0.510361 0.610746 0.511128 0.610746 0.511896 0.615132 0.514965 0.616228 0.514965 0.616228 0.511896 0.615132 0.511128 0.615132 0.505756 0.614035 0.504988 0.614035 0.503454 0.612939 0.503454 0.611842 0.502686
0 0.657895 0.501151 0.657895 0.501919 0.658991 0.502686 0.660088 0.502686 0.660088 0.501919 0.658991 0.501151
0 0.416667 0.499616 0.413377 0.501919 0.412281 0.501919 0.406798 0.505756 0.406798 0.506523 0.404605 0.508058 0.404605 0.508826 0.402412 0.510361 0.402412 0.511896 0.401316 0.512663 0.401316 0.514198 0.400219 0.514965 0.400219 0.515733 0.399123 0.5165 0.399123 0.517268 0.398026 0.518035 0.398026 0.518803 0.39693 0.51957 0.395833 0.51957 0.394737 0.520338 0.394737 0.521105 0.391447 0.523408 0.391447 0.526477 0.390351 0.527245 0.390351 0.528012 0.389254 0.52878 0.389254 0.530315 0.388158 0.531082 0.388158 0.533384 0.387061 0.534152 0.387061 0.535687 0.385965 0.536454 0.385965 0.538757 0.384868 0.539524 0.384868 0.541827 0.383772 0.542594 0.383772 0.543361 0.382675 0.544129 0.382675 0.544896 0.379386 0.547199 0.379386 0.547966 0.378289 0.548734 0.378289 0.549501 0.377193 0.550269 0.377193 0.551036 0.376096 0.551804 0.376096 0.552571 0.375 0.553338 0.375 0.555641 0.373904 0.556408 0.373904 0.557943 0.367325 0.562548 0.367325 0.563315 0.366228 0.564083 0.366228 0.56485 0.365132 0.565618 0.365132 0.566385 0.362939 0.56792 0.362939 0.568688 0.361842 0.569455 0.361842 0.570223 0.359649 0.571757 0.359649 0.573292 0.358553 0.57406 0.358553 0.574827 0.357456 0.575595 0.357456 0.57713 0.35636 0.577897 0.35636 0.579432 0.354167 0.580967 0.354167 0.581734 0.355263 0.582502 0.354167 0.583269 0.354167 0.585572 0.355263 0.586339 0.354167 0.587107 0.354167 0.588642 0.35307 0.589409 0.35307 0.590944 0.350877 0.592479 0.350877 0.593246 0.348684 0.594781 0.347588 0.594781 0.344298 0.592479 0.344298 0.590944 0.342105 0.589409 0.342105 0.588642 0.339912 0.587107 0.337719 0.587107 0.336623 0.587874 0.336623 0.591711 0.335526 0.592479 0.335526 0.599386 0.339912 0.602456 0.341009 0.602456 0.342105 0.601688 0.343202 0.601688 0.344298 0.600921 0.346491 0.600921 0.348684 0.599386 0.348684 0.598619 0.349781 0.597851 0.350877 0.598619 0.351974 0.598619 0.35307 0.599386 0.35307 0.600153 0.354167 0.600153 0.361842 0.605526 0.361842 0.606293 0.362939 0.607061 0.365132 0.607061 0.366228 0.607828 0.368421 0.607828 0.370614 0.606293 0.371711 0.607061 0.372807 0.607061 0.371711 0.606293 0.371711 0.605526 0.372807 0.604758 0.372807 0.603991 0.373904 0.603223 0.375 0.603223 0.375 0.601688 0.376096 0.600921 0.376096 0.599386 0.377193 0.598619 0.377193 0.597084 0.378289 0.596316 0.378289 0.595549 0.379386 0.594781 0.379386 0.591711 0.380482 0.590944 0.380482 0.589409 0.381579 0.588642 0.381579 0.587874 0.382675 0.587107 0.382675 0.585572 0.384868 0.584037 0.384868 0.583269 0.385965 0.582502 0.385965 0.581734 0.390351 0.578665 0.390351 0.577897 0.392544 0.576362 0.392544 0.575595 0.39364 0.574827 0.39364 0.573292 0.394737 0.572525 0.394737 0.571757 0.398026 0.569455 0.398026 0.568688 0.399123 0.56792 0.399123 0.567153 0.401316 0.565618 0.401316 0.56485 0.402412 0.564083 0.402412 0.562548 0.403509 0.561781 0.403509 0.559478 0.404605 0.558711 0.404605 0.557176 0.405702 0.556408 0.405702 0.552571 0.406798 0.551804 0.406798 0.551036 0.405702 0.550269 0.406798 0.549501 0.406798 0.537989 0.407895 0.537222 0.407895 0.534152 0.408991 0.533384 0.408991 0.52878 0.410088 0.528012 0.410088 0.52571 0.411184 0.524942 0.411184 0.524175 0.412281 0.523408 0.412281 0.521105 0.413377 0.520338 0.413377 0.51957 0.41557 0.518035 0.41557 0.515733 0.416667 0.514965 0.416667 0.513431 0.417763 0.512663 0.417763 0.511896 0.41886 0.511128 0.41886 0.508826 0.421053 0.507291 0.421053 0.502686 0.422149 0.501919 0.422149 0.501151 0.41886 0.501151 0.417763 0.500384 0.417763 0.499616
0 0.255482 0.497314 0.253289 0.498849 0.253289 0.500384 0.255482 0.501919 0.256579 0.501919 0.257675 0.502686 0.259868 0.502686 0.262061 0.501151 0.262061 0.499616 0.259868 0.498081 0.258772 0.498081 0.257675 0.497314
0 0.675439 0.490407 0.677632 0.491942 0.682018 0.491942 0.683114 0.492709 0.685307 0.492709 0.686404 0.493477 0.690789 0.493477 0.691886 0.494244 0.694079 0.494244 0.692982 0.493477 0.690789 0.493477 0.689693 0.492709 0.685307 0.492709 0.684211 0.491942 0.682018 0.491942 0.680921 0.491174 0.679825 0.491174 0.678728 0.490407
0 0.183114 0.478127 0.184211 0.478895 0.185307 0.478895 0.185307 0.478127
0 0.692982 0.452034 0.692982 0.452801 0.694079 0.453569 0.696272 0.453569 0.697368 0.452801 0.696272 0.452034
0 0.705044 0.451266 0.703947 0.452034 0.70614 0.452034
0 0.221491 0.451266 0.222588 0.452034 0.224781 0.452034 0.223684 0.452034 0.222588 0.451266
0 0.252193 0.440522 0.252193 0.442057 0.253289 0.442824 0.253289 0.444359 0.254386 0.445127 0.258772 0.445127 0.258772 0.442057 0.256579 0.440522
0 0.245614 0.432847 0.245614 0.43515 0.246711 0.434382 0.246711 0.433615
0 0.239035 0.426708 0.237939 0.427475 0.240132 0.42901 0.240132 0.427475
0 0.285088 0.425173 0.283991 0.42594 0.280702 0.42594 0.279605 0.426708 0.279605 0.430545 0.281798 0.43208 0.282895 0.43208 0.285088 0.433615 0.286184 0.433615 0.288377 0.43515 0.29057 0.43515 0.291667 0.435917 0.292763 0.435917 0.29386 0.43515 0.29386 0.434382 0.294956 0.433615 0.294956 0.432847 0.296053 0.43208 0.296053 0.428243 0.29386 0.426708 0.29386 0.42594 0.292763 0.42594 0.291667 0.425173
0 0.701754 0.422103 0.701754 0.423638 0.702851 0.424405 0.70614 0.424405 0.70614 0.423638 0.705044 0.42287 0.705044 0.422103
0 0.677632 0.415196 0.677632 0.416731 0.675439 0.418266 0.675439 0.421335 0.674342 0.422103 0.674342 0.42287 0.675439 0.423638 0.676535 0.423638 0.676535 0.419033 0.677632 0.418266
0 0.712719 0.399079 0.712719 0.400614 0.713816 0.401381 0.713816 0.402149 0.714912 0.402916 0.719298 0.402916 0.719298 0.402149 0.714912 0.399079
0 0.278509 0.392172 0.277412 0.392939 0.277412 0.393707 0.275219 0.395242 0.275219 0.396777 0.276316 0.397544 0.277412 0.397544 0.278509 0.398312 0.281798 0.398312 0.282895 0.397544 0.282895 0.396777 0.283991 0.396009 0.283991 0.395242 0.285088 0.394474 0.286184 0.394474 0.287281 0.393707 0.288377 0.393707 0.287281 0.392939 0.283991 0.392939 0.282895 0.392172
0 0.732456 0.356869 0.73136 0.357636 0.730263 0.357636 0.729167 0.358404 0.73136 0.359939 0.733553 0.359939 0.733553 0.357636
0 0.275219 0.351497 0.274123 0.352264 0.274123 0.353031 0.277412 0.355334 0.278509 0.355334 0.279605 0.354566 0.279605 0.353031 0.277412 0.351497
0 0.251096 0.343822 0.253289 0.345357 0.262061 0.345357 0.263158 0.344589 0.262061 0.343822 0.257675 0.343822 0.256579 0.344589 0.254386 0.344589 0.253289 0.343822
0 0.236842 0.34152 0.236842 0.342287 0.237939 0.342287 0.239035 0.343054 0.241228 0.343054 0.241228 0.342287 0.240132 0.342287 0.239035 0.34152
0 0.25 0.340752 0.25 0.34152 0.251096 0.34152 0.251096 0.340752
0 0.301535 0.330775 0.300439 0.331543 0.300439 0.333845 0.299342 0.334612 0.299342 0.336915 0.298246 0.337682 0.298246 0.339217 0.297149 0.339985 0.297149 0.342287 0.298246 0.343054 0.297149 0.343822 0.297149 0.347659 0.296053 0.348427 0.296053 0.349962 0.294956 0.350729 0.294956 0.352264 0.29386 0.353031 0.29386 0.353799 0.292763 0.354566 0.292763 0.356101 0.29386 0.356869 0.29386 0.357636 0.292763 0.358404 0.292763 0.359171 0.288377 0.362241 0.288377 0.363776 0.289474 0.364543 0.289474 0.365311 0.288377 0.366078 0.288377 0.366846 0.287281 0.367613 0.287281 0.369916 0.286184 0.370683 0.286184 0.372218 0.285088 0.372985 0.286184 0.373753 0.286184 0.382962 0.287281 0.38373 0.287281 0.385265 0.287281 0.384497 0.289474 0.382962 0.291667 0.382962 0.292763 0.382195 0.29386 0.382962 0.296053 0.382962 0.298246 0.381427 0.298246 0.379125 0.299342 0.378358 0.299342 0.375288 0.300439 0.37452 0.300439 0.370683 0.299342 0.369916 0.299342 0.369148 0.300439 0.368381 0.300439 0.364543 0.301535 0.363776 0.301535 0.358404 0.302632 0.357636 0.302632 0.355334 0.303728 0.354566 0.303728 0.353031 0.304825 0.352264 0.304825 0.348427 0.305921 0.347659 0.305921 0.340752 0.304825 0.339985 0.304825 0.334612 0.303728 0.333845 0.303728 0.331543 0.302632 0.330775
0 0.218202 0.328473 0.218202 0.32924 0.22807 0.336147 0.229167 0.336147 0.23136 0.337682 0.232456 0.337682 0.234649 0.339217 0.234649 0.33845 0.232456 0.336915 0.23136 0.336915 0.221491 0.330008 0.220395 0.330008
0 0.552632 0.321566 0.552632 0.323101 0.551535 0.323868 0.550439 0.323101 0.549342 0.323868 0.549342 0.324635 0.546053 0.326938 0.546053 0.327705 0.544956 0.328473 0.544956 0.331543 0.546053 0.33231 0.546053 0.333078 0.547149 0.333078 0.548246 0.333845 0.555921 0.333845 0.555921 0.32617 0.554825 0.325403 0.554825 0.323101
0 0.288377 0.317728 0.288377 0.318496 0.289474 0.319263 0.289474 0.320031 0.291667 0.320031 0.292763 0.320798 0.291667 0.321566 0.291667 0.322333 0.292763 0.323101 0.294956 0.323101 0.294956 0.320798 0.29386 0.320031 0.29386 0.319263 0.292763 0.318496 0.291667 0.318496 0.29057 0.317728
0 0.720395 0.315426 0.720395 0.318496 0.719298 0.319263 0.719298 0.326938 0.720395 0.327705 0.721491 0.326938 0.720395 0.32617 0.720395 0.320798 0.721491 0.320031 0.721491 0.315426
0 0.281798 0.308519 0.280702 0.309286 0.281798 0.309286
0 0.58114 0.304682 0.580044 0.305449 0.578947 0.305449 0.578947 0.306216 0.577851 0.306984 0.577851 0.308519 0.578947 0.309286 0.578947 0.310054 0.582237 0.312356 0.583333 0.312356 0.58443 0.311589 0.585526 0.311589 0.586623 0.310821 0.586623 0.308519 0.585526 0.307751 0.585526 0.306984 0.58443 0.306216 0.58443 0.305449 0.583333 0.305449 0.582237 0.304682
0 0.260965 0.299309 0.260965 0.302379 0.259868 0.303147 0.259868 0.303914 0.258772 0.304682 0.258772 0.305449 0.259868 0.304682 0.259868 0.303914 0.260965 0.303147 0.260965 0.300844 0.262061 0.300077
0 0.262061 0.297007 0.260965 0.297774 0.262061 0.297774
0 0.60307 0.293937 0.60307 0.297007 0.604167 0.297774 0.604167 0.300077 0.604167 0.294705
0 0.310307 0.2901 0.309211 0.290867 0.307018 0.290867 0.304825 0.292402 0.307018 0.293937 0.309211 0.293937 0.310307 0.29317 0.311404 0.293937 0.313596 0.293937 0.314693 0.29317 0.314693 0.290867 0.313596 0.290867 0.3125 0.2901
0 0.708333 0.287797 0.705044 0.2901 0.705044 0.290867 0.708333 0.290867 0.70943 0.2901 0.70943 0.288565
0 0.265351 0.28089 0.265351 0.281658 0.266447 0.282425 0.267544 0.282425 0.267544 0.281658 0.266447 0.28089
0 0.723684 0.280123 0.722588 0.28089 0.722588 0.281658 0.723684 0.281658 0.724781 0.28089 0.724781 0.280123
0 0.722588 0.272448 0.722588 0.273983 0.723684 0.273983 0.723684 0.272448
0 0.675439 0.264006 0.675439 0.265541 0.676535 0.265541 0.676535 0.264006
0 0.680921 0.255564 0.678728 0.257099 0.679825 0.257099 0.682018 0.255564
0 0.713816 0.253262 0.713816 0.254029 0.714912 0.253262
0 0.625 0.244052 0.623904 0.24482 0.622807 0.24482 0.619518 0.247122 0.619518 0.247889 0.618421 0.248657 0.618421 0.250959 0.619518 0.250192 0.619518 0.249424 0.620614 0.248657 0.620614 0.247889 0.623904 0.245587 0.625 0.245587 0.626096 0.24482
0 0.505482 0.233308 0.505482 0.234075 0.506579 0.233308
0 0.428728 0.172678 0.427632 0.173446 0.426535 0.173446 0.426535 0.174213 0.425439 0.174981 0.426535 0.175748 0.426535 0.18112 0.422149 0.18419 0.41886 0.18419 0.417763 0.184958 0.417763 0.185725 0.41886 0.184958 0.419956 0.184958 0.422149 0.186493 0.422149 0.188028 0.423246 0.188795 0.423246 0.189563 0.422149 0.19033 0.422149 0.192632 0.421053 0.1934 0.421053 0.194935 0.419956 0.195702 0.419956 0.19954 0.421053 0.200307 0.421053 0.201074 0.422149 0.201074 0.423246 0.200307 0.423246 0.19954 0.424342 0.198772 0.424342 0.198005 0.425439 0.197237 0.425439 0.19647 0.426535 0.195702 0.426535 0.1934 0.427632 0.192632 0.426535 0.191865 0.427632 0.191097 0.427632 0.19033 0.426535 0.189563 0.426535 0.184958 0.427632 0.18419 0.427632 0.181888 0.428728 0.18112 0.428728 0.179586 0.429825 0.178818 0.429825 0.174213 0.428728 0.173446
0 0.5 0.157329 0.5 0.158097 0.498904 0.158864 0.498904 0.160399 0.5 0.161167 0.501096 0.160399 0.501096 0.159632 0.502193 0.158864 0.502193 0.158097 0.503289 0.157329
0 0.52193 0.145817 0.520833 0.146585 0.520833 0.14812 0.52193 0.147352
0 0.686404 0.116654 0.686404 0.117421 0.685307 0.118189 0.686404 0.118189 0.688596 0.116654
0 0.549342 0.107444 0.549342 0.108212 0.550439 0.108212 0.550439 0.107444
0 0.660088 0.0959325 0.661184 0.0966999 0.661184 0.0959325
0 0.663377 0.0913277 0.662281 0.0920952 0.662281 0.0928626 0.663377 0.0928626 0.662281 0.0920952
0 0.644737 0.0859555 0.644737 0.0890253 0.645833 0.0882579 0.644737 0.0874904
