0 0.342105 0.843438 0.342105 0.844206 0.344298 0.844206 0.343202 0.844206
0 0.390351 0.828856 0.390351 0.831159 0.391447 0.830391 0.391447 0.828856
0 0.327851 0.824252 0.326754 0.825019 0.325658 0.825019 0.324561 0.825787 0.323465 0.825019 0.317982 0.825019 0.319079 0.825019 0.320175 0.825787 0.325658 0.825787 0.326754 0.825019 0.327851 0.825019 0.328947 0.824252
0 0.341009 0.804298 0.341009 0.8066 0.342105 0.807368 0.343202 0.807368 0.343202 0.805065 0.342105 0.804298
0 0.247807 0.790483 0.247807 0.791251 0.248904 0.790483
0 0.401316 0.771297 0.400219 0.772064 0.401316 0.772832 0.401316 0.773599 0.402412 0.774367 0.403509 0.774367 0.403509 0.771297
0 0.292763 0.744436 0.291667 0.745203 0.291667 0.746738 0.292763 0.746738 0.29386 0.745971 0.29386 0.744436
0 0.323465 0.743668 0.323465 0.744436 0.322368 0.745203 0.322368 0.746738 0.323465 0.746738 0.323465 0.745971 0.324561 0.745203 0.324561 0.743668
0 0.476974 0.739064 0.476974 0.740599 0.475877 0.741366 0.475877 0.742134 0.476974 0.742901 0.48136 0.742901 0.482456 0.742134 0.482456 0.740599 0.480263 0.739064
0 0.384868 0.736761 0.383772 0.737529 0.382675 0.737529 0.381579 0.738296 0.381579 0.739064 0.382675 0.739064 0.384868 0.737529
0 0.453947 0.735226 0.452851 0.735994 0.452851 0.736761 0.451754 0.737529 0.451754 0.739831 0.450658 0.740599 0.450658 0.742901 0.451754 0.743668 0.451754 0.744436 0.452851 0.744436 0.455044 0.742901 0.455044 0.735226
0 0.439693 0.727552 0.439693 0.730622 0.440789 0.731389 0.4375 0.733691 0.436404 0.732924 0.436404 0.732157 0.435307 0.732924 0.434211 0.732924 0.433114 0.733691 0.432018 0.733691 0.430921 0.734459 0.430921 0.735226 0.429825 0.735994 0.429825 0.736761 0.428728 0.737529 0.421053 0.737529 0.421053 0.738296 0.419956 0.739064 0.41886 0.738296 0.414474 0.741366 0.414474 0.742901 0.413377 0.743668 0.414474 0.744436 0.414474 0.747506 0.41557 0.748273 0.41557 0.749041 0.417763 0.747506 0.417763 0.744436 0.416667 0.743668 0.419956 0.741366 0.421053 0.741366 0.422149 0.740599 0.424342 0.740599 0.425439 0.739831 0.428728 0.739831 0.429825 0.739064 0.433114 0.739064 0.434211 0.738296 0.435307 0.738296 0.4375 0.736761 0.4375 0.735226 0.439693 0.733691 0.439693 0.732924 0.440789 0.732157 0.440789 0.729087 0.439693 0.728319
0 0.462719 0.721412 0.461623 0.72218 0.461623 0.723715 0.463816 0.725249 0.464912 0.725249 0.466009 0.724482 0.464912 0.723715 0.464912 0.72218 0.463816 0.721412
0 0.467105 0.694551 0.466009 0.695318 0.466009 0.696853 0.462719 0.699156 0.462719 0.699923 0.458333 0.702993 0.45614 0.702993 0.455044 0.703761 0.452851 0.703761 0.451754 0.704528 0.450658 0.704528 0.448465 0.706063 0.448465 0.70683 0.447368 0.707598 0.447368 0.709133 0.446272 0.7099 0.446272 0.710668 0.447368 0.711435 0.446272 0.712203 0.445175 0.712203 0.446272 0.71297 0.445175 0.713738 0.444079 0.713738 0.442982 0.71297 0.442982 0.715272 0.441886 0.71604 0.441886 0.71911 0.442982 0.719877 0.447368 0.716807 0.448465 0.716807 0.449561 0.71604 0.449561 0.715272 0.450658 0.714505 0.452851 0.714505 0.457237 0.717575 0.458333 0.717575 0.458333 0.715272 0.457237 0.714505 0.457237 0.712203 0.45614 0.711435 0.45614 0.710668 0.457237 0.7099 0.457237 0.709133 0.458333 0.708365 0.458333 0.707598 0.45943 0.70683 0.45943 0.706063 0.461623 0.704528 0.462719 0.704528 0.466009 0.702226 0.466009 0.701458 0.469298 0.699156 0.469298 0.698388 0.468202 0.697621 0.468202 0.696086 0.469298 0.695318 0.468202 0.694551
0 0.338816 0.693016 0.338816 0.693784 0.339912 0.693784 0.339912 0.693016
0 0.588816 0.678434 0.588816 0.679969 0.591009 0.679969 0.591009 0.678434
0 0.304825 0.671527 0.305921 0.672295 0.305921 0.671527
0 0.452851 0.669225 0.451754 0.669992 0.449561 0.669992 0.448465 0.67076 0.448465 0.673062 0.447368 0.67383 0.447368 0.674597 0.448465 0.675365 0.448465 0.676899 0.449561 0.677667 0.449561 0.679969 0.450658 0.680737 0.450658 0.682272 0.451754 0.683039 0.451754 0.684574 0.452851 0.684574 0.455044 0.686109 0.45614 0.685342 0.457237 0.686109 0.463816 0.686109 0.463816 0.685342 0.464912 0.684574 0.466009 0.685342 0.466009 0.686109 0.466009 0.685342 0.467105 0.684574 0.466009 0.685342 0.464912 0.684574 0.464912 0.683807 0.467105 0.682272 0.467105 0.674597 0.464912 0.673062 0.464912 0.672295 0.462719 0.67076 0.461623 0.67076 0.460526 0.669992 0.458333 0.669992 0.457237 0.669225 0.45614 0.669992 0.455044 0.669225 0.453947 0.669992
0 0.339912 0.647736 0.338816 0.648503 0.338816 0.649271 0.337719 0.650038 0.337719 0.651573 0.336623 0.652341 0.336623 0.654643 0.337719 0.655411 0.341009 0.655411 0.342105 0.656178 0.343202 0.656178 0.344298 0.656946 0.346491 0.656946 0.346491 0.653876 0.345395 0.653108 0.345395 0.650806 0.344298 0.650038 0.344298 0.648503 0.343202 0.647736
0 0.229167 0.647736 0.22807 0.648503 0.22807 0.650038 0.229167 0.650038 0.230263 0.649271 0.230263 0.647736
0 0.655702 0.637759 0.656798 0.637759 0.661184 0.640829 0.661184 0.641596 0.663377 0.643131 0.662281 0.642364 0.662281 0.640829 0.661184 0.640061 0.661184 0.639294 0.660088 0.638526 0.657895 0.638526 0.656798 0.637759
0 0.635965 0.629317 0.635965 0.630084 0.638158 0.631619 0.641447 0.631619 0.641447 0.629317
0 0.612939 0.623945 0.612939 0.62548 0.615132 0.627015 0.616228 0.627015 0.619518 0.629317 0.619518 0.630084 0.620614 0.630852 0.620614 0.631619 0.619518 0.632387 0.620614 0.633154 0.620614 0.630852 0.621711 0.630084 0.621711 0.62855 0.622807 0.627782 0.627193 0.627782 0.628289 0.62855 0.625 0.626247 0.622807 0.626247 0.621711 0.62548 0.620614 0.62548 0.619518 0.624712 0.617325 0.624712 0.616228 0.623945 0.615132 0.624712 0.614035 0.624712
0 0.604167 0.62241 0.60307 0.623177 0.60307 0.623945 0.604167 0.624712 0.604167 0.62548 0.607456 0.62548 0.609649 0.623945 0.609649 0.623177 0.608553 0.623177 0.607456 0.62241
0 0.638158 0.61934 0.637061 0.620107 0.638158 0.620875 0.638158 0.62241 0.639254 0.623177 0.639254 0.620875 0.638158 0.620107
0 0.591009 0.617038 0.589912 0.617805 0.589912 0.620875 0.591009 0.621642 0.591009 0.62241 0.593202 0.62241 0.593202 0.621642 0.594298 0.620875 0.594298 0.618573 0.593202 0.617805 0.593202 0.617038
0 0.266447 0.615503 0.266447 0.617038 0.26864 0.618573 0.269737 0.618573 0.269737 0.61627 0.26864 0.615503
0 0.110746 0.615503 0.110746 0.61627 0.112939 0.617805 0.112939 0.61627 0.111842 0.615503
0 0.201754 0.6132 0.199561 0.614735 0.199561 0.617805 0.200658 0.617805 0.200658 0.617038 0.201754 0.61627
0 0.162281 0.607828 0.163377 0.608596 0.163377 0.607828
0 0.178728 0.607061 0.178728 0.609363 0.182018 0.609363 0.182018 0.607828 0.180921 0.607061
0 0.66557 0.596316 0.66557 0.597084 0.666667 0.597851 0.666667 0.597084
0 0.725877 0.594781 0.726974 0.595549 0.72807 0.595549 0.726974 0.594781
0 0.225877 0.591711 0.225877 0.592479 0.226974 0.593246 0.226974 0.591711
0 0.717105 0.587874 0.717105 0.589409 0.718202 0.589409 0.719298 0.590177 0.718202 0.589409 0.718202 0.588642
0 0.172149 0.584804 0.172149 0.586339 0.174342 0.586339 0.174342 0.585572 0.173246 0.584804
0 0.126096 0.584804 0.125 0.585572 0.125 0.586339 0.126096 0.585572
0 0.145833 0.581734 0.145833 0.582502 0.144737 0.583269 0.14364 0.582502 0.141447 0.582502 0.140351 0.583269 0.140351 0.584037 0.141447 0.584804 0.145833 0.584804 0.149123 0.582502 0.148026 0.581734
0 0.335526 0.576362 0.33443 0.57713 0.333333 0.57713 0.33114 0.578665 0.327851 0.578665 0.325658 0.5802 0.325658 0.580967 0.324561 0.581734 0.324561 0.583269 0.323465 0.584037 0.323465 0.584804 0.322368 0.585572 0.322368 0.589409 0.323465 0.589409 0.325658 0.587874 0.325658 0.587107 0.332237 0.582502 0.332237 0.581734 0.33443 0.5802 0.33443 0.579432 0.335526 0.578665
0 0.551535 0.569455 0.550439 0.570223 0.550439 0.57406 0.551535 0.574827 0.551535 0.575595 0.554825 0.577897 0.558114 0.577897 0.559211 0.57713 0.558114 0.576362 0.558114 0.574827 0.557018 0.57406 0.557018 0.572525 0.552632 0.569455
0 0.726974 0.563315 0.72807 0.564083 0.730263 0.564083 0.729167 0.563315
0 0.640351 0.563315 0.639254 0.564083 0.639254 0.56485 0.641447 0.56485 0.642544 0.565618 0.64364 0.565618 0.64364 0.564083 0.642544 0.563315
0 0.153509 0.555641 0.150219 0.557943 0.149123 0.557943 0.14693 0.559478 0.145833 0.559478 0.14364 0.561013 0.142544 0.561013 0.142544 0.562548 0.141447 0.563315 0.141447 0.564083 0.142544 0.56485 0.142544 0.565618 0.14364 0.566385 0.14364 0.56485 0.142544 0.564083 0.142544 0.563315 0.144737 0.561781 0.145833 0.562548 0.145833 0.563315 0.14693 0.563315 0.150219 0.561013 0.151316 0.561013 0.153509 0.559478 0.153509 0.558711 0.154605 0.557943 0.154605 0.555641
0 0.694079 0.550269 0.694079 0.551804 0.695175 0.552571 0.695175 0.553338 0.697368 0.554873 0.697368 0.555641 0.703947 0.560246 0.705044 0.560246 0.70614 0.561013 0.707237 0.561013 0.708333 0.561781 0.708333 0.561013 0.701754 0.556408 0.701754 0.555641 0.700658 0.554873 0.699561 0.555641 0.697368 0.554106 0.698465 0.553338 0.699561 0.553338 0.695175 0.550269
0 0.120614 0.544129 0.121711 0.544896 0.122807 0.544896 0.121711 0.544129
0 0.223684 0.540292 0.223684 0.541059 0.224781 0.541059 0.224781 0.540292
0 0.230263 0.538757 0.230263 0.539524 0.229167 0.540292 0.229167 0.541827 0.22807 0.542594 0.22807 0.544896 0.229167 0.544896 0.230263 0.544129 0.23136 0.544129 0.23136 0.543361 0.232456 0.542594 0.232456 0.541059 0.233553 0.540292 0.233553 0.538757
0 0.197368 0.533384 0.198465 0.534152 0.198465 0.533384
0 0.737939 0.52878 0.739035 0.529547 0.740132 0.529547 0.741228 0.530315 0.741228 0.529547 0.740132 0.529547 0.739035 0.52878
0 0.264254 0.528012 0.263158 0.52878 0.263158 0.530315 0.265351 0.53185 0.266447 0.53185 0.267544 0.531082 0.26864 0.531082 0.26864 0.52878 0.267544 0.528012
0 0.338816 0.52571 0.337719 0.526477 0.338816 0.527245 0.338816 0.528012 0.341009 0.528012 0.342105 0.527245 0.342105 0.526477 0.341009 0.52571
0 0.298246 0.524175 0.298246 0.52571 0.300439 0.52571 0.300439 0.524942 0.299342 0.524175
0 0.557018 0.520338 0.553728 0.52264 0.552632 0.52264 0.551535 0.523408 0.551535 0.524175 0.549342 0.52571 0.548246 0.52571 0.547149 0.526477 0.542763 0.526477 0.54057 0.528012 0.539474 0.528012 0.537281 0.529547 0.536184 0.529547 0.536184 0.530315 0.535088 0.531082 0.535088 0.532617 0.531798 0.534919 0.528509 0.534919 0.527412 0.535687 0.52193 0.535687 0.52193 0.536454 0.520833 0.537222 0.520833 0.537989 0.519737 0.538757 0.519737 0.539524 0.517544 0.541059 0.516447 0.541059 0.516447 0.541827 0.514254 0.543361 0.513158 0.543361 0.510965 0.544896 0.510965 0.546431 0.509868 0.547199 0.509868 0.548734 0.508772 0.549501 0.508772 0.554106 0.509868 0.554873 0.509868 0.555641 0.508772 0.556408 0.508772 0.557943 0.509868 0.558711 0.509868 0.565618 0.510965 0.566385 0.510965 0.568688 0.512061 0.569455 0.513158 0.569455 0.514254 0.570223 0.514254 0.57099 0.513158 0.571757 0.514254 0.572525 0.514254 0.573292 0.515351 0.573292 0.516447 0.57406 0.516447 0.574827 0.517544 0.574827 0.519737 0.576362 0.520833 0.576362 0.52193 0.57713 0.524123 0.57713 0.525219 0.576362 0.525219 0.57406 0.524123 0.573292 0.524123 0.571757 0.527412 0.569455 0.527412 0.568688 0.530702 0.566385 0.531798 0.566385 0.532895 0.565618 0.535088 0.565618 0.537281 0.564083 0.538377 0.564083 0.538377 0.561781 0.537281 0.561013 0.537281 0.560246 0.536184 0.559478 0.536184 0.557176 0.535088 0.556408 0.535088 0.552571 0.533991 0.551804 0.533991 0.547199 0.531798 0.545664 0.531798 0.543361 0.530702 0.542594 0.530702 0.541827 0.529605 0.541059 0.531798 0.539524 0.532895 0.539524 0.535088 0.541059 0.535088 0.541827 0.536184 0.541827 0.537281 0.541059 0.538377 0.541827 0.54057 0.541827 0.541667 0.541059 0.549342 0.541059 0.550439 0.540292 0.555921 0.540292 0.558114 0.538757 0.559211 0.538757 0.569079 0.53185 0.570175 0.53185 0.571272 0.531082 0.570175 0.530315 0.572368 0.52878 0.573465 0.52878 0.573465 0.528012 0.574561 0.527245 0.574561 0.526477 0.573465 0.526477 0.571272 0.524942 0.571272 0.524175 0.570175 0.523408 0.567982 0.523408 0.566886 0.52264 0.565789 0.52264 0.5625 0.520338
0 0.619518 0.51957 0.619518 0.521105 0.621711 0.52264 0.621711 0.523408 0.622807 0.524175 0.622807 0.524942 0.625 0.526477 0.626096 0.526477 0.628289 0.528012 0.629386 0.528012 0.630482 0.52878 0.631579 0.52878 0.633772 0.530315 0.634868 0.530315 0.638158 0.532617 0.640351 0.532617 0.641447 0.53185 0.641447 0.530315 0.640351 0.529547 0.640351 0.52878 0.634868 0.524942 0.634868 0.524175 0.633772 0.523408 0.631579 0.523408 0.630482 0.52264 0.628289 0.52264 0.627193 0.521873 0.626096 0.52264 0.625 0.521873 0.623904 0.521873 0.622807 0.521105 0.621711 0.521105
0 0.155702 0.5165 0.153509 0.518035 0.153509 0.51957 0.155702 0.51957
0 0.413377 0.513431 0.412281 0.514198 0.411184 0.514198 0.406798 0.517268 0.405702 0.517268 0.404605 0.5165 0.404605 0.517268 0.402412 0.518803 0.401316 0.518803 0.399123 0.520338 0.399123 0.521105 0.398026 0.521873 0.398026 0.524175 0.39693 0.524942 0.39693 0.526477 0.394737 0.528012 0.394737 0.52878 0.39364 0.529547 0.39364 0.530315 0.391447 0.53185 0.391447 0.532617 0.390351 0.533384 0.390351 0.534919 0.389254 0.535687 0.388158 0.535687 0.388158 0.536454 0.387061 0.537222 0.387061 0.538757 0.385965 0.539524 0.385965 0.540292 0.383772 0.541827 0.383772 0.542594 0.380482 0.544896 0.380482 0.545664 0.378289 0.547199 0.378289 0.547966 0.376096 0.549501 0.376096 0.550269 0.375 0.551036 0.373904 0.551036 0.371711 0.552571 0.371711 0.554873 0.370614 0.555641 0.370614 0.556408 0.369518 0.557176 0.369518 0.557943 0.368421 0.558711 0.368421 0.563315 0.367325 0.564083 0.367325 0.566385 0.366228 0.567153 0.366228 0.568688 0.365132 0.569455 0.365132 0.57099 0.364035 0.571757 0.364035 0.572525 0.362939 0.573292 0.362939 0.57406 0.361842 0.574827 0.361842 0.575595 0.359649 0.57713 0.359649 0.578665 0.357456 0.5802 0.357456 0.580967 0.35636 0.581734 0.35636 0.582502 0.35307 0.584804 0.35307 0.586339 0.350877 0.587874 0.350877 0.588642 0.348684 0.590177 0.347588 0.590177 0.346491 0.590944 0.342105 0.590944 0.337719 0.594014 0.333333 0.594014 0.33114 0.592479 0.33114 0.590177 0.328947 0.591711 0.327851 0.591711 0.325658 0.593246 0.325658 0.595549 0.327851 0.597084 0.328947 0.597084 0.330044 0.597851 0.33114 0.597851 0.332237 0.598619 0.333333 0.598619 0.337719 0.601688 0.337719 0.603991 0.338816 0.604758 0.338816 0.609363 0.342105 0.611665 0.342105 0.612433 0.343202 0.6132 0.344298 0.6132 0.346491 0.614735 0.347588 0.614735 0.348684 0.615503 0.349781 0.615503 0.350877 0.61627 0.354167 0.61627 0.355263 0.617038 0.35636 0.617038 0.357456 0.61627 0.359649 0.61627 0.360746 0.617038 0.364035 0.617038 0.365132 0.61627 0.367325 0.61627 0.368421 0.615503 0.370614 0.615503 0.370614 0.614735 0.372807 0.6132 0.372807 0.612433 0.373904 0.611665 0.373904 0.610898 0.375 0.61013 0.376096 0.61013 0.376096 0.608596 0.377193 0.607828 0.377193 0.604758 0.378289 0.603991 0.378289 0.601688 0.379386 0.600921 0.379386 0.597851 0.380482 0.597084 0.380482 0.595549 0.381579 0.594781 0.381579 0.594014 0.382675 0.593246 0.382675 0.589409 0.383772 0.588642 0.383772 0.587874 0.384868 0.587107 0.384868 0.586339 0.385965 0.585572 0.385965 0.584804 0.387061 0.584037 0.387061 0.583269 0.389254 0.581734 0.389254 0.5802 0.390351 0.579432 0.390351 0.578665 0.391447 0.577897 0.391447 0.57713 0.392544 0.576362 0.392544 0.575595 0.394737 0.57406 0.394737 0.573292 0.398026 0.57099 0.398026 0.569455 0.399123 0.568688 0.399123 0.566385 0.402412 0.564083 0.402412 0.562548 0.403509 0.561781 0.403509 0.561013 0.404605 0.560246 0.404605 0.558711 0.405702 0.557943 0.405702 0.554873 0.406798 0.554106 0.406798 0.553338 0.407895 0.552571 0.407895 0.548734 0.408991 0.547966 0.408991 0.543361 0.410088 0.542594 0.410088 0.539524 0.408991 0.538757 0.408991 0.537222 0.410088 0.536454 0.410088 0.534919 0.411184 0.534152 0.411184 0.527245 0.412281 0.526477 0.412281 0.52571 0.413377 0.524942 0.413377 0.520338 0.414474 0.51957 0.414474 0.517268 0.41557 0.5165 0.414474 0.515733 0.414474 0.514965 0.413377 0.514198
0 0.664474 0.508826 0.664474 0.509593 0.666667 0.511128 0.667763 0.511128 0.671053 0.513431 0.672149 0.513431 0.674342 0.511896 0.674342 0.511128 0.671053 0.511128 0.66886 0.509593 0.667763 0.509593 0.666667 0.508826
0 0.258772 0.508826 0.257675 0.509593 0.257675 0.510361 0.259868 0.511896 0.262061 0.511896 0.263158 0.511128 0.263158 0.510361 0.260965 0.508826
0 0.701754 0.505756 0.701754 0.507291 0.703947 0.508826 0.70614 0.507291 0.705044 0.506523 0.705044 0.505756
0 0.112939 0.504221 0.112939 0.504988 0.114035 0.504988 0.114035 0.504221
0 0.197368 0.501919 0.196272 0.502686 0.197368 0.503454 0.198465 0.502686
0 0.128289 0.501151 0.133772 0.504988 0.134868 0.504988 0.137061 0.506523 0.138158 0.506523 0.138158 0.505756 0.132675 0.501919 0.131579 0.501919 0.130482 0.501151
0 0.262061 0.500384 0.260965 0.501151 0.259868 0.501151 0.258772 0.501919 0.258772 0.502686 0.260965 0.504221 0.262061 0.504221 0.263158 0.504988 0.264254 0.504988 0.265351 0.505756 0.266447 0.505756 0.26864 0.504221 0.26864 0.502686 0.266447 0.501151 0.265351 0.501151 0.264254 0.500384
0 0.615132 0.497314 0.614035 0.498081 0.608553 0.498081 0.608553 0.498849 0.60636 0.500384 0.60636 0.501151 0.605263 0.501919 0.601974 0.501919 0.600877 0.502686 0.600877 0.503454 0.599781 0.504221 0.598684 0.504221 0.592105 0.508826 0.591009 0.508826 0.589912 0.509593 0.588816 0.509593 0.588816 0.511128 0.585526 0.513431 0.585526 0.514198 0.586623 0.514965 0.586623 0.515733 0.587719 0.5165 0.588816 0.5165 0.589912 0.515733 0.592105 0.515733 0.593202 0.514965 0.594298 0.515733 0.595395 0.514965 0.596491 0.514965 0.597588 0.515733 0.598684 0.515733 0.598684 0.514965 0.599781 0.514198 0.599781 0.513431 0.600877 0.512663 0.601974 0.512663 0.60307 0.511896 0.604167 0.511896 0.605263 0.511128 0.60636 0.511128 0.608553 0.509593 0.608553 0.508826 0.612939 0.505756 0.615132 0.505756 0.615132 0.503454 0.616228 0.502686 0.616228 0.501151 0.619518 0.498849 0.618421 0.498081 0.617325 0.498081 0.616228 0.497314
0 0.673246 0.492709 0.673246 0.494244 0.674342 0.495012 0.674342 0.496546 0.675439 0.497314 0.675439 0.498081 0.677632 0.499616 0.678728 0.499616 0.679825 0.500384 0.680921 0.500384 0.682018 0.501151 0.682018 0.506523 0.684211 0.508058 0.6875 0.508058 0.6875 0.506523 0.688596 0.505756 0.688596 0.503454 0.6875 0.502686 0.686404 0.502686 0.676535 0.495779 0.676535 0.495012 0.675439 0.494244 0.675439 0.493477 0.674342 0.492709
0 0.64693 0.481965 0.645833 0.482732 0.64364 0.482732 0.641447 0.484267 0.641447 0.485035 0.638158 0.487337 0.638158 0.488872 0.635965 0.490407 0.635965 0.491174 0.633772 0.492709 0.634868 0.493477 0.634868 0.494244 0.637061 0.495779 0.639254 0.494244 0.641447 0.494244 0.642544 0.493477 0.64364 0.493477 0.644737 0.492709 0.645833 0.492709 0.645833 0.491942 0.648026 0.490407 0.648026 0.488872 0.649123 0.488104 0.649123 0.486569 0.648026 0.485802 0.648026 0.482732
0 0.190789 0.479662 0.192982 0.481197 0.194079 0.481197 0.194079 0.479662
0 0.739035 0.475825 0.739035 0.476592 0.740132 0.476592 0.741228 0.47736 0.743421 0.47736 0.744518 0.476592 0.743421 0.476592 0.742325 0.475825
0 0.150219 0.470453 0.150219 0.47122 0.151316 0.47122 0.151316 0.470453
0 0.686404 0.452801 0.686404 0.453569 0.688596 0.455104 0.689693 0.454336 0.689693 0.453569 0.688596 0.453569 0.6875 0.452801
0 0.115132 0.452801 0.116228 0.452801 0.118421 0.454336 0.119518 0.453569 0.118421 0.453569 0.117325 0.452801
0 0.251096 0.438987 0.251096 0.439754 0.254386 0.442057 0.254386 0.442824 0.255482 0.443592 0.255482 0.444359 0.257675 0.445894 0.259868 0.445894 0.260965 0.445127 0.260965 0.442824 0.259868 0.442057 0.255482 0.442057
0 0.672149 0.428243 0.669956 0.429777 0.669956 0.430545 0.671053 0.431312 0.672149 0.431312 0.673246 0.430545 0.673246 0.42901
0 0.294956 0.424405 0.29386 0.425173 0.29057 0.425173 0.286184 0.428243 0.286184 0.42901 0.285088 0.429777 0.285088 0.431312 0.287281 0.432847 0.288377 0.432847 0.289474 0.433615 0.291667 0.433615 0.29386 0.43515 0.294956 0.43515 0.296053 0.434382 0.297149 0.434382 0.298246 0.433615 0.299342 0.433615 0.299342 0.425173 0.298246 0.425173 0.297149 0.424405
0 0.776316 0.417498 0.775219 0.418266 0.774123 0.418266 0.774123 0.4198 0.777412 0.417498
0 0.702851 0.409056 0.698465 0.412126 0.697368 0.412126 0.692982 0.415196 0.691886 0.415196 0.690789 0.415963 0.688596 0.415963 0.688596 0.416731 0.686404 0.418266 0.686404 0.419033 0.685307 0.4198 0.686404 0.420568 0.686404 0.421335 0.690789 0.421335 0.692982 0.4198 0.694079 0.4198 0.695175 0.420568 0.698465 0.420568 0.699561 0.4198 0.699561 0.416731 0.700658 0.415963 0.700658 0.415196 0.70614 0.411358 0.70614 0.409056
0 0.711623 0.405219 0.710526 0.405986 0.710526 0.407521 0.711623 0.408289 0.713816 0.408289 0.716009 0.406754 0.716009 0.405986 0.714912 0.405219
0 0.191886 0.38987 0.192982 0.390637 0.192982 0.391404 0.194079 0.391404 0.192982 0.390637 0.192982 0.38987
0 0.294956 0.379893 0.29386 0.38066 0.29386 0.381427 0.291667 0.382962 0.291667 0.38373 0.286184 0.387567 0.285088 0.387567 0.283991 0.388335 0.281798 0.388335 0.280702 0.389102 0.280702 0.390637 0.281798 0.391404 0.281798 0.392172 0.280702 0.392939 0.281798 0.393707 0.281798 0.394474 0.285088 0.396777 0.286184 0.396777 0.288377 0.398312 0.29057 0.398312 0.291667 0.399079 0.29386 0.397544 0.29386 0.396777 0.294956 0.396009 0.296053 0.396009 0.297149 0.395242 0.297149 0.394474 0.298246 0.393707 0.298246 0.392939 0.299342 0.392172 0.299342 0.390637 0.298246 0.38987 0.298246 0.385265 0.299342 0.384497 0.298246 0.38373 0.298246 0.382962 0.297149 0.382195 0.297149 0.381427 0.296053 0.38066 0.296053 0.379893
0 0.720395 0.360706 0.719298 0.361474 0.716009 0.361474 0.710526 0.365311 0.710526 0.370683 0.711623 0.37145 0.711623 0.373753 0.712719 0.373753 0.713816 0.372985 0.713816 0.369916 0.714912 0.369148 0.714912 0.368381 0.716009 0.367613 0.716009 0.366846 0.718202 0.365311 0.719298 0.365311 0.721491 0.363776 0.722588 0.363776 0.722588 0.361474 0.721491 0.360706
0 0.270833 0.352264 0.270833 0.353799 0.273026 0.355334 0.274123 0.355334 0.275219 0.354566 0.275219 0.353031 0.274123 0.352264
0 0.719298 0.330775 0.719298 0.333078 0.721491 0.333078 0.721491 0.331543 0.720395 0.330775
0 0.553728 0.324635 0.553728 0.325403 0.552632 0.32617 0.552632 0.326938 0.551535 0.327705 0.551535 0.32924 0.547149 0.33231 0.547149 0.33538 0.548246 0.336147 0.548246 0.336915 0.54386 0.339985 0.54057 0.339985 0.54057 0.34152 0.536184 0.344589 0.536184 0.346124 0.535088 0.346892 0.535088 0.347659 0.533991 0.348427 0.533991 0.349194 0.536184 0.350729 0.536184 0.353799 0.54057 0.356869 0.54057 0.357636 0.541667 0.358404 0.541667 0.359171 0.542763 0.359939 0.542763 0.361474 0.54386 0.362241 0.54386 0.37145 0.542763 0.372218 0.544956 0.372218 0.544956 0.359171 0.546053 0.358404 0.546053 0.357636 0.54386 0.356101 0.54386 0.355334 0.544956 0.354566 0.544956 0.353799 0.546053 0.353031 0.546053 0.351497 0.550439 0.348427 0.550439 0.343054 0.551535 0.342287 0.554825 0.342287 0.554825 0.340752 0.557018 0.339217 0.557018 0.337682 0.558114 0.336915 0.558114 0.32617 0.555921 0.324635
0 0.303728 0.305449 0.302632 0.306216 0.301535 0.306216 0.300439 0.306984 0.300439 0.308519 0.301535 0.309286 0.300439 0.310054 0.300439 0.314658 0.299342 0.315426 0.299342 0.317728 0.298246 0.318496 0.298246 0.320798 0.297149 0.321566 0.297149 0.339985 0.298246 0.340752 0.298246 0.34152 0.299342 0.342287 0.300439 0.342287 0.301535 0.343054 0.303728 0.343054 0.304825 0.342287 0.304825 0.34152 0.305921 0.340752 0.305921 0.336915 0.304825 0.336147 0.304825 0.334612 0.303728 0.333845 0.303728 0.33231 0.304825 0.331543 0.304825 0.325403 0.303728 0.324635 0.303728 0.321566 0.304825 0.320798 0.304825 0.319263 0.305921 0.318496 0.305921 0.317728 0.307018 0.316961 0.307018 0.316193 0.308114 0.315426 0.308114 0.313891 0.309211 0.313124 0.309211 0.312356 0.310307 0.311589 0.309211 0.311589 0.307018 0.310054 0.307018 0.309286 0.305921 0.308519 0.305921 0.306216 0.304825 0.305449
0 0.279605 0.305449 0.277412 0.306984 0.277412 0.309286 0.278509 0.309286 0.281798 0.306984 0.281798 0.305449
0 0.288377 0.299309 0.288377 0.301612 0.289474 0.301612 0.289474 0.300077
0 0.263158 0.293937 0.264254 0.293937 0.266447 0.295472 0.267544 0.295472 0.26864 0.296239 0.269737 0.296239 0.270833 0.297007 0.26864 0.295472 0.267544 0.295472 0.265351 0.293937
0 0.595395 0.29317 0.594298 0.293937 0.593202 0.293937 0.592105 0.294705 0.592105 0.295472 0.588816 0.297774 0.587719 0.297774 0.586623 0.298542 0.58443 0.298542 0.583333 0.299309 0.582237 0.299309 0.58114 0.300077 0.58114 0.300844 0.580044 0.301612 0.580044 0.305449 0.58114 0.306216 0.58114 0.306984 0.583333 0.308519 0.585526 0.308519 0.586623 0.307751 0.587719 0.307751 0.589912 0.306216 0.589912 0.305449 0.591009 0.304682 0.591009 0.303914 0.592105 0.303147 0.592105 0.302379 0.593202 0.301612 0.594298 0.301612 0.594298 0.300844 0.595395 0.300077 0.595395 0.299309 0.596491 0.298542 0.596491 0.297774 0.597588 0.297007 0.597588 0.296239 0.598684 0.295472 0.598684 0.294705 0.597588 0.293937 0.596491 0.293937
0 0.303728 0.29317 0.302632 0.293937 0.302632 0.294705 0.305921 0.297007 0.308114 0.297007 0.309211 0.296239 0.309211 0.294705 0.307018 0.29317
0 0.703947 0.2901 0.702851 0.290867 0.703947 0.291635 0.703947 0.292402 0.70614 0.292402 0.70614 0.290867 0.705044 0.2901
0 0.766447 0.273216 0.766447 0.273983 0.767544 0.273983
0 0.614035 0.267076 0.612939 0.267843 0.612939 0.269378 0.611842 0.270146 0.611842 0.270913 0.612939 0.270146 0.612939 0.268611 0.614035 0.267843
0 0.610746 0.255564 0.610746 0.256332 0.609649 0.257099 0.609649 0.257866 0.610746 0.257866 0.612939 0.256332 0.611842 0.255564
0 0.503289 0.243285 0.502193 0.244052 0.502193 0.24482 0.5 0.246355 0.5 0.247122 0.501096 0.247122 0.501096 0.246355 0.502193 0.245587 0.502193 0.24482 0.503289 0.244052
0 0.336623 0.220261 0.336623 0.221028 0.337719 0.221796 0.337719 0.220261
0 0.430921 0.19647 0.430921 0.19954 0.429825 0.200307 0.429825 0.203377 0.430921 0.204144 0.430921 0.204912 0.432018 0.205679 0.432018 0.206447 0.435307 0.208749 0.436404 0.207982 0.436404 0.206447 0.434211 0.204912 0.434211 0.204144 0.433114 0.204144 0.432018 0.203377 0.433114 0.202609 0.433114 0.201074 0.432018 0.200307 0.432018 0.197237
0 0.35636 0.19647 0.35636 0.197237 0.355263 0.198005 0.35636 0.198772 0.35636 0.19954
0 0.446272 0.191865 0.445175 0.192632 0.445175 0.195702 0.445175 0.194935 0.446272 0.194167
0 0.455044 0.180353 0.452851 0.181888 0.452851 0.182655 0.451754 0.183423 0.451754 0.18419 0.450658 0.184958 0.450658 0.186493 0.452851 0.184958 0.452851 0.18419 0.453947 0.183423 0.453947 0.182655 0.455044 0.181888
0 0.424342 0.173446 0.423246 0.174213 0.424342 0.174981 0.424342 0.175748 0.425439 0.175748 0.426535 0.174981 0.426535 0.173446
0 0.501096 0.167306 0.5 0.168074 0.5 0.183423 0.5 0.181888 0.501096 0.18112 0.501096 0.174981 0.5 0.174213 0.501096 0.173446 0.501096 0.172678 0.502193 0.171911 0.502193 0.167306
0 0.523026 0.143515 0.52193 0.144282 0.52193 0.145817 0.523026 0.14505
0 0.524123 0.140445 0.523026 0.141213 0.524123 0.141213
0 0.51864 0.137375 0.51864 0.138143 0.519737 0.138143 0.519737 0.137375
0 0.388158 0.132771 0.388158 0.133538 0.390351 0.135073 0.390351 0.136608 0.391447 0.137375 0.392544 0.137375 0.391447 0.136608 0.391447 0.13584 0.390351 0.135073 0.390351 0.134305 0.389254 0.133538 0.389254 0.132771
0 0.48136 0.132003 0.48136 0.134305 0.482456 0.135073 0.482456 0.136608 0.483553 0.136608 0.483553 0.13584 0.482456 0.135073 0.482456 0.132771
0 0.476974 0.123561 0.476974 0.124328 0.47807 0.124328
0 0.653509 0.0974674 0.653509 0.0990023 0.654605 0.0990023 0.654605 0.0974674
0 0.644737 0.0936301 0.644737 0.0943975 0.645833 0.095165 0.645833 0.0966999 0.648026 0.0966999 0.648026 0.095165 0.645833 0.0936301
0 0.661184 0.0897928 0.662281 0.0905602 0.662281 0.0897928
