0 0.307018 0.827322 0.307018 0.828089 0.308114 0.827322
0 0.344298 0.808903 0.344298 0.80967 0.343202 0.810437 0.343202 0.811972 0.345395 0.811972 0.345395 0.80967
0 0.405702 0.781274 0.405702 0.782809 0.404605 0.783576 0.405702 0.784344 0.405702 0.785111 0.406798 0.785879 0.407895 0.785879 0.407895 0.783576 0.406798 0.782809 0.406798 0.782041
0 0.442982 0.760553 0.441886 0.76132 0.441886 0.763622 0.444079 0.763622 0.444079 0.76132
0 0.398026 0.757483 0.399123 0.75825 0.399123 0.757483
0 0.45943 0.752878 0.45943 0.754413 0.462719 0.756715 0.462719 0.754413 0.460526 0.752878
0 0.29057 0.749041 0.29057 0.749808 0.291667 0.749808
0 0.486842 0.736761 0.485746 0.737529 0.484649 0.737529 0.483553 0.738296 0.483553 0.741366 0.484649 0.742134 0.485746 0.742134 0.486842 0.742901 0.494518 0.742901 0.496711 0.741366 0.495614 0.741366 0.494518 0.740599 0.493421 0.740599 0.487939 0.736761
0 0.430921 0.732924 0.429825 0.733691 0.428728 0.733691 0.428728 0.735226 0.429825 0.735994 0.430921 0.735994 0.432018 0.735226 0.432018 0.732924
0 0.372807 0.732157 0.372807 0.732924 0.373904 0.733691 0.373904 0.734459 0.376096 0.734459 0.373904 0.732924 0.373904 0.732157
0 0.355263 0.732157 0.355263 0.732924 0.354167 0.733691 0.35636 0.733691 0.35636 0.732157
0 0.364035 0.728319 0.362939 0.729087 0.361842 0.729087 0.360746 0.729854 0.359649 0.729854 0.359649 0.730622 0.361842 0.730622 0.362939 0.729854 0.366228 0.729854 0.366228 0.729087 0.365132 0.728319
0 0.394737 0.724482 0.39364 0.725249 0.39364 0.726784 0.395833 0.725249 0.395833 0.724482
0 0.464912 0.723715 0.464912 0.724482 0.466009 0.725249 0.467105 0.725249 0.466009 0.724482 0.466009 0.723715
0 0.339912 0.709133 0.338816 0.7099 0.338816 0.711435 0.339912 0.712203
0 0.594298 0.686109 0.594298 0.687644 0.595395 0.687644 0.595395 0.686109
0 0.609649 0.684574 0.610746 0.685342 0.611842 0.685342 0.610746 0.684574
0 0.479167 0.683807 0.475877 0.686109 0.475877 0.686876 0.474781 0.687644 0.474781 0.688411 0.473684 0.689179 0.473684 0.689946 0.472588 0.690714 0.472588 0.693016 0.471491 0.693784 0.471491 0.695318 0.474781 0.695318 0.476974 0.693784 0.476974 0.693016 0.47807 0.692249 0.47807 0.691481 0.479167 0.690714 0.479167 0.689946 0.48136 0.688411 0.48136 0.687644 0.483553 0.686109 0.483553 0.684574 0.48136 0.684574 0.480263 0.683807
0 0.407895 0.683039 0.407895 0.685342 0.408991 0.686109 0.408991 0.688411 0.410088 0.688411 0.410088 0.687644 0.411184 0.686876 0.411184 0.686109 0.410088 0.685342 0.410088 0.684574
0 0.458333 0.668457 0.457237 0.669225 0.45614 0.669225 0.455044 0.669992 0.452851 0.669992 0.452851 0.671527 0.450658 0.673062 0.450658 0.675365 0.451754 0.676132 0.451754 0.676899 0.453947 0.676899 0.455044 0.677667 0.455044 0.678434 0.453947 0.679202 0.452851 0.678434 0.451754 0.678434 0.452851 0.679202 0.452851 0.680737 0.453947 0.681504 0.453947 0.683039 0.455044 0.683807 0.455044 0.685342 0.457237 0.686876 0.463816 0.686876 0.469298 0.683039 0.469298 0.682272 0.470395 0.681504 0.470395 0.680737 0.471491 0.679969 0.471491 0.675365 0.470395 0.674597 0.470395 0.673062 0.466009 0.669992 0.464912 0.669992 0.463816 0.669225 0.460526 0.669225 0.45943 0.668457
0 0.154605 0.657713 0.154605 0.65848 0.153509 0.659248 0.154605 0.659248 0.154605 0.65848 0.155702 0.657713
0 0.359649 0.650806 0.358553 0.651573 0.357456 0.651573 0.35636 0.652341 0.35636 0.653108 0.357456 0.653876 0.358553 0.653876 0.358553 0.653108 0.359649 0.652341 0.359649 0.651573 0.360746 0.650806
0 0.347588 0.649271 0.345395 0.650806 0.345395 0.651573 0.344298 0.652341 0.344298 0.655411 0.345395 0.656178 0.345395 0.656946 0.347588 0.65848 0.347588 0.659248 0.348684 0.660015 0.348684 0.66155 0.349781 0.66155 0.351974 0.660015 0.351974 0.655411 0.350877 0.654643 0.350877 0.653108 0.349781 0.652341 0.349781 0.650806 0.348684 0.650038 0.348684 0.649271
0 0.239035 0.637759 0.236842 0.639294 0.236842 0.640829 0.237939 0.640829 0.239035 0.640061 0.239035 0.639294 0.240132 0.638526 0.240132 0.637759
0 0.122807 0.627782 0.121711 0.62855 0.123904 0.62855 0.123904 0.627782
0 0.601974 0.623177 0.599781 0.624712 0.599781 0.62548 0.601974 0.627015 0.604167 0.627015 0.604167 0.626247 0.605263 0.62548
0 0.120614 0.623177 0.119518 0.623945 0.121711 0.62548 0.122807 0.62548 0.122807 0.624712
0 0.214912 0.62241 0.213816 0.623177 0.213816 0.623945 0.214912 0.623177
0 0.593202 0.620875 0.592105 0.621642 0.592105 0.623177 0.593202 0.623945 0.593202 0.624712 0.594298 0.62548 0.596491 0.62548 0.597588 0.624712 0.597588 0.621642 0.596491 0.621642 0.595395 0.620875
0 0.639254 0.615503 0.639254 0.61627 0.640351 0.61627 0.640351 0.615503
0 0.267544 0.613968 0.266447 0.614735 0.266447 0.615503 0.267544 0.61627 0.267544 0.617038 0.269737 0.617038 0.269737 0.613968
0 0.203947 0.610898 0.203947 0.612433 0.205044 0.6132 0.20614 0.6132 0.20614 0.611665 0.205044 0.610898
0 0.183114 0.605526 0.182018 0.606293 0.182018 0.607061 0.183114 0.607828 0.183114 0.608596 0.186404 0.608596 0.186404 0.607061 0.184211 0.605526
0 0.699561 0.600921 0.700658 0.601688 0.700658 0.600921
0 0.326754 0.594781 0.326754 0.597084 0.325658 0.597851 0.325658 0.598619 0.326754 0.599386 0.327851 0.599386 0.327851 0.595549
0 0.224781 0.594014 0.224781 0.595549 0.226974 0.595549 0.226974 0.594781 0.225877 0.594014
0 0.652412 0.593246 0.652412 0.594014 0.653509 0.594014 0.653509 0.593246
0 0.173246 0.587107 0.172149 0.587874 0.172149 0.588642 0.173246 0.589409 0.174342 0.589409 0.174342 0.587874
0 0.700658 0.584804 0.701754 0.584804 0.702851 0.585572 0.705044 0.585572 0.703947 0.584804
0 0.550439 0.56792 0.549342 0.568688 0.548246 0.568688 0.548246 0.57099 0.549342 0.571757 0.549342 0.572525 0.551535 0.57406 0.551535 0.574827 0.552632 0.575595 0.553728 0.575595 0.554825 0.576362 0.555921 0.576362 0.555921 0.575595 0.559211 0.573292 0.559211 0.571757 0.560307 0.57099 0.558114 0.569455 0.553728 0.569455 0.551535 0.56792
0 0.154605 0.565618 0.153509 0.566385 0.152412 0.566385 0.152412 0.567153 0.151316 0.56792 0.151316 0.569455 0.152412 0.569455 0.153509 0.570223 0.158991 0.570223 0.160088 0.569455 0.161184 0.569455 0.161184 0.567153 0.158991 0.565618
0 0.621711 0.562548 0.620614 0.563315 0.618421 0.563315 0.616228 0.56485 0.620614 0.56485 0.622807 0.563315
0 0.707237 0.559478 0.708333 0.559478 0.70943 0.560246 0.710526 0.560246 0.70943 0.559478
0 0.355263 0.555641 0.348684 0.560246 0.349781 0.561013 0.348684 0.561781 0.347588 0.561781 0.346491 0.562548 0.346491 0.56485 0.345395 0.565618 0.345395 0.568688 0.346491 0.569455 0.346491 0.570223 0.347588 0.569455 0.348684 0.569455 0.35307 0.566385 0.35307 0.565618 0.354167 0.56485 0.354167 0.564083 0.35636 0.562548 0.35636 0.561013 0.357456 0.560246 0.357456 0.559478 0.358553 0.558711 0.358553 0.557943 0.35636 0.556408 0.35636 0.555641
0 0.515351 0.550269 0.514254 0.551036 0.510965 0.551036 0.509868 0.551804 0.509868 0.552571 0.506579 0.554873 0.506579 0.557176 0.505482 0.557943 0.505482 0.559478 0.504386 0.560246 0.504386 0.567153 0.505482 0.56792 0.505482 0.569455 0.506579 0.570223 0.507675 0.570223 0.508772 0.57099 0.508772 0.571757 0.509868 0.572525 0.509868 0.573292 0.512061 0.574827 0.512061 0.576362 0.513158 0.57713 0.513158 0.577897 0.514254 0.578665 0.514254 0.5802 0.515351 0.580967 0.515351 0.581734 0.516447 0.582502 0.516447 0.584037 0.517544 0.584037 0.51864 0.584804 0.525219 0.584804 0.526316 0.584037 0.526316 0.583269 0.527412 0.582502 0.527412 0.580967 0.528509 0.5802 0.528509 0.574827 0.529605 0.57406 0.529605 0.571757 0.528509 0.57099 0.529605 0.570223 0.529605 0.569455 0.530702 0.568688 0.530702 0.567153 0.531798 0.566385 0.531798 0.565618 0.532895 0.56485 0.532895 0.564083 0.533991 0.563315 0.533991 0.561013 0.532895 0.560246 0.532895 0.559478 0.531798 0.558711 0.531798 0.557943 0.530702 0.557176 0.530702 0.556408 0.529605 0.555641 0.529605 0.553338 0.527412 0.551804 0.525219 0.551804 0.524123 0.551036 0.523026 0.551804 0.52193 0.551804 0.520833 0.551036 0.51864 0.551036 0.517544 0.550269
0 0.123904 0.545664 0.123904 0.547199 0.125 0.547199 0.125 0.545664
0 0.277412 0.541059 0.277412 0.542594 0.278509 0.541827 0.278509 0.541059
0 0.402412 0.532617 0.401316 0.533384 0.399123 0.533384 0.398026 0.534152 0.398026 0.534919 0.394737 0.537222 0.39364 0.537222 0.39364 0.537989 0.392544 0.538757 0.392544 0.539524 0.390351 0.541059 0.390351 0.541827 0.389254 0.542594 0.389254 0.543361 0.388158 0.544129 0.388158 0.544896 0.385965 0.546431 0.385965 0.547199 0.384868 0.547966 0.384868 0.549501 0.383772 0.550269 0.383772 0.551036 0.382675 0.551804 0.382675 0.552571 0.381579 0.553338 0.381579 0.554873 0.380482 0.555641 0.380482 0.557176 0.377193 0.559478 0.377193 0.560246 0.376096 0.561013 0.376096 0.562548 0.372807 0.56485 0.372807 0.565618 0.370614 0.567153 0.370614 0.56792 0.369518 0.568688 0.369518 0.569455 0.368421 0.570223 0.368421 0.57099 0.367325 0.571757 0.367325 0.573292 0.366228 0.57406 0.366228 0.574827 0.365132 0.575595 0.365132 0.576362 0.362939 0.577897 0.362939 0.578665 0.361842 0.579432 0.361842 0.5802 0.359649 0.581734 0.359649 0.582502 0.357456 0.584037 0.357456 0.584804 0.355263 0.586339 0.355263 0.587107 0.354167 0.587874 0.354167 0.588642 0.35307 0.589409 0.35307 0.590177 0.349781 0.592479 0.347588 0.592479 0.345395 0.594014 0.343202 0.594014 0.339912 0.596316 0.339912 0.598619 0.338816 0.599386 0.338816 0.602456 0.337719 0.603223 0.337719 0.608596 0.336623 0.609363 0.337719 0.61013 0.336623 0.610898 0.336623 0.620107 0.337719 0.620107 0.338816 0.620875 0.338816 0.62241 0.341009 0.623945 0.342105 0.623945 0.343202 0.623177 0.344298 0.623177 0.345395 0.623945 0.351974 0.623945 0.35307 0.624712 0.361842 0.624712 0.362939 0.623945 0.364035 0.624712 0.365132 0.624712 0.369518 0.621642 0.370614 0.621642 0.371711 0.620875 0.371711 0.620107 0.372807 0.61934 0.372807 0.618573 0.373904 0.617805 0.375 0.617805 0.375 0.61627 0.376096 0.615503 0.376096 0.614735 0.377193 0.613968 0.377193 0.612433 0.378289 0.611665 0.378289 0.610898 0.379386 0.61013 0.379386 0.604758 0.380482 0.603991 0.380482 0.602456 0.381579 0.601688 0.381579 0.599386 0.382675 0.598619 0.382675 0.597851 0.383772 0.597084 0.383772 0.594014 0.384868 0.593246 0.384868 0.590177 0.385965 0.589409 0.385965 0.588642 0.387061 0.587874 0.387061 0.587107 0.388158 0.586339 0.388158 0.585572 0.389254 0.584804 0.389254 0.584037 0.390351 0.583269 0.390351 0.582502 0.39364 0.5802 0.39364 0.579432 0.394737 0.578665 0.394737 0.575595 0.395833 0.574827 0.395833 0.57406 0.39693 0.573292 0.39693 0.572525 0.398026 0.571757 0.398026 0.57099 0.399123 0.570223 0.399123 0.568688 0.400219 0.56792 0.400219 0.566385 0.401316 0.565618 0.401316 0.564083 0.402412 0.563315 0.402412 0.560246 0.403509 0.559478 0.403509 0.557943 0.404605 0.557176 0.404605 0.553338 0.405702 0.552571 0.405702 0.551804 0.406798 0.551036 0.406798 0.544896 0.407895 0.544129 0.407895 0.543361 0.408991 0.542594 0.408991 0.540292 0.407895 0.541059 0.406798 0.540292 0.405702 0.540292 0.404605 0.539524 0.404605 0.538757 0.403509 0.538757 0.402412 0.537989
0 0.201754 0.532617 0.201754 0.533384 0.202851 0.533384 0.202851 0.532617
0 0.241228 0.531082 0.240132 0.53185 0.240132 0.532617 0.239035 0.533384 0.239035 0.534919 0.241228 0.534919 0.242325 0.534152 0.243421 0.534152 0.244518 0.533384 0.244518 0.531082
0 0.264254 0.527245 0.264254 0.529547 0.265351 0.529547 0.266447 0.530315 0.26864 0.530315 0.269737 0.529547 0.269737 0.52878 0.26864 0.528012 0.26864 0.527245
0 0.555921 0.526477 0.554825 0.527245 0.553728 0.527245 0.551535 0.52878 0.549342 0.52878 0.548246 0.529547 0.548246 0.530315 0.547149 0.531082 0.547149 0.53185 0.544956 0.533384 0.544956 0.534919 0.546053 0.534919 0.547149 0.535687 0.547149 0.536454 0.548246 0.536454 0.551535 0.538757 0.552632 0.538757 0.553728 0.537989 0.558114 0.537989 0.559211 0.537222 0.561404 0.537222 0.5625 0.536454 0.564693 0.536454 0.565789 0.535687 0.565789 0.534919 0.566886 0.534152 0.566886 0.533384 0.565789 0.532617 0.565789 0.53185 0.564693 0.531082 0.563596 0.531082 0.558114 0.527245 0.558114 0.526477
0 0.729167 0.524942 0.729167 0.52571 0.730263 0.526477 0.730263 0.524942
0 0.33114 0.524175 0.330044 0.524942 0.330044 0.52571 0.33114 0.526477 0.333333 0.526477 0.33443 0.52571 0.33443 0.524942 0.333333 0.524175
0 0.301535 0.524175 0.300439 0.524942 0.302632 0.526477 0.303728 0.52571 0.302632 0.524942 0.302632 0.524175
0 0.262061 0.509593 0.262061 0.511128 0.263158 0.511896 0.265351 0.511896 0.266447 0.511128 0.266447 0.510361 0.265351 0.509593
0 0.671053 0.508826 0.669956 0.509593 0.66886 0.509593 0.66886 0.512663 0.671053 0.514198 0.672149 0.514198 0.673246 0.514965 0.677632 0.514965 0.680921 0.512663 0.682018 0.512663 0.685307 0.510361 0.683114 0.508826
0 0.141447 0.508826 0.140351 0.509593 0.142544 0.511128 0.144737 0.511128 0.14364 0.511128 0.141447 0.509593
0 0.600877 0.508058 0.600877 0.508826 0.599781 0.509593 0.596491 0.509593 0.595395 0.510361 0.589912 0.510361 0.587719 0.511896 0.585526 0.511896 0.580044 0.515733 0.580044 0.5165 0.578947 0.517268 0.577851 0.517268 0.574561 0.51957 0.574561 0.521873 0.575658 0.52264 0.575658 0.523408 0.576754 0.523408 0.577851 0.524175 0.578947 0.524175 0.580044 0.524942 0.582237 0.524942 0.58443 0.523408 0.588816 0.523408 0.591009 0.521873 0.591009 0.521105 0.593202 0.51957 0.594298 0.51957 0.596491 0.518035 0.596491 0.5165 0.600877 0.513431 0.601974 0.514198 0.604167 0.514198 0.605263 0.513431 0.605263 0.512663 0.607456 0.511128 0.607456 0.510361 0.60636 0.509593 0.605263 0.509593 0.604167 0.508826 0.604167 0.508058
0 0.155702 0.505756 0.154605 0.506523 0.153509 0.506523 0.150219 0.508826 0.149123 0.508826 0.149123 0.510361 0.150219 0.510361 0.151316 0.509593 0.152412 0.509593 0.153509 0.508826 0.154605 0.508826 0.156798 0.507291 0.156798 0.505756
0 0.702851 0.504988 0.701754 0.505756 0.701754 0.507291 0.702851 0.508058 0.70614 0.508058 0.70614 0.506523 0.703947 0.504988
0 0.642544 0.504221 0.640351 0.505756 0.640351 0.507291 0.641447 0.508058 0.642544 0.508058 0.64364 0.508826 0.64693 0.508826 0.648026 0.509593 0.650219 0.509593 0.653509 0.507291 0.653509 0.505756 0.652412 0.505756 0.651316 0.504988 0.649123 0.504988 0.648026 0.504221
0 0.267544 0.501919 0.265351 0.503454 0.265351 0.504221 0.266447 0.504988 0.267544 0.504988 0.26864 0.505756 0.269737 0.505756 0.270833 0.506523 0.273026 0.506523 0.275219 0.504988 0.275219 0.504221 0.27193 0.501919
0 0.163377 0.501919 0.162281 0.502686 0.162281 0.504988 0.163377 0.504988 0.164474 0.505756 0.16557 0.505756 0.16557 0.504988 0.166667 0.504221 0.166667 0.503454 0.164474 0.501919
0 0.203947 0.500384 0.203947 0.501151 0.20614 0.501151 0.205044 0.500384
0 0.671053 0.482732 0.669956 0.4835 0.66886 0.4835 0.667763 0.484267 0.666667 0.484267 0.666667 0.485035 0.664474 0.486569 0.664474 0.488104 0.663377 0.488872 0.662281 0.488872 0.662281 0.489639 0.661184 0.490407 0.661184 0.492709 0.662281 0.493477 0.663377 0.493477 0.664474 0.492709 0.664474 0.489639 0.666667 0.488104 0.667763 0.488104 0.667763 0.487337 0.669956 0.485802 0.669956 0.485035 0.671053 0.484267 0.672149 0.484267 0.672149 0.4835
0 0.694079 0.481197 0.695175 0.481965 0.695175 0.481197
0 0.197368 0.479662 0.197368 0.48043 0.198465 0.481197 0.199561 0.481197 0.199561 0.48043 0.200658 0.479662
0 0.623904 0.478895 0.620614 0.481197 0.619518 0.481197 0.619518 0.481965 0.617325 0.4835 0.617325 0.485802 0.616228 0.486569 0.616228 0.487337 0.617325 0.488104 0.617325 0.490407 0.615132 0.491942 0.615132 0.495779 0.614035 0.496546 0.611842 0.496546 0.611842 0.499616 0.610746 0.500384 0.609649 0.500384 0.609649 0.501151 0.610746 0.501919 0.610746 0.504221 0.609649 0.504988 0.609649 0.506523 0.608553 0.507291 0.60636 0.507291 0.608553 0.508826 0.609649 0.508826 0.610746 0.509593 0.611842 0.509593 0.612939 0.508826 0.614035 0.508826 0.615132 0.508058 0.618421 0.508058 0.618421 0.507291 0.620614 0.505756 0.620614 0.504988 0.621711 0.504221 0.621711 0.503454 0.623904 0.501919 0.625 0.501919 0.627193 0.500384 0.627193 0.498849 0.628289 0.498081 0.628289 0.496546 0.629386 0.495779 0.629386 0.491942 0.630482 0.491174 0.630482 0.489639 0.629386 0.488872 0.629386 0.484267 0.628289 0.4835 0.628289 0.48043 0.627193 0.479662 0.626096 0.479662 0.625 0.478895
0 0.702851 0.476592 0.701754 0.47736 0.700658 0.47736 0.699561 0.478127 0.697368 0.478127 0.696272 0.478895 0.697368 0.479662 0.698465 0.478895 0.700658 0.478895 0.701754 0.478127 0.703947 0.478127 0.705044 0.47736 0.70614 0.47736 0.705044 0.476592
0 0.655702 0.476592 0.655702 0.478895 0.654605 0.479662 0.654605 0.48043 0.655702 0.481197 0.655702 0.4835 0.656798 0.484267 0.656798 0.485802 0.657895 0.485802 0.657895 0.4835 0.658991 0.482732 0.657895 0.481965 0.657895 0.48043 0.658991 0.479662 0.658991 0.476592
0 0.131579 0.475825 0.132675 0.476592 0.133772 0.476592 0.132675 0.475825
0 0.631579 0.475058 0.631579 0.475825 0.634868 0.478127 0.634868 0.478895 0.638158 0.481197 0.639254 0.481197 0.640351 0.481965 0.641447 0.481965 0.64364 0.4835 0.644737 0.4835 0.645833 0.484267 0.648026 0.484267 0.648026 0.482732 0.645833 0.481197 0.644737 0.481197 0.64364 0.48043 0.642544 0.48043 0.641447 0.479662 0.641447 0.478895 0.637061 0.475825 0.633772 0.475825 0.632675 0.475058
0 0.154605 0.462011 0.154605 0.462778 0.155702 0.463546 0.160088 0.463546 0.161184 0.464313 0.162281 0.464313 0.164474 0.462778 0.163377 0.462011 0.162281 0.462011 0.161184 0.462778 0.156798 0.462778 0.155702 0.462011
0 0.127193 0.458941 0.128289 0.459708 0.129386 0.459708 0.129386 0.458941
0 0.680921 0.448196 0.679825 0.448964 0.679825 0.450499 0.680921 0.451266 0.683114 0.451266 0.683114 0.448964 0.682018 0.448964
0 0.256579 0.446662 0.254386 0.448196 0.254386 0.448964 0.257675 0.448964 0.257675 0.446662
0 0.66886 0.429777 0.66557 0.43208 0.66557 0.432847 0.664474 0.433615 0.664474 0.43515 0.66557 0.435917 0.66557 0.437452 0.664474 0.438219 0.663377 0.438219 0.660088 0.440522 0.660088 0.441289 0.658991 0.442057 0.658991 0.446662 0.660088 0.447429 0.660088 0.448964 0.663377 0.451266 0.66557 0.451266 0.666667 0.450499 0.667763 0.450499 0.669956 0.448964 0.669956 0.448196 0.671053 0.447429 0.671053 0.445894 0.672149 0.445127 0.672149 0.442824 0.673246 0.442057 0.673246 0.440522 0.671053 0.438987 0.671053 0.438219 0.672149 0.437452 0.674342 0.437452 0.675439 0.436685 0.676535 0.436685 0.676535 0.43515 0.675439 0.434382 0.675439 0.431312 0.674342 0.430545 0.673246 0.430545 0.672149 0.429777
0 0.763158 0.427475 0.762061 0.428243 0.763158 0.42901 0.766447 0.42901 0.766447 0.427475
0 0.685307 0.424405 0.684211 0.425173 0.684211 0.42594 0.683114 0.426708 0.683114 0.427475 0.684211 0.428243 0.684211 0.42901 0.6875 0.431312 0.691886 0.431312 0.692982 0.430545 0.692982 0.42901 0.691886 0.428243 0.691886 0.427475 0.6875 0.424405
0 0.289474 0.417498 0.288377 0.418266 0.287281 0.418266 0.287281 0.420568 0.286184 0.421335 0.287281 0.422103 0.287281 0.425173 0.288377 0.42594 0.288377 0.42901 0.29057 0.430545 0.29057 0.431312 0.296053 0.43515 0.297149 0.43515 0.300439 0.437452 0.301535 0.437452 0.304825 0.439754 0.305921 0.439754 0.305921 0.433615 0.307018 0.432847 0.307018 0.431312 0.305921 0.430545 0.305921 0.42287 0.304825 0.422103 0.304825 0.420568 0.303728 0.4198 0.303728 0.419033 0.301535 0.417498
0 0.264254 0.416731 0.260965 0.419033 0.260965 0.4198 0.259868 0.420568 0.259868 0.42287 0.260965 0.42287 0.260965 0.422103 0.266447 0.418266 0.267544 0.418266 0.26864 0.417498 0.267544 0.416731
0 0.205044 0.415963 0.20943 0.419033 0.208333 0.418266 0.208333 0.417498 0.207237 0.417498
0 0.712719 0.406754 0.711623 0.407521 0.711623 0.408289 0.712719 0.408289
0 0.723684 0.402916 0.723684 0.403684 0.726974 0.403684 0.725877 0.402916
0 0.207237 0.402149 0.207237 0.402916 0.208333 0.402916 0.20943 0.403684 0.210526 0.403684 0.211623 0.404451 0.212719 0.404451 0.211623 0.403684 0.210526 0.403684 0.208333 0.402149
0 0.294956 0.390637 0.294956 0.391404 0.292763 0.392939 0.292763 0.393707 0.291667 0.394474 0.29057 0.394474 0.288377 0.396009 0.288377 0.397544 0.289474 0.398312 0.289474 0.400614 0.29057 0.401381 0.29057 0.402149 0.291667 0.402916 0.291667 0.403684 0.292763 0.404451 0.292763 0.405986 0.29386 0.406754 0.29386 0.408289 0.298246 0.411358 0.299342 0.411358 0.300439 0.412126 0.302632 0.412126 0.305921 0.409823 0.305921 0.409056 0.307018 0.408289 0.307018 0.407521 0.305921 0.406754 0.305921 0.403684 0.304825 0.402916 0.304825 0.401381 0.303728 0.400614 0.303728 0.398312 0.301535 0.396777 0.301535 0.396009 0.300439 0.395242 0.300439 0.393707 0.299342 0.392939 0.299342 0.392172 0.298246 0.392172 0.296053 0.390637
0 0.713816 0.376055 0.712719 0.376823 0.712719 0.37759 0.711623 0.378358 0.711623 0.379125 0.710526 0.379893 0.710526 0.381427 0.711623 0.382195 0.711623 0.382962 0.712719 0.38373 0.714912 0.38373 0.716009 0.382962 0.716009 0.381427 0.717105 0.38066 0.717105 0.379893 0.716009 0.379125 0.716009 0.37759
0 0.263158 0.364543 0.262061 0.365311 0.262061 0.366078 0.258772 0.368381 0.255482 0.368381 0.255482 0.369148 0.256579 0.369916 0.258772 0.369916 0.259868 0.369148 0.260965 0.369148 0.260965 0.368381 0.262061 0.367613 0.262061 0.366846 0.263158 0.366078
0 0.245614 0.358404 0.245614 0.359939 0.246711 0.359939 0.247807 0.360706 0.247807 0.359171 0.246711 0.358404
0 0.722588 0.357636 0.719298 0.359939 0.719298 0.360706 0.720395 0.360706 0.722588 0.359171
0 0.265351 0.347659 0.264254 0.348427 0.264254 0.350729 0.263158 0.351497 0.263158 0.353799 0.264254 0.354566 0.264254 0.355334 0.265351 0.356101 0.265351 0.358404 0.266447 0.359171 0.265351 0.359939 0.265351 0.362241 0.264254 0.363008 0.265351 0.363008 0.265351 0.362241 0.266447 0.361474 0.266447 0.360706 0.267544 0.359939 0.267544 0.357636 0.26864 0.356869 0.267544 0.356101 0.267544 0.354566 0.265351 0.353031 0.267544 0.351497 0.267544 0.349194
0 0.720395 0.333845 0.720395 0.33538 0.721491 0.33538 0.721491 0.333845
0 0.555921 0.327705 0.555921 0.330008 0.553728 0.331543 0.553728 0.33231 0.548246 0.336147 0.548246 0.336915 0.547149 0.337682 0.547149 0.339985 0.546053 0.340752 0.546053 0.343054 0.54386 0.344589 0.54386 0.345357 0.542763 0.346124 0.542763 0.346892 0.541667 0.347659 0.54057 0.347659 0.539474 0.348427 0.536184 0.348427 0.535088 0.349194 0.533991 0.349194 0.531798 0.350729 0.532895 0.351497 0.531798 0.352264 0.531798 0.354566 0.532895 0.355334 0.532895 0.356869 0.533991 0.357636 0.533991 0.358404 0.535088 0.359171 0.535088 0.363008 0.536184 0.363776 0.536184 0.365311 0.538377 0.366846 0.539474 0.366846 0.542763 0.369148 0.542763 0.370683 0.54386 0.37145 0.54386 0.372985 0.542763 0.373753 0.542763 0.376055 0.539474 0.378358 0.539474 0.379893 0.54057 0.38066 0.54057 0.381427 0.541667 0.382195 0.546053 0.379125 0.546053 0.378358 0.547149 0.37759 0.547149 0.375288 0.546053 0.37452 0.546053 0.369916 0.544956 0.369148 0.544956 0.363776 0.54386 0.363008 0.54386 0.359939 0.542763 0.359171 0.542763 0.357636 0.541667 0.357636 0.54057 0.356869 0.539474 0.356869 0.538377 0.356101 0.538377 0.354566 0.539474 0.353799 0.54057 0.353799 0.541667 0.353031 0.546053 0.353031 0.550439 0.349962 0.550439 0.349194 0.553728 0.346892 0.553728 0.345357 0.554825 0.344589 0.554825 0.343822 0.555921 0.343054 0.555921 0.342287 0.557018 0.34152 0.557018 0.340752 0.558114 0.339985 0.558114 0.33845 0.559211 0.337682 0.559211 0.331543 0.558114 0.330775 0.558114 0.330008 0.555921 0.328473
0 0.585526 0.294705 0.583333 0.296239 0.583333 0.301612 0.585526 0.303147 0.585526 0.303914 0.588816 0.303914 0.591009 0.302379 0.591009 0.301612 0.592105 0.300844 0.592105 0.300077 0.593202 0.299309 0.593202 0.296239 0.591009 0.294705
0 0.305921 0.292402 0.304825 0.29317 0.303728 0.29317 0.302632 0.293937 0.302632 0.294705 0.300439 0.296239 0.300439 0.306984 0.301535 0.307751 0.301535 0.309286 0.302632 0.310054 0.302632 0.311589 0.303728 0.312356 0.303728 0.313124 0.305921 0.314658 0.305921 0.316193 0.307018 0.315426 0.307018 0.313124 0.308114 0.312356 0.308114 0.306984 0.309211 0.306216 0.309211 0.302379 0.308114 0.301612 0.308114 0.298542 0.309211 0.297774 0.309211 0.295472 0.308114 0.294705 0.308114 0.29317 0.307018 0.292402
0 0.319079 0.291635 0.319079 0.292402 0.317982 0.29317 0.317982 0.294705 0.319079 0.295472 0.317982 0.296239 0.317982 0.297007 0.316886 0.297774 0.316886 0.300844 0.315789 0.301612 0.315789 0.302379 0.316886 0.302379 0.317982 0.301612 0.317982 0.300077 0.319079 0.299309
0 0.705044 0.290867 0.703947 0.291635 0.705044 0.292402 0.707237 0.292402 0.708333 0.291635 0.707237 0.290867
0 0.597588 0.287797 0.596491 0.288565 0.596491 0.2901 0.599781 0.292402 0.601974 0.290867 0.601974 0.289332 0.599781 0.287797
0 0.320175 0.284728 0.320175 0.288565 0.321272 0.287797 0.321272 0.284728
0 0.230263 0.281658 0.230263 0.282425 0.23136 0.282425 0.232456 0.283193 0.233553 0.283193 0.234649 0.28396 0.232456 0.282425 0.23136 0.282425
0 0.604167 0.276285 0.604167 0.28089 0.605263 0.281658 0.605263 0.28396 0.604167 0.284728 0.604167 0.285495 0.605263 0.286262 0.60636 0.286262 0.607456 0.285495 0.607456 0.282425 0.60636 0.281658 0.60636 0.28089 0.607456 0.280123 0.60636 0.279355 0.60636 0.27782 0.605263 0.277053 0.605263 0.276285
0 0.496711 0.257099 0.496711 0.257866 0.495614 0.258634 0.495614 0.259401 0.494518 0.260169 0.494518 0.261704 0.493421 0.262471 0.493421 0.264006 0.494518 0.264006 0.494518 0.262471 0.495614 0.261704 0.495614 0.258634 0.496711 0.257866
0 0.327851 0.252494 0.326754 0.253262 0.326754 0.254029 0.327851 0.254797 0.328947 0.254029 0.327851 0.253262
0 0.33443 0.237145 0.333333 0.237913 0.333333 0.23868 0.33443 0.23868 0.33443 0.237913 0.335526 0.237145
0 0.337719 0.227936 0.337719 0.230238 0.338816 0.230238 0.338816 0.228703
0 0.320175 0.224866 0.321272 0.225633 0.322368 0.225633 0.322368 0.224866
0 0.313596 0.223331 0.3125 0.224098 0.314693 0.224098
0 0.326754 0.209517 0.326754 0.210284 0.327851 0.211051 0.328947 0.211051 0.330044 0.211819 0.330044 0.211051 0.328947 0.211051
0 0.419956 0.171144 0.419956 0.173446 0.421053 0.174213 0.421053 0.174981 0.423246 0.174981 0.423246 0.173446
0 0.458333 0.170376 0.458333 0.172678 0.45943 0.173446 0.45943 0.171144
0 0.729167 0.160399 0.73136 0.161934 0.73136 0.161167 0.730263 0.160399
0 0.417763 0.157329 0.417763 0.158864 0.41886 0.159632 0.41886 0.161167 0.419956 0.161167 0.419956 0.159632 0.41886 0.158864 0.41886 0.157329
0 0.455044 0.14505 0.455044 0.146585 0.45614 0.147352 0.45614 0.145817
0 0.525219 0.139678 0.524123 0.140445 0.525219 0.140445
0 0.651316 0.0974674 0.650219 0.0982348 0.650219 0.0997698 0.649123 0.100537 0.650219 0.101305 0.651316 0.101305 0.652412 0.100537 0.653509 0.100537 0.653509 0.0997698 0.652412 0.0990023 0.653509 0.0982348 0.652412 0.0982348
0 0.713816 0.0959325 0.713816 0.0966999 0.714912 0.0966999 0.714912 0.0959325
0 0.610746 0.0959325 0.610746 0.0966999 0.611842 0.0974674 0.611842 0.0982348 0.611842 0.0966999
