0 0.291667 0.834229 0.292763 0.834996 0.29386 0.834996 0.292763 0.834229
0 0.300439 0.833461 0.299342 0.834229 0.298246 0.834229 0.297149 0.834996 0.299342 0.834996 0.300439 0.834229 0.301535 0.834229 0.301535 0.833461
0 0.346491 0.814275 0.346491 0.81581 0.347588 0.81581 0.347588 0.815042
0 0.408991 0.785879 0.408991 0.786646 0.410088 0.787414 0.411184 0.787414 0.411184 0.785879
0 0.445175 0.769762 0.445175 0.77053 0.446272 0.771297 0.447368 0.771297 0.447368 0.77053 0.446272 0.769762
0 0.504386 0.76439 0.504386 0.765157 0.505482 0.765925 0.505482 0.765157
0 0.466009 0.762855 0.466009 0.765157 0.467105 0.765925 0.467105 0.766692 0.468202 0.76746 0.468202 0.765157 0.467105 0.765157 0.466009 0.76439 0.467105 0.763622
0 0.348684 0.743668 0.348684 0.745203 0.349781 0.745203 0.349781 0.743668
0 0.497807 0.742134 0.497807 0.743668 0.498904 0.744436 0.498904 0.745203 0.5 0.745971 0.5 0.747506 0.501096 0.748273 0.501096 0.750576 0.502193 0.751343 0.502193 0.752878 0.503289 0.752878 0.503289 0.749041 0.502193 0.748273 0.502193 0.746738 0.501096 0.745971 0.501096 0.743668 0.498904 0.742134
0 0.464912 0.733691 0.464912 0.734459 0.463816 0.735226 0.463816 0.737529 0.464912 0.738296 0.466009 0.737529 0.466009 0.735226 0.464912 0.734459
0 0.429825 0.730622 0.429825 0.733691 0.430921 0.733691 0.432018 0.732924 0.432018 0.731389 0.430921 0.730622
0 0.367325 0.730622 0.368421 0.731389 0.368421 0.730622
0 0.52193 0.729854 0.519737 0.731389 0.51864 0.731389 0.517544 0.732157 0.51864 0.732924 0.519737 0.732157 0.526316 0.732157 0.527412 0.731389 0.528509 0.731389 0.526316 0.729854
0 0.344298 0.717575 0.345395 0.718342 0.345395 0.717575
0 0.401316 0.713738 0.401316 0.714505 0.399123 0.71604 0.398026 0.71604 0.39693 0.716807 0.395833 0.716807 0.395833 0.717575 0.394737 0.718342 0.394737 0.71911 0.39364 0.719877 0.39364 0.720645 0.392544 0.721412 0.392544 0.725249 0.391447 0.726017 0.391447 0.729854 0.390351 0.730622 0.389254 0.730622 0.387061 0.732157 0.387061 0.732924 0.389254 0.732924 0.390351 0.732157 0.391447 0.732157 0.392544 0.731389 0.392544 0.730622 0.39364 0.729854 0.39364 0.728319 0.394737 0.727552 0.394737 0.725249 0.395833 0.724482 0.395833 0.721412 0.39693 0.720645 0.39693 0.71911 0.398026 0.718342 0.399123 0.718342 0.401316 0.716807 0.401316 0.71604 0.402412 0.715272 0.402412 0.714505 0.403509 0.713738
0 0.412281 0.705295 0.411184 0.706063 0.410088 0.706063 0.410088 0.70683 0.408991 0.707598 0.408991 0.708365 0.407895 0.709133 0.407895 0.7099 0.406798 0.710668 0.407895 0.711435 0.407895 0.712203 0.410088 0.712203 0.413377 0.7099 0.413377 0.709133 0.414474 0.708365 0.414474 0.70683 0.413377 0.706063 0.413377 0.705295
0 0.145833 0.705295 0.144737 0.706063 0.145833 0.70683
0 0.100877 0.692249 0.100877 0.693016 0.0997807 0.693784 0.100877 0.693784 0.101974 0.693016 0.101974 0.692249
0 0.412281 0.690714 0.411184 0.691481 0.410088 0.691481 0.410088 0.692249 0.413377 0.692249 0.414474 0.693016 0.41557 0.693016 0.416667 0.692249 0.416667 0.691481 0.41557 0.690714
0 0.483553 0.681504 0.482456 0.682272 0.482456 0.684574 0.48136 0.685342 0.48136 0.688411 0.482456 0.689179 0.484649 0.689179 0.486842 0.687644 0.486842 0.686876 0.487939 0.686109 0.487939 0.683039 0.486842 0.682272 0.485746 0.682272 0.484649 0.681504
0 0.464912 0.669225 0.463816 0.669992 0.460526 0.669992 0.45943 0.67076 0.458333 0.67076 0.455044 0.673062 0.455044 0.674597 0.453947 0.675365 0.455044 0.675365 0.45614 0.676132 0.45614 0.676899 0.455044 0.677667 0.455044 0.680737 0.45614 0.681504 0.45614 0.684574 0.457237 0.685342 0.457237 0.687644 0.45943 0.689179 0.462719 0.689179 0.463816 0.688411 0.466009 0.688411 0.469298 0.686109 0.469298 0.685342 0.471491 0.683807 0.472588 0.683807 0.472588 0.683039 0.474781 0.681504 0.474781 0.679969 0.475877 0.679202 0.474781 0.678434 0.474781 0.674597 0.473684 0.67383 0.473684 0.673062 0.469298 0.669992 0.467105 0.669992 0.466009 0.669225
0 0.354167 0.652341 0.35307 0.653108 0.35307 0.653876 0.351974 0.654643 0.351974 0.66155 0.35307 0.662318 0.35307 0.663853 0.354167 0.66462 0.354167 0.666155 0.355263 0.666155 0.355263 0.662318 0.35636 0.66155 0.35636 0.65848 0.357456 0.657713 0.357456 0.655411 0.355263 0.653876 0.355263 0.653108
0 0.166667 0.645434 0.166667 0.646201 0.167763 0.646201 0.167763 0.645434
0 0.127193 0.645434 0.127193 0.646969 0.128289 0.646201 0.128289 0.645434
0 0.245614 0.62855 0.243421 0.630084 0.243421 0.632387 0.242325 0.633154 0.242325 0.633922 0.245614 0.631619
0 0.126096 0.62548 0.126096 0.627782 0.129386 0.627782 0.129386 0.627015 0.127193 0.62548
0 0.591009 0.62241 0.592105 0.623177 0.592105 0.62241
0 0.711623 0.615503 0.711623 0.617038 0.713816 0.617038 0.714912 0.617805 0.718202 0.617805 0.714912 0.617805 0.713816 0.617038 0.713816 0.61627 0.712719 0.61627
0 0.264254 0.614735 0.264254 0.61627 0.265351 0.617038 0.266447 0.617038 0.266447 0.615503 0.265351 0.614735
0 0.221491 0.61013 0.221491 0.610898 0.222588 0.611665 0.222588 0.61013
0 0.171053 0.609363 0.171053 0.61013 0.172149 0.61013 0.172149 0.609363
0 0.208333 0.607828 0.208333 0.61013 0.210526 0.61013 0.210526 0.608596 0.20943 0.607828
0 0.325658 0.607061 0.324561 0.607828 0.324561 0.61013 0.324561 0.609363 0.325658 0.608596
0 0.279605 0.603991 0.279605 0.604758 0.280702 0.604758
0 0.1875 0.601688 0.1875 0.604758 0.188596 0.605526 0.190789 0.605526 0.190789 0.602456 0.189693 0.602456 0.188596 0.601688
0 0.226974 0.594014 0.226974 0.595549 0.22807 0.596316 0.229167 0.595549
0 0.688596 0.593246 0.689693 0.594014 0.689693 0.594781 0.689693 0.593246
0 0.174342 0.590944 0.174342 0.593246 0.176535 0.593246 0.176535 0.590944
0 0.688596 0.588642 0.688596 0.590177 0.689693 0.590177 0.689693 0.589409
0 0.683114 0.579432 0.683114 0.5802 0.685307 0.581734 0.686404 0.580967 0.686404 0.5802 0.685307 0.579432
0 0.161184 0.578665 0.160088 0.579432 0.160088 0.581734 0.158991 0.582502 0.158991 0.584804 0.160088 0.585572 0.160088 0.586339 0.162281 0.587874 0.162281 0.588642 0.166667 0.588642 0.166667 0.585572 0.16557 0.584804 0.16557 0.584037 0.164474 0.583269 0.164474 0.582502 0.163377 0.581734 0.163377 0.5802 0.162281 0.579432 0.162281 0.578665
0 0.549342 0.56792 0.548246 0.568688 0.547149 0.568688 0.546053 0.569455 0.547149 0.570223 0.547149 0.571757 0.548246 0.571757 0.550439 0.573292 0.551535 0.573292 0.552632 0.57406 0.553728 0.57406 0.554825 0.573292 0.554825 0.57099 0.553728 0.570223 0.553728 0.569455 0.552632 0.569455 0.550439 0.56792
0 0.160088 0.56792 0.160088 0.568688 0.158991 0.569455 0.158991 0.570223 0.157895 0.57099 0.158991 0.571757 0.158991 0.573292 0.160088 0.57406 0.160088 0.574827 0.161184 0.575595 0.164474 0.573292 0.164474 0.569455 0.162281 0.56792
0 0.561404 0.565618 0.560307 0.566385 0.560307 0.569455 0.5625 0.569455 0.563596 0.568688 0.563596 0.566385 0.5625 0.565618
0 0.389254 0.563315 0.389254 0.564083 0.388158 0.56485 0.388158 0.565618 0.383772 0.568688 0.382675 0.56792 0.380482 0.569455 0.379386 0.569455 0.377193 0.57099 0.376096 0.57099 0.375 0.571757 0.375 0.572525 0.370614 0.575595 0.370614 0.576362 0.369518 0.57713 0.369518 0.577897 0.368421 0.578665 0.368421 0.579432 0.366228 0.580967 0.366228 0.581734 0.361842 0.584804 0.361842 0.585572 0.357456 0.588642 0.357456 0.589409 0.355263 0.590944 0.355263 0.591711 0.346491 0.597851 0.346491 0.598619 0.344298 0.600153 0.344298 0.600921 0.342105 0.602456 0.342105 0.603991 0.341009 0.604758 0.341009 0.605526 0.339912 0.606293 0.339912 0.607828 0.338816 0.608596 0.338816 0.609363 0.337719 0.61013 0.337719 0.611665 0.336623 0.612433 0.336623 0.6132 0.335526 0.613968 0.335526 0.614735 0.332237 0.617038 0.332237 0.618573 0.33114 0.61934 0.33114 0.620107 0.330044 0.620875 0.330044 0.62241 0.328947 0.623177 0.328947 0.623945 0.327851 0.624712 0.327851 0.626247 0.326754 0.627015 0.326754 0.627782 0.325658 0.62855 0.324561 0.62855 0.324561 0.629317 0.323465 0.630084 0.325658 0.631619 0.325658 0.633922 0.326754 0.634689 0.325658 0.635457 0.325658 0.636224 0.327851 0.636224 0.328947 0.635457 0.332237 0.635457 0.33443 0.636992 0.33443 0.638526 0.335526 0.638526 0.336623 0.637759 0.337719 0.637759 0.338816 0.636992 0.339912 0.636992 0.341009 0.636224 0.342105 0.636224 0.343202 0.635457 0.348684 0.635457 0.349781 0.634689 0.351974 0.634689 0.35307 0.633922 0.362939 0.633922 0.364035 0.633154 0.365132 0.633154 0.366228 0.632387 0.366228 0.631619 0.367325 0.630852 0.367325 0.630084 0.368421 0.629317 0.368421 0.62855 0.370614 0.627015 0.370614 0.626247 0.371711 0.62548 0.371711 0.624712 0.375 0.62241 0.375 0.621642 0.376096 0.620875 0.376096 0.620107 0.377193 0.61934 0.377193 0.618573 0.379386 0.617038 0.379386 0.612433 0.380482 0.611665 0.380482 0.605526 0.381579 0.604758 0.381579 0.602456 0.382675 0.601688 0.382675 0.599386 0.383772 0.598619 0.383772 0.597851 0.384868 0.597084 0.384868 0.595549 0.385965 0.594781 0.385965 0.593246 0.387061 0.592479 0.387061 0.591711 0.389254 0.590177 0.389254 0.589409 0.390351 0.588642 0.390351 0.584804 0.391447 0.584037 0.391447 0.582502 0.392544 0.581734 0.392544 0.5802 0.39364 0.579432 0.39364 0.578665 0.394737 0.577897 0.394737 0.576362 0.39364 0.575595 0.394737 0.574827 0.394737 0.572525 0.395833 0.571757 0.395833 0.57099 0.394737 0.570223 0.394737 0.56792 0.39364 0.56792 0.392544 0.567153 0.392544 0.566385 0.390351 0.56485 0.390351 0.563315
0 0.595395 0.559478 0.595395 0.560246 0.596491 0.560246 0.598684 0.561781 0.604167 0.561781 0.604167 0.561013 0.60307 0.561013 0.601974 0.560246 0.600877 0.560246 0.599781 0.559478
0 0.711623 0.557943 0.711623 0.559478 0.712719 0.560246 0.712719 0.561013 0.713816 0.561013 0.712719 0.560246 0.712719 0.559478 0.713816 0.558711 0.712719 0.557943
0 0.510965 0.557943 0.509868 0.558711 0.508772 0.558711 0.507675 0.559478 0.507675 0.560246 0.506579 0.561013 0.506579 0.562548 0.505482 0.563315 0.505482 0.567153 0.504386 0.56792 0.504386 0.568688 0.505482 0.569455 0.505482 0.570223 0.506579 0.57099 0.506579 0.572525 0.507675 0.572525 0.509868 0.57406 0.509868 0.574827 0.510965 0.574827 0.513158 0.576362 0.513158 0.577897 0.514254 0.578665 0.514254 0.580967 0.515351 0.581734 0.515351 0.583269 0.516447 0.584037 0.516447 0.586339 0.520833 0.589409 0.520833 0.590177 0.52193 0.590944 0.524123 0.590944 0.525219 0.590177 0.525219 0.587874 0.526316 0.587107 0.526316 0.586339 0.527412 0.585572 0.527412 0.584804 0.526316 0.584037 0.526316 0.581734 0.527412 0.580967 0.527412 0.573292 0.528509 0.572525 0.528509 0.56792 0.527412 0.567153 0.527412 0.565618 0.526316 0.56485 0.526316 0.563315 0.525219 0.563315 0.523026 0.561781 0.52193 0.561781 0.51864 0.559478 0.51864 0.558711 0.514254 0.558711 0.513158 0.557943
0 0.129386 0.549501 0.131579 0.551036 0.132675 0.551036 0.131579 0.550269 0.131579 0.549501
0 0.364035 0.544129 0.360746 0.546431 0.360746 0.547199 0.359649 0.547966 0.359649 0.551804 0.362939 0.551804 0.364035 0.551036 0.365132 0.551036 0.366228 0.550269 0.366228 0.549501 0.367325 0.548734 0.367325 0.547199 0.368421 0.546431 0.368421 0.545664 0.367325 0.544896 0.367325 0.544129
0 0.283991 0.536454 0.282895 0.537222 0.283991 0.537989 0.285088 0.537989 0.285088 0.537222
0 0.20614 0.530315 0.20614 0.531082 0.207237 0.531082 0.207237 0.530315
0 0.323465 0.527245 0.321272 0.52878 0.321272 0.529547 0.320175 0.530315 0.320175 0.53185 0.321272 0.53185 0.324561 0.529547 0.324561 0.527245
0 0.245614 0.527245 0.243421 0.52878 0.243421 0.529547 0.244518 0.530315 0.247807 0.530315 0.247807 0.528012 0.246711 0.527245
0 0.269737 0.52571 0.26864 0.526477 0.267544 0.526477 0.267544 0.528012 0.269737 0.529547 0.27193 0.529547 0.274123 0.528012 0.273026 0.527245 0.273026 0.526477 0.27193 0.526477 0.270833 0.52571
0 0.304825 0.524942 0.303728 0.52571 0.303728 0.526477 0.304825 0.527245 0.305921 0.527245 0.305921 0.524942
0 0.585526 0.51957 0.58443 0.520338 0.583333 0.520338 0.58114 0.521873 0.577851 0.521873 0.576754 0.52264 0.573465 0.52264 0.572368 0.523408 0.571272 0.523408 0.570175 0.524175 0.569079 0.524175 0.566886 0.52571 0.566886 0.526477 0.564693 0.528012 0.565789 0.52878 0.565789 0.530315 0.563596 0.53185 0.5625 0.531082 0.561404 0.531082 0.560307 0.53185 0.558114 0.53185 0.557018 0.531082 0.554825 0.531082 0.554825 0.53185 0.553728 0.532617 0.553728 0.534152 0.554825 0.534919 0.554825 0.537989 0.555921 0.537989 0.557018 0.538757 0.557018 0.539524 0.561404 0.539524 0.5625 0.538757 0.563596 0.538757 0.564693 0.539524 0.569079 0.539524 0.571272 0.537989 0.572368 0.537989 0.574561 0.536454 0.574561 0.535687 0.580044 0.53185 0.58114 0.53185 0.58114 0.531082 0.582237 0.530315 0.582237 0.52878 0.583333 0.528012 0.583333 0.527245 0.58443 0.526477 0.58443 0.52571 0.585526 0.524942 0.585526 0.524175 0.587719 0.52264 0.587719 0.521105 0.588816 0.520338 0.587719 0.51957
0 0.70943 0.515733 0.70943 0.5165 0.710526 0.517268 0.711623 0.517268 0.712719 0.518035 0.716009 0.518035 0.720395 0.521105 0.721491 0.521105 0.719298 0.51957 0.718202 0.51957 0.716009 0.518035 0.714912 0.518035 0.713816 0.517268 0.712719 0.517268 0.711623 0.5165 0.710526 0.5165
0 0.264254 0.509593 0.263158 0.510361 0.263158 0.511128 0.264254 0.511896 0.267544 0.511896 0.267544 0.509593
0 0.6875 0.507291 0.686404 0.508058 0.6875 0.508826 0.6875 0.509593 0.688596 0.509593 0.689693 0.508826 0.689693 0.508058 0.688596 0.507291
0 0.653509 0.505756 0.653509 0.508826 0.654605 0.509593 0.655702 0.509593 0.657895 0.511128 0.660088 0.511128 0.661184 0.511896 0.662281 0.511896 0.663377 0.512663 0.66886 0.512663 0.66886 0.510361 0.667763 0.510361 0.664474 0.508058 0.663377 0.508058 0.661184 0.506523 0.655702 0.506523 0.654605 0.505756
0 0.27193 0.502686 0.270833 0.503454 0.270833 0.504221 0.27193 0.504988 0.27193 0.505756 0.273026 0.505756 0.274123 0.506523 0.276316 0.506523 0.277412 0.507291 0.280702 0.504988 0.277412 0.502686
0 0.699561 0.501919 0.698465 0.502686 0.698465 0.504221 0.699561 0.504988 0.700658 0.504988 0.702851 0.503454 0.700658 0.501919
0 0.211623 0.500384 0.212719 0.501151 0.212719 0.500384
0 0.16557 0.498081 0.16557 0.500384 0.166667 0.501151 0.169956 0.501151 0.169956 0.498849 0.16886 0.498081
0 0.685307 0.488872 0.685307 0.489639 0.6875 0.489639 0.6875 0.488872
0 0.695175 0.488104 0.692982 0.489639 0.696272 0.489639 0.697368 0.488872 0.696272 0.488104
0 0.658991 0.488104 0.658991 0.490407 0.660088 0.491174 0.660088 0.491942 0.661184 0.491942 0.661184 0.489639
0 0.675439 0.485802 0.674342 0.486569 0.674342 0.487337 0.677632 0.487337 0.677632 0.486569 0.676535 0.485802
0 0.202851 0.481197 0.202851 0.481965 0.203947 0.482732 0.203947 0.4835 0.20943 0.487337 0.20943 0.488104 0.211623 0.489639 0.212719 0.489639 0.212719 0.488104 0.208333 0.485035 0.208333 0.484267 0.203947 0.481197
0 0.144737 0.478127 0.144737 0.478895 0.145833 0.478895
0 0.649123 0.467383 0.648026 0.46815 0.645833 0.46815 0.644737 0.468918 0.641447 0.468918 0.640351 0.469685 0.640351 0.470453 0.639254 0.47122 0.638158 0.47122 0.638158 0.471988 0.634868 0.47429 0.634868 0.475058 0.633772 0.475825 0.632675 0.475825 0.631579 0.476592 0.626096 0.476592 0.621711 0.479662 0.620614 0.479662 0.620614 0.481197 0.619518 0.481965 0.619518 0.4835 0.623904 0.486569 0.623904 0.488104 0.625 0.488872 0.625 0.490407 0.621711 0.492709 0.621711 0.493477 0.622807 0.494244 0.622807 0.495012 0.623904 0.494244 0.627193 0.494244 0.628289 0.493477 0.627193 0.492709 0.626096 0.493477 0.625 0.492709 0.625 0.491942 0.626096 0.491174 0.628289 0.491174 0.628289 0.485035 0.631579 0.482732 0.633772 0.482732 0.634868 0.4835 0.635965 0.4835 0.637061 0.484267 0.640351 0.484267 0.641447 0.4835 0.641447 0.482732 0.642544 0.481965 0.641447 0.481197 0.64364 0.479662 0.64364 0.478895 0.64693 0.476592 0.650219 0.476592 0.651316 0.475825 0.652412 0.475825 0.654605 0.47429 0.655702 0.47429 0.656798 0.475058 0.658991 0.475058 0.660088 0.475825 0.658991 0.476592 0.657895 0.476592 0.660088 0.476592 0.660088 0.47429 0.658991 0.473523 0.658991 0.468918 0.657895 0.46815 0.657895 0.467383
0 0.211623 0.465848 0.20943 0.467383 0.208333 0.467383 0.20943 0.467383 0.210526 0.46815 0.214912 0.46815 0.214912 0.466616 0.213816 0.465848
0 0.135965 0.461243 0.135965 0.462011 0.14364 0.462011 0.144737 0.461243
0 0.682018 0.445894 0.679825 0.447429 0.680921 0.448196 0.680921 0.448964 0.682018 0.449731 0.683114 0.448964 0.683114 0.448196 0.684211 0.447429 0.684211 0.446662 0.683114 0.445894
0 0.661184 0.445894 0.657895 0.448196 0.656798 0.448196 0.656798 0.448964 0.655702 0.449731 0.655702 0.453569 0.656798 0.454336 0.656798 0.455871 0.657895 0.456639 0.657895 0.457406 0.660088 0.458941 0.660088 0.459708 0.663377 0.459708 0.664474 0.458941 0.664474 0.458173 0.66557 0.457406 0.666667 0.457406 0.666667 0.456639 0.66886 0.455104 0.66886 0.454336 0.669956 0.453569 0.669956 0.451266 0.66886 0.450499 0.66886 0.449731 0.667763 0.448964 0.667763 0.447429 0.666667 0.447429 0.66557 0.446662 0.66557 0.445894
0 0.710526 0.430545 0.70943 0.431312 0.70943 0.43208 0.710526 0.432847 0.711623 0.432847 0.712719 0.43208 0.712719 0.430545
0 0.688596 0.429777 0.688596 0.433615 0.690789 0.43515 0.695175 0.43515 0.696272 0.434382 0.698465 0.434382 0.700658 0.435917 0.700658 0.436685 0.698465 0.438219 0.697368 0.438219 0.697368 0.438987 0.699561 0.440522 0.700658 0.440522 0.701754 0.439754 0.701754 0.437452 0.702851 0.436685 0.702851 0.433615 0.700658 0.43208 0.699561 0.43208 0.698465 0.431312 0.696272 0.431312 0.694079 0.429777
0 0.669956 0.42901 0.666667 0.431312 0.666667 0.433615 0.667763 0.434382 0.667763 0.43515 0.66886 0.43515 0.671053 0.436685 0.675439 0.436685 0.676535 0.435917 0.677632 0.435917 0.677632 0.434382 0.678728 0.433615 0.678728 0.432847 0.677632 0.43208 0.677632 0.431312 0.675439 0.429777 0.673246 0.429777 0.672149 0.42901
0 0.131579 0.42901 0.130482 0.429777 0.130482 0.431312 0.131579 0.430545
0 0.726974 0.428243 0.725877 0.42901 0.724781 0.42901 0.723684 0.429777 0.722588 0.429777 0.721491 0.430545 0.725877 0.430545 0.726974 0.429777 0.730263 0.429777 0.73136 0.42901 0.732456 0.42901 0.732456 0.428243
0 0.275219 0.416731 0.274123 0.417498 0.274123 0.419033 0.277412 0.419033 0.277412 0.417498 0.276316 0.416731
0 0.266447 0.415196 0.267544 0.415963 0.26864 0.415963 0.26864 0.415196
0 0.251096 0.410591 0.253289 0.412126 0.254386 0.412126 0.255482 0.412893 0.256579 0.412893 0.255482 0.412893 0.254386 0.412126 0.254386 0.411358 0.253289 0.411358 0.252193 0.410591
0 0.708333 0.409056 0.708333 0.410591 0.710526 0.410591 0.710526 0.409056
0 0.297149 0.403684 0.296053 0.404451 0.296053 0.406754 0.294956 0.407521 0.296053 0.408289 0.296053 0.409823 0.298246 0.411358 0.298246 0.412126 0.297149 0.412893 0.297149 0.415196 0.294956 0.416731 0.294956 0.418266 0.296053 0.419033 0.296053 0.42287 0.294956 0.423638 0.294956 0.424405 0.296053 0.425173 0.296053 0.42901 0.297149 0.429777 0.297149 0.431312 0.298246 0.43208 0.298246 0.43515 0.299342 0.435917 0.299342 0.441289 0.300439 0.442057 0.300439 0.445127 0.301535 0.445894 0.301535 0.447429 0.302632 0.448196 0.302632 0.449731 0.303728 0.450499 0.303728 0.452034 0.304825 0.452801 0.304825 0.453569 0.307018 0.455104 0.309211 0.455104 0.310307 0.455871 0.311404 0.455104 0.314693 0.455104 0.317982 0.452801 0.317982 0.451266 0.316886 0.450499 0.316886 0.448964 0.317982 0.448196 0.317982 0.445127 0.316886 0.444359 0.316886 0.443592 0.315789 0.442824 0.315789 0.441289 0.314693 0.440522 0.314693 0.439754 0.313596 0.438987 0.313596 0.436685 0.3125 0.435917 0.3125 0.433615 0.311404 0.432847 0.311404 0.43208 0.310307 0.431312 0.310307 0.429777 0.309211 0.42901 0.309211 0.42287 0.308114 0.422103 0.308114 0.415963 0.309211 0.415196 0.309211 0.412893 0.308114 0.412126 0.308114 0.411358 0.307018 0.410591 0.307018 0.409056 0.305921 0.408289 0.305921 0.405986 0.304825 0.405986 0.303728 0.405219 0.302632 0.405219 0.301535 0.404451 0.300439 0.404451 0.299342 0.403684
0 0.736842 0.388335 0.737939 0.388335 0.739035 0.389102 0.743421 0.389102 0.741228 0.389102 0.740132 0.388335
0 0.711623 0.387567 0.70943 0.389102 0.70943 0.394474 0.710526 0.395242 0.713816 0.395242 0.713816 0.394474 0.714912 0.393707 0.714912 0.391404 0.713816 0.390637 0.713816 0.389102
0 0.536184 0.366846 0.536184 0.370683 0.537281 0.37145 0.537281 0.372218 0.538377 0.372218 0.539474 0.372985 0.539474 0.37452 0.54057 0.375288 0.54057 0.379125 0.539474 0.379893 0.539474 0.381427 0.538377 0.382195 0.538377 0.38373 0.539474 0.384497 0.539474 0.386032 0.541667 0.387567 0.541667 0.388335 0.54386 0.3868 0.54386 0.386032 0.547149 0.38373 0.547149 0.382962 0.549342 0.381427 0.549342 0.38066 0.548246 0.379893 0.548246 0.37759 0.547149 0.37759 0.546053 0.376823 0.546053 0.376055 0.54386 0.37452 0.542763 0.37452 0.541667 0.373753 0.541667 0.372985 0.54057 0.372218 0.54057 0.369916 0.539474 0.369148 0.539474 0.367613 0.538377 0.367613 0.537281 0.366846
0 0.729167 0.360706 0.729167 0.361474 0.730263 0.361474 0.730263 0.360706
0 0.240132 0.356101 0.242325 0.357636 0.243421 0.356869 0.242325 0.356101
0 0.72807 0.333845 0.726974 0.334612 0.720395 0.334612 0.720395 0.336147 0.722588 0.336147 0.724781 0.334612 0.72807 0.334612
0 0.254386 0.330008 0.255482 0.330775 0.255482 0.330008
0 0.5625 0.327705 0.559211 0.330008 0.560307 0.330775 0.560307 0.331543 0.559211 0.33231 0.559211 0.33538 0.558114 0.336147 0.558114 0.339985 0.559211 0.339217 0.561404 0.339217 0.563596 0.337682 0.564693 0.337682 0.564693 0.336915 0.565789 0.336147 0.565789 0.33538 0.566886 0.334612 0.566886 0.333845 0.567982 0.333078 0.567982 0.33231 0.569079 0.331543 0.569079 0.330775 0.564693 0.327705
0 0.724781 0.313891 0.723684 0.314658 0.723684 0.315426 0.722588 0.316193 0.722588 0.316961 0.721491 0.317728 0.721491 0.320798 0.720395 0.321566 0.720395 0.322333 0.719298 0.323101 0.719298 0.326938 0.721491 0.328473 0.721491 0.32924 0.722588 0.328473 0.722588 0.327705 0.721491 0.326938 0.721491 0.322333 0.720395 0.321566 0.722588 0.320031 0.722588 0.316961 0.723684 0.316193 0.723684 0.315426 0.724781 0.314658
0 0.576754 0.298542 0.576754 0.301612 0.575658 0.302379 0.575658 0.303914 0.574561 0.304682 0.574561 0.310054 0.573465 0.310821 0.573465 0.311589 0.572368 0.312356 0.572368 0.313124 0.569079 0.315426 0.569079 0.316193 0.567982 0.316961 0.567982 0.317728 0.566886 0.318496 0.566886 0.319263 0.564693 0.320798 0.564693 0.323101 0.565789 0.323868 0.565789 0.325403 0.567982 0.326938 0.571272 0.324635 0.571272 0.322333 0.572368 0.321566 0.572368 0.320031 0.573465 0.319263 0.573465 0.316961 0.574561 0.316193 0.574561 0.315426 0.575658 0.314658 0.575658 0.313891 0.576754 0.313124 0.576754 0.310821 0.577851 0.310054 0.577851 0.308519 0.578947 0.307751 0.578947 0.301612 0.577851 0.300844 0.577851 0.299309
0 0.300439 0.297774 0.299342 0.298542 0.299342 0.299309 0.300439 0.300077 0.300439 0.300844 0.301535 0.300844 0.303728 0.302379 0.303728 0.303147 0.304825 0.303914 0.307018 0.303914 0.307018 0.300077 0.305921 0.299309 0.304825 0.299309 0.303728 0.298542 0.302632 0.298542 0.301535 0.297774
0 0.291667 0.29317 0.291667 0.293937 0.289474 0.295472 0.29057 0.296239 0.291667 0.295472 0.291667 0.294705 0.292763 0.293937 0.292763 0.29317
0 0.701754 0.291635 0.700658 0.292402 0.700658 0.29317 0.701754 0.293937 0.705044 0.293937 0.705044 0.292402 0.703947 0.291635
0 0.277412 0.291635 0.277412 0.292402 0.279605 0.292402 0.278509 0.292402
0 0.711623 0.2901 0.712719 0.290867 0.712719 0.2901
0 0.592105 0.289332 0.591009 0.2901 0.588816 0.2901 0.586623 0.291635 0.586623 0.29317 0.583333 0.295472 0.583333 0.296239 0.58443 0.297007 0.58443 0.298542 0.585526 0.299309 0.586623 0.299309 0.587719 0.300077 0.588816 0.299309 0.589912 0.299309 0.591009 0.298542 0.593202 0.298542 0.594298 0.297774 0.594298 0.292402 0.593202 0.291635 0.593202 0.2901
0 0.60307 0.281658 0.600877 0.283193 0.600877 0.28396 0.599781 0.284728 0.599781 0.285495 0.600877 0.286262 0.600877 0.287797 0.60307 0.287797 0.604167 0.28703 0.604167 0.286262 0.605263 0.285495 0.605263 0.283193
0 0.610746 0.28089 0.609649 0.281658 0.611842 0.281658
0 0.315789 0.270146 0.314693 0.270913 0.314693 0.279355 0.313596 0.280123 0.313596 0.28396 0.3125 0.284728 0.3125 0.286262 0.309211 0.288565 0.308114 0.287797 0.307018 0.288565 0.307018 0.289332 0.305921 0.2901 0.305921 0.291635 0.307018 0.292402 0.307018 0.29317 0.309211 0.294705 0.311404 0.294705 0.3125 0.293937 0.3125 0.29317 0.314693 0.291635 0.315789 0.291635 0.316886 0.290867 0.316886 0.2901 0.317982 0.289332 0.317982 0.288565 0.319079 0.287797 0.319079 0.281658 0.321272 0.280123 0.321272 0.276285 0.319079 0.274751 0.319079 0.273983 0.320175 0.273216 0.320175 0.270146
0 0.324561 0.256332 0.323465 0.257099 0.323465 0.257866 0.322368 0.258634 0.322368 0.260936 0.324561 0.262471 0.326754 0.262471 0.328947 0.260936 0.328947 0.257099 0.327851 0.256332
0 0.314693 0.250192 0.314693 0.250959 0.3125 0.252494 0.3125 0.253262 0.315789 0.250959 0.315789 0.250192
0 0.327851 0.245587 0.326754 0.246355 0.326754 0.250192 0.328947 0.251727 0.332237 0.251727 0.332237 0.247122 0.330044 0.245587
0 0.347588 0.231773 0.346491 0.23254 0.346491 0.234075 0.345395 0.234843 0.345395 0.23561 0.344298 0.236378 0.344298 0.237913 0.345395 0.237913 0.346491 0.237145 0.346491 0.236378 0.347588 0.23561 0.347588 0.234843 0.348684 0.234075 0.348684 0.231773
0 0.656798 0.22947 0.656798 0.231005 0.656798 0.230238 0.657895 0.22947
0 0.323465 0.222563 0.324561 0.223331 0.324561 0.222563
0 0.336623 0.216424 0.336623 0.217959 0.337719 0.218726 0.337719 0.216424
0 0.303728 0.210284 0.303728 0.211051 0.304825 0.211819 0.304825 0.212586 0.305921 0.213354 0.307018 0.213354 0.307018 0.212586 0.305921 0.211819 0.305921 0.211051 0.304825 0.210284
0 0.294956 0.201842 0.294956 0.202609 0.297149 0.204144 0.297149 0.204912 0.298246 0.205679 0.298246 0.206447 0.299342 0.206447 0.300439 0.207214 0.297149 0.204912 0.297149 0.203377
0 0.346491 0.194167 0.346491 0.197237 0.347588 0.198005 0.347588 0.198772 0.346491 0.19954 0.347588 0.19954 0.347588 0.197237 0.346491 0.19647
0 0.684211 0.172678 0.684211 0.173446 0.685307 0.173446 0.685307 0.172678
0 0.714912 0.161167 0.714912 0.161934 0.717105 0.161934 0.717105 0.161167
0 0.428728 0.152724 0.427632 0.153492 0.427632 0.155027 0.426535 0.155794 0.426535 0.158097 0.425439 0.158864 0.425439 0.160399 0.424342 0.161167 0.424342 0.161934 0.423246 0.162701 0.423246 0.165004 0.424342 0.164236 0.424342 0.163469 0.425439 0.162701 0.425439 0.161934 0.426535 0.161167 0.426535 0.158097 0.427632 0.157329 0.427632 0.155027 0.428728 0.154259
0 0.691886 0.149655 0.691886 0.150422 0.692982 0.150422
0 0.724781 0.142748 0.724781 0.143515 0.725877 0.143515 0.725877 0.142748
0 0.525219 0.139678 0.525219 0.140445 0.526316 0.139678
0 0.503289 0.136608 0.503289 0.138143 0.504386 0.138143 0.504386 0.137375
0 0.422149 0.122794 0.422149 0.125096 0.423246 0.125863 0.423246 0.126631 0.423246 0.125096 0.422149 0.124328
0 0.689693 0.102072 0.688596 0.10284 0.689693 0.103607 0.692982 0.103607 0.694079 0.10284 0.694079 0.102072
0 0.64693 0.101305 0.645833 0.102072 0.645833 0.10284 0.648026 0.104375 0.648026 0.105142 0.648026 0.102072
0 0.616228 0.0897928 0.615132 0.0905602 0.615132 0.0913277 0.614035 0.0920952 0.614035 0.0928626 0.615132 0.0936301 0.615132 0.0974674 0.616228 0.0982348 0.616228 0.0997698 0.617325 0.100537 0.618421 0.0997698 0.619518 0.0997698 0.619518 0.0982348 0.617325 0.0966999 0.617325 0.0959325 0.616228 0.095165
0 0.629386 0.0575595 0.629386 0.0583269 0.630482 0.0590944 0.630482 0.0575595
