0 0.347588 0.817345 0.348684 0.818112 0.348684 0.817345
0 0.411184 0.788949 0.408991 0.790483 0.408991 0.791251 0.407895 0.792018 0.406798 0.791251 0.405702 0.791251 0.403509 0.792786 0.406798 0.792786 0.407895 0.792018 0.408991 0.792018 0.412281 0.789716 0.412281 0.788949
0 0.496711 0.779739 0.496711 0.780507 0.497807 0.780507 0.497807 0.779739
0 0.449561 0.776669 0.449561 0.778972 0.450658 0.778204 0.449561 0.777437
0 0.471491 0.772064 0.471491 0.773599 0.472588 0.774367 0.472588 0.776669 0.473684 0.776669 0.473684 0.774367 0.472588 0.773599 0.472588 0.772832
0 0.506579 0.754413 0.506579 0.759018 0.505482 0.759785 0.505482 0.760553 0.506579 0.76132 0.505482 0.762087 0.505482 0.76439 0.506579 0.76439 0.506579 0.756715 0.507675 0.755948 0.507675 0.754413
0 0.350877 0.749041 0.350877 0.750576 0.351974 0.751343 0.351974 0.749041
0 0.516447 0.748273 0.514254 0.749808 0.515351 0.749041 0.51864 0.749041 0.519737 0.748273 0.520833 0.748273
0 0.469298 0.745971 0.469298 0.748273 0.470395 0.748273 0.469298 0.747506
0 0.504386 0.743668 0.504386 0.744436 0.505482 0.743668 0.506579 0.743668
0 0.39364 0.735994 0.39364 0.737529 0.394737 0.736761
0 0.134868 0.732157 0.137061 0.733691 0.137061 0.732924 0.135965 0.732157
0 0.434211 0.727552 0.433114 0.728319 0.433114 0.729854 0.434211 0.729854
0 0.163377 0.704528 0.163377 0.705295 0.164474 0.706063 0.164474 0.704528
0 0.487939 0.702226 0.486842 0.702993 0.485746 0.702993 0.484649 0.703761 0.484649 0.704528 0.486842 0.704528 0.486842 0.703761 0.487939 0.702993
0 0.407895 0.699923 0.406798 0.700691 0.406798 0.702993 0.407895 0.703761 0.408991 0.703761 0.410088 0.702993 0.410088 0.699923
0 0.109649 0.688411 0.109649 0.689179 0.110746 0.689946 0.110746 0.689179
0 0.489035 0.683807 0.487939 0.684574 0.487939 0.689946 0.491228 0.689946 0.491228 0.685342 0.490132 0.684574 0.490132 0.683807
0 0.496711 0.682272 0.496711 0.683039 0.495614 0.683807 0.496711 0.684574 0.496711 0.685342 0.497807 0.685342 0.497807 0.682272
0 0.425439 0.682272 0.424342 0.683039 0.424342 0.683807 0.423246 0.684574 0.423246 0.685342 0.422149 0.686109 0.422149 0.687644 0.421053 0.688411 0.421053 0.690714 0.419956 0.691481 0.419956 0.697621 0.41886 0.698388 0.41886 0.699156 0.419956 0.699923 0.41886 0.700691 0.41886 0.703761 0.421053 0.702226 0.421053 0.699156 0.422149 0.698388 0.422149 0.697621 0.423246 0.696853 0.423246 0.695318 0.424342 0.694551 0.424342 0.693784 0.425439 0.693016 0.425439 0.687644 0.426535 0.686876 0.426535 0.684574 0.427632 0.683807
0 0.644737 0.680737 0.644737 0.681504 0.645833 0.681504 0.645833 0.680737
0 0.468202 0.669992 0.467105 0.67076 0.466009 0.67076 0.464912 0.671527 0.463816 0.671527 0.45943 0.674597 0.45943 0.675365 0.458333 0.676132 0.458333 0.679202 0.457237 0.679969 0.457237 0.681504 0.458333 0.682272 0.458333 0.686109 0.45943 0.686876 0.45943 0.689179 0.460526 0.689946 0.460526 0.690714 0.461623 0.691481 0.466009 0.691481 0.467105 0.690714 0.468202 0.690714 0.470395 0.689179 0.471491 0.689179 0.47807 0.684574 0.47807 0.677667 0.476974 0.676899 0.476974 0.674597 0.475877 0.67383 0.475877 0.673062 0.473684 0.671527 0.472588 0.671527 0.471491 0.67076 0.469298 0.67076
0 0.357456 0.657713 0.357456 0.660015 0.355263 0.66155 0.355263 0.663085 0.354167 0.663853 0.354167 0.66769 0.355263 0.668457 0.355263 0.669225 0.35636 0.669992 0.357456 0.669992 0.358553 0.669225 0.358553 0.668457 0.359649 0.66769 0.359649 0.66462 0.360746 0.663853 0.360746 0.663085 0.359649 0.662318 0.359649 0.660783 0.358553 0.660015 0.358553 0.65848
0 0.495614 0.651573 0.494518 0.652341 0.493421 0.652341 0.492325 0.653108 0.492325 0.654643 0.490132 0.656178 0.490132 0.657713 0.489035 0.65848 0.489035 0.659248 0.490132 0.660015 0.490132 0.66155 0.491228 0.660783 0.493421 0.660783 0.496711 0.65848 0.496711 0.657713 0.497807 0.656946 0.498904 0.656946 0.5 0.656178 0.5 0.654643 0.498904 0.653876 0.498904 0.653108 0.497807 0.653108
0 0.129386 0.643131 0.129386 0.644666 0.131579 0.644666 0.131579 0.643131
0 0.163377 0.640061 0.164474 0.640829 0.164474 0.640061
0 0.176535 0.637759 0.176535 0.639294 0.177632 0.638526 0.178728 0.638526 0.178728 0.637759
0 0.733553 0.633154 0.733553 0.633922 0.735746 0.633922 0.734649 0.633154
0 0.605263 0.633154 0.60636 0.633922 0.60636 0.634689 0.60636 0.633154
0 0.133772 0.62548 0.132675 0.626247 0.131579 0.626247 0.131579 0.627015 0.132675 0.627782 0.134868 0.627782 0.135965 0.627015 0.135965 0.626247 0.134868 0.62548
0 0.594298 0.623177 0.595395 0.623945 0.596491 0.623945 0.596491 0.623177
0 0.322368 0.613968 0.322368 0.615503 0.323465 0.615503 0.323465 0.613968
0 0.6875 0.607061 0.688596 0.607828 0.689693 0.607828 0.688596 0.607061
0 0.672149 0.605526 0.672149 0.606293 0.674342 0.607828 0.676535 0.607828 0.677632 0.607061 0.683114 0.607061 0.684211 0.607828 0.685307 0.607061 0.684211 0.607061 0.683114 0.606293 0.679825 0.606293 0.678728 0.607061 0.676535 0.607061 0.675439 0.606293 0.673246 0.606293
0 0.182018 0.603223 0.177632 0.606293 0.177632 0.607828 0.178728 0.607061 0.179825 0.607061 0.182018 0.605526 0.182018 0.604758 0.183114 0.603991 0.183114 0.603223
0 0.213816 0.602456 0.213816 0.605526 0.214912 0.606293 0.216009 0.605526 0.216009 0.603223 0.214912 0.602456
0 0.190789 0.597851 0.188596 0.599386 0.1875 0.599386 0.185307 0.600921 0.186404 0.600921 0.1875 0.601688 0.188596 0.600921 0.189693 0.600921 0.190789 0.601688 0.195175 0.601688 0.195175 0.599386 0.194079 0.598619 0.194079 0.597851
0 0.229167 0.594781 0.22807 0.595549 0.22807 0.597084 0.229167 0.597851 0.230263 0.597084 0.230263 0.596316 0.229167 0.595549
0 0.176535 0.593246 0.175439 0.594014 0.175439 0.594781 0.174342 0.595549 0.176535 0.595549 0.177632 0.596316 0.178728 0.595549 0.178728 0.594781
0 0.644737 0.590944 0.645833 0.591711 0.64693 0.590944
0 0.16886 0.585572 0.167763 0.586339 0.166667 0.586339 0.164474 0.587874 0.164474 0.588642 0.163377 0.589409 0.163377 0.590177 0.164474 0.590944 0.164474 0.591711 0.16557 0.592479 0.16886 0.592479 0.171053 0.590944 0.171053 0.589409 0.172149 0.588642 0.172149 0.587107 0.171053 0.586339 0.169956 0.586339
0 0.679825 0.580967 0.678728 0.581734 0.679825 0.582502 0.679825 0.583269 0.682018 0.583269 0.682018 0.581734 0.680921 0.580967
0 0.379386 0.5802 0.377193 0.581734 0.376096 0.581734 0.376096 0.582502 0.370614 0.586339 0.369518 0.586339 0.365132 0.589409 0.364035 0.589409 0.362939 0.590177 0.361842 0.590177 0.357456 0.593246 0.35636 0.593246 0.35636 0.594781 0.355263 0.595549 0.355263 0.597084 0.354167 0.597851 0.354167 0.598619 0.35307 0.599386 0.35307 0.600153 0.350877 0.601688 0.350877 0.602456 0.349781 0.603223 0.349781 0.603991 0.347588 0.605526 0.347588 0.606293 0.346491 0.607061 0.346491 0.607828 0.345395 0.608596 0.345395 0.609363 0.343202 0.610898 0.343202 0.611665 0.338816 0.614735 0.338816 0.615503 0.336623 0.617038 0.335526 0.617038 0.335526 0.617805 0.333333 0.61934 0.333333 0.620107 0.33114 0.621642 0.33114 0.62241 0.328947 0.623945 0.328947 0.624712 0.327851 0.62548 0.327851 0.626247 0.326754 0.627015 0.326754 0.627782 0.323465 0.630084 0.323465 0.632387 0.322368 0.633154 0.322368 0.633922 0.320175 0.635457 0.320175 0.636224 0.317982 0.637759 0.316886 0.636992 0.316886 0.636224 0.316886 0.641596 0.315789 0.642364 0.315789 0.643131 0.314693 0.643899 0.315789 0.644666 0.314693 0.645434 0.314693 0.646201 0.313596 0.646969 0.3125 0.646201 0.3125 0.650038 0.311404 0.650806 0.311404 0.651573 0.310307 0.652341 0.310307 0.653108 0.309211 0.653876 0.309211 0.655411 0.310307 0.656178 0.310307 0.656946 0.309211 0.657713 0.309211 0.662318 0.311404 0.663853 0.314693 0.663853 0.316886 0.665388 0.317982 0.665388 0.319079 0.66462 0.320175 0.66462 0.321272 0.665388 0.325658 0.665388 0.326754 0.666155 0.330044 0.666155 0.330044 0.66462 0.33114 0.663853 0.33114 0.663085 0.332237 0.662318 0.332237 0.66155 0.337719 0.657713 0.338816 0.657713 0.338816 0.656946 0.339912 0.656178 0.339912 0.655411 0.342105 0.653876 0.343202 0.653876 0.343202 0.653108 0.346491 0.650806 0.346491 0.650038 0.351974 0.646201 0.351974 0.645434 0.35307 0.644666 0.35307 0.643899 0.355263 0.642364 0.35636 0.642364 0.357456 0.641596 0.358553 0.641596 0.361842 0.639294 0.364035 0.639294 0.364035 0.638526 0.368421 0.635457 0.368421 0.634689 0.369518 0.633922 0.370614 0.633922 0.371711 0.633154 0.371711 0.631619 0.372807 0.630852 0.372807 0.62855 0.373904 0.627782 0.373904 0.62548 0.375 0.624712 0.375 0.623945 0.376096 0.623177 0.376096 0.62241 0.377193 0.621642 0.377193 0.620875 0.380482 0.618573 0.380482 0.617038 0.379386 0.61627 0.380482 0.615503 0.380482 0.612433 0.381579 0.611665 0.381579 0.606293 0.382675 0.605526 0.382675 0.604758 0.383772 0.603991 0.383772 0.603223 0.382675 0.602456 0.382675 0.601688 0.383772 0.600921 0.383772 0.598619 0.384868 0.597851 0.384868 0.595549 0.385965 0.594781 0.385965 0.592479 0.388158 0.590944 0.388158 0.590177 0.389254 0.589409 0.389254 0.588642 0.388158 0.587874 0.388158 0.583269 0.387061 0.582502 0.387061 0.581734 0.385965 0.582502 0.384868 0.581734 0.383772 0.582502 0.382675 0.582502
0 0.552632 0.568688 0.551535 0.569455 0.550439 0.569455 0.550439 0.571757 0.552632 0.573292 0.553728 0.573292 0.554825 0.57406 0.559211 0.57406 0.560307 0.573292 0.560307 0.572525 0.559211 0.571757 0.559211 0.57099 0.555921 0.568688
0 0.573465 0.56485 0.573465 0.565618 0.576754 0.565618 0.576754 0.56485
0 0.512061 0.56485 0.510965 0.565618 0.509868 0.565618 0.508772 0.566385 0.508772 0.56792 0.507675 0.568688 0.507675 0.570223 0.508772 0.57099 0.508772 0.572525 0.509868 0.573292 0.509868 0.57406 0.510965 0.574827 0.510965 0.575595 0.513158 0.57713 0.513158 0.579432 0.514254 0.579432 0.516447 0.580967 0.516447 0.581734 0.517544 0.582502 0.517544 0.584037 0.51864 0.584804 0.51864 0.585572 0.519737 0.586339 0.519737 0.587874 0.520833 0.588642 0.520833 0.589409 0.52193 0.590177 0.52193 0.591711 0.523026 0.592479 0.523026 0.593246 0.52193 0.594014 0.52193 0.594781 0.524123 0.594781 0.525219 0.594014 0.525219 0.592479 0.526316 0.591711 0.526316 0.584804 0.525219 0.584037 0.525219 0.5802 0.526316 0.579432 0.525219 0.578665 0.525219 0.575595 0.524123 0.574827 0.524123 0.572525 0.523026 0.571757 0.523026 0.570223 0.516447 0.565618 0.514254 0.565618 0.513158 0.56485
0 0.730263 0.559478 0.730263 0.561013 0.73136 0.561781 0.733553 0.561781 0.732456 0.561013 0.732456 0.560246 0.73136 0.559478
0 0.137061 0.554873 0.137061 0.556408 0.138158 0.556408 0.138158 0.554873
0 0.0855263 0.547199 0.0855263 0.547966 0.0866228 0.547966
0 0.365132 0.538757 0.365132 0.542594 0.369518 0.542594 0.370614 0.541827 0.370614 0.539524 0.369518 0.538757
0 0.319079 0.537989 0.319079 0.538757 0.320175 0.538757 0.320175 0.537989
0 0.289474 0.535687 0.288377 0.536454 0.289474 0.537222 0.29057 0.537222 0.29057 0.535687
0 0.575658 0.529547 0.574561 0.530315 0.565789 0.530315 0.563596 0.53185 0.5625 0.53185 0.561404 0.532617 0.561404 0.533384 0.5625 0.534152 0.5625 0.534919 0.564693 0.534919 0.565789 0.534152 0.570175 0.534152 0.571272 0.534919 0.572368 0.534919 0.573465 0.534152 0.573465 0.532617 0.576754 0.530315 0.576754 0.529547
0 0.243421 0.527245 0.243421 0.529547 0.244518 0.529547 0.245614 0.530315 0.246711 0.529547 0.246711 0.528012 0.245614 0.527245
0 0.307018 0.526477 0.307018 0.52878 0.309211 0.52878 0.309211 0.527245 0.308114 0.526477
0 0.210526 0.526477 0.210526 0.527245 0.211623 0.527245 0.211623 0.526477
0 0.274123 0.524942 0.27193 0.526477 0.27193 0.528012 0.273026 0.52878 0.277412 0.52878 0.277412 0.528012 0.278509 0.527245 0.278509 0.526477 0.277412 0.52571 0.276316 0.52571 0.275219 0.524942
0 0.745614 0.511896 0.745614 0.512663 0.747807 0.514198 0.748904 0.514198 0.747807 0.513431 0.747807 0.512663 0.746711 0.511896
0 0.264254 0.508058 0.263158 0.508826 0.263158 0.510361 0.265351 0.510361 0.266447 0.511128 0.267544 0.510361 0.267544 0.509593 0.265351 0.508058
0 0.729167 0.502686 0.72807 0.503454 0.729167 0.504221 0.73136 0.504221 0.732456 0.504988 0.733553 0.504988 0.734649 0.505756 0.736842 0.505756 0.741228 0.508826 0.742325 0.508826 0.743421 0.509593 0.743421 0.508058 0.742325 0.507291 0.742325 0.506523 0.741228 0.506523 0.739035 0.504988 0.737939 0.504988 0.736842 0.504221 0.735746 0.504221 0.734649 0.503454 0.732456 0.503454 0.73136 0.502686
0 0.276316 0.502686 0.274123 0.504221 0.274123 0.504988 0.275219 0.505756 0.275219 0.506523 0.276316 0.506523 0.277412 0.507291 0.281798 0.507291 0.283991 0.505756 0.283991 0.504988 0.281798 0.503454 0.280702 0.503454 0.279605 0.502686
0 0.702851 0.501919 0.701754 0.502686 0.701754 0.503454 0.702851 0.504221 0.70614 0.504221 0.70614 0.502686 0.705044 0.502686 0.703947 0.501919
0 0.229167 0.497314 0.22807 0.498081 0.229167 0.498081 0.230263 0.497314 0.23136 0.497314
0 0.16557 0.495012 0.16557 0.497314 0.166667 0.498081 0.169956 0.498081 0.169956 0.495779 0.16886 0.495012
0 0.241228 0.491942 0.241228 0.492709 0.242325 0.492709 0.242325 0.491942
0 0.212719 0.487337 0.211623 0.488104 0.211623 0.489639 0.212719 0.489639 0.213816 0.490407 0.216009 0.490407 0.218202 0.491942 0.219298 0.491942 0.220395 0.492709 0.220395 0.493477 0.218202 0.495012 0.218202 0.495779 0.219298 0.495779 0.221491 0.494244 0.221491 0.491942 0.216009 0.488104 0.213816 0.488104
0 0.148026 0.478127 0.149123 0.478895 0.149123 0.478127
0 0.213816 0.465081 0.211623 0.466616 0.210526 0.466616 0.210526 0.46815 0.213816 0.46815 0.216009 0.466616 0.216009 0.465848 0.214912 0.465081
0 0.661184 0.454336 0.657895 0.456639 0.657895 0.457406 0.656798 0.458173 0.656798 0.458941 0.657895 0.459708 0.656798 0.460476 0.656798 0.463546 0.658991 0.465081 0.656798 0.466616 0.655702 0.466616 0.655702 0.467383 0.656798 0.46815 0.656798 0.469685 0.655702 0.470453 0.652412 0.470453 0.649123 0.472755 0.649123 0.47429 0.652412 0.476592 0.656798 0.476592 0.657895 0.475825 0.658991 0.475825 0.660088 0.475058 0.661184 0.475058 0.664474 0.472755 0.66557 0.472755 0.666667 0.471988 0.666667 0.470453 0.66557 0.469685 0.66557 0.46815 0.667763 0.466616 0.667763 0.465081 0.66886 0.464313 0.66886 0.463546 0.669956 0.462778 0.669956 0.457406 0.66886 0.456639 0.66886 0.455871 0.667763 0.455104 0.666667 0.455104 0.66557 0.454336
0 0.726974 0.448196 0.726974 0.448964 0.72807 0.448964 0.729167 0.449731 0.732456 0.449731 0.733553 0.450499 0.740132 0.450499 0.741228 0.451266 0.744518 0.451266 0.743421 0.450499 0.736842 0.450499 0.735746 0.449731 0.73136 0.449731 0.730263 0.448964 0.72807 0.448964
0 0.696272 0.448196 0.695175 0.448964 0.696272 0.449731 0.697368 0.449731 0.698465 0.448964 0.700658 0.448964 0.700658 0.448196
0 0.189693 0.445127 0.190789 0.445894 0.191886 0.445894 0.191886 0.445127
0 0.308114 0.433615 0.305921 0.43515 0.305921 0.435917 0.304825 0.436685 0.304825 0.437452 0.303728 0.438219 0.303728 0.452034 0.304825 0.452801 0.304825 0.458941 0.305921 0.459708 0.305921 0.462011 0.307018 0.462778 0.307018 0.464313 0.308114 0.465081 0.308114 0.465848 0.309211 0.466616 0.309211 0.467383 0.313596 0.470453 0.315789 0.470453 0.317982 0.468918 0.319079 0.468918 0.319079 0.46815 0.321272 0.466616 0.322368 0.466616 0.322368 0.465081 0.323465 0.464313 0.323465 0.463546 0.322368 0.462778 0.323465 0.462011 0.323465 0.452801 0.322368 0.452034 0.322368 0.450499 0.321272 0.449731 0.321272 0.448196 0.320175 0.447429 0.320175 0.443592 0.319079 0.442824 0.319079 0.441289 0.317982 0.440522 0.317982 0.439754 0.316886 0.438987 0.316886 0.438219 0.315789 0.437452 0.315789 0.436685 0.313596 0.43515 0.313596 0.434382 0.3125 0.433615
0 0.156798 0.43208 0.156798 0.433615 0.160088 0.435917 0.161184 0.435917 0.161184 0.43515
0 0.672149 0.429777 0.671053 0.430545 0.671053 0.431312 0.669956 0.43208 0.669956 0.43515 0.671053 0.435917 0.672149 0.435917 0.673246 0.436685 0.674342 0.436685 0.675439 0.437452 0.676535 0.437452 0.677632 0.438219 0.685307 0.438219 0.686404 0.438987 0.689693 0.438987 0.690789 0.438219 0.690789 0.437452 0.691886 0.436685 0.691886 0.43515 0.688596 0.432847 0.688596 0.43208 0.6875 0.431312 0.686404 0.431312 0.685307 0.430545 0.678728 0.430545 0.677632 0.429777
0 0.735746 0.412893 0.736842 0.413661 0.737939 0.413661 0.737939 0.412893
0 0.707237 0.412893 0.707237 0.413661 0.708333 0.414428 0.70943 0.414428 0.70943 0.413661 0.708333 0.412893
0 0.26864 0.412893 0.26864 0.413661 0.269737 0.414428 0.269737 0.415196 0.27193 0.415196 0.273026 0.415963 0.274123 0.415196 0.273026 0.414428 0.270833 0.414428
0 0.718202 0.399847 0.717105 0.400614 0.717105 0.401381 0.718202 0.402149 0.719298 0.402149 0.720395 0.401381 0.720395 0.399847
0 0.708333 0.396009 0.705044 0.398312 0.705044 0.399079 0.703947 0.399847 0.703947 0.400614 0.702851 0.401381 0.702851 0.402149 0.701754 0.402916 0.701754 0.405219 0.702851 0.405986 0.703947 0.405986 0.705044 0.405219 0.70614 0.405219 0.70943 0.402916 0.70943 0.402149 0.710526 0.401381 0.710526 0.400614 0.711623 0.399847 0.711623 0.396777 0.710526 0.396009
0 0.730263 0.3868 0.730263 0.388335 0.73136 0.388335 0.73136 0.387567
0 0.536184 0.37452 0.536184 0.376055 0.537281 0.376823 0.537281 0.379893 0.538377 0.38066 0.538377 0.387567 0.539474 0.388335 0.539474 0.38987 0.538377 0.390637 0.538377 0.391404 0.539474 0.392172 0.539474 0.392939 0.54057 0.393707 0.542763 0.393707 0.54386 0.394474 0.547149 0.392172 0.547149 0.390637 0.548246 0.38987 0.548246 0.389102 0.550439 0.387567 0.550439 0.386032 0.549342 0.385265 0.549342 0.38373 0.548246 0.382962 0.548246 0.381427 0.547149 0.38066 0.547149 0.379893 0.54386 0.37759 0.542763 0.37759 0.541667 0.376823 0.54057 0.376823 0.537281 0.37452
0 0.225877 0.353031 0.225877 0.353799 0.22807 0.353799 0.229167 0.354566 0.23136 0.354566 0.230263 0.353799 0.229167 0.353799 0.22807 0.353031
0 0.714912 0.333078 0.714912 0.333845 0.713816 0.334612 0.713816 0.336915 0.714912 0.336915 0.716009 0.337682 0.717105 0.337682 0.718202 0.336915 0.718202 0.333845 0.717105 0.333078
0 0.755482 0.315426 0.754386 0.316193 0.754386 0.316961 0.753289 0.317728 0.754386 0.317728 0.756579 0.316193 0.765351 0.316193 0.765351 0.315426 0.759868 0.315426 0.758772 0.316193 0.756579 0.316193
0 0.307018 0.303914 0.305921 0.304682 0.305921 0.305449 0.307018 0.306216 0.308114 0.306216 0.309211 0.305449 0.309211 0.304682 0.308114 0.303914
0 0.300439 0.297774 0.298246 0.299309 0.298246 0.302379 0.299342 0.303147 0.301535 0.303147 0.304825 0.300844 0.304825 0.299309 0.303728 0.298542 0.302632 0.298542 0.301535 0.297774
0 0.291667 0.297007 0.291667 0.298542 0.292763 0.298542 0.292763 0.297007
0 0.700658 0.296239 0.699561 0.297007 0.699561 0.300077 0.700658 0.300844 0.703947 0.300844 0.703947 0.298542
0 0.585526 0.292402 0.583333 0.293937 0.583333 0.295472 0.582237 0.296239 0.582237 0.298542 0.58114 0.299309 0.58114 0.300844 0.580044 0.301612 0.580044 0.302379 0.578947 0.303147 0.578947 0.305449 0.576754 0.306984 0.576754 0.308519 0.577851 0.309286 0.576754 0.310054 0.576754 0.310821 0.577851 0.311589 0.577851 0.312356 0.576754 0.313124 0.576754 0.314658 0.575658 0.315426 0.575658 0.316193 0.574561 0.316961 0.574561 0.323101 0.573465 0.323868 0.573465 0.324635 0.574561 0.325403 0.574561 0.32617 0.573465 0.326938 0.573465 0.327705 0.571272 0.32924 0.573465 0.327705 0.573465 0.326938 0.574561 0.32617 0.574561 0.319263 0.576754 0.317728 0.576754 0.315426 0.577851 0.314658 0.577851 0.313124 0.578947 0.312356 0.578947 0.310054 0.580044 0.309286 0.580044 0.308519 0.582237 0.306984 0.582237 0.305449 0.583333 0.304682 0.583333 0.301612 0.58443 0.300844 0.58443 0.297774 0.586623 0.296239 0.587719 0.297007 0.591009 0.294705 0.588816 0.29317 0.588816 0.292402
0 0.719298 0.28396 0.718202 0.284728 0.718202 0.28703 0.718202 0.286262 0.719298 0.285495
0 0.599781 0.28089 0.597588 0.282425 0.597588 0.283193 0.598684 0.28396 0.599781 0.283193 0.599781 0.281658 0.600877 0.28089
0 0.626096 0.262471 0.625 0.263239 0.623904 0.263239 0.621711 0.264774 0.621711 0.265541 0.620614 0.266309 0.621711 0.265541 0.622807 0.265541 0.623904 0.266309 0.622807 0.267076 0.622807 0.267843 0.623904 0.268611 0.622807 0.269378 0.621711 0.269378 0.619518 0.267843 0.618421 0.267843 0.618421 0.268611 0.616228 0.270146 0.616228 0.271681 0.615132 0.272448 0.616228 0.273216 0.618421 0.273216 0.619518 0.272448 0.620614 0.272448 0.622807 0.270913 0.622807 0.270146 0.625 0.268611 0.625 0.267843 0.626096 0.267076 0.626096 0.265541 0.627193 0.264774 0.627193 0.262471
0 0.289474 0.262471 0.289474 0.264006 0.29057 0.264774 0.29057 0.266309 0.292763 0.267843 0.292763 0.268611 0.29386 0.269378 0.294956 0.269378 0.296053 0.270146 0.296053 0.268611 0.294956 0.267843 0.294956 0.267076 0.29386 0.266309 0.29386 0.265541 0.292763 0.264774 0.292763 0.264006 0.291667 0.263239 0.29057 0.263239
0 0.320175 0.260169 0.319079 0.260936 0.317982 0.260936 0.316886 0.261704 0.315789 0.261704 0.313596 0.263239 0.313596 0.264006 0.311404 0.265541 0.311404 0.268611 0.3125 0.268611 0.315789 0.270913 0.319079 0.270913 0.319079 0.270146 0.320175 0.269378 0.319079 0.268611 0.319079 0.266309 0.321272 0.264774 0.322368 0.264774 0.324561 0.263239 0.324561 0.260936 0.323465 0.260169
0 0.277412 0.254029 0.277412 0.255564 0.278509 0.255564 0.278509 0.254797
0 0.323465 0.24175 0.322368 0.242517 0.321272 0.242517 0.321272 0.24482 0.322368 0.245587 0.323465 0.245587 0.326754 0.247889 0.328947 0.247889 0.328947 0.245587 0.327851 0.24482 0.327851 0.244052 0.325658 0.242517 0.324561 0.242517
0 0.267544 0.237913 0.267544 0.239447 0.26864 0.240215 0.26864 0.240982 0.269737 0.24175 0.269737 0.242517 0.270833 0.243285 0.270833 0.248657 0.275219 0.251727 0.275219 0.250959 0.273026 0.249424 0.273026 0.248657 0.27193 0.247889 0.27193 0.24482 0.270833 0.244052 0.270833 0.242517 0.269737 0.24175 0.269737 0.240982 0.26864 0.240215 0.26864 0.237913
0 0.648026 0.23561 0.64693 0.236378 0.645833 0.236378 0.644737 0.237145 0.64364 0.237145 0.642544 0.237913 0.641447 0.237913 0.641447 0.23868 0.639254 0.240215 0.639254 0.240982 0.638158 0.24175 0.638158 0.243285 0.637061 0.244052 0.637061 0.248657 0.638158 0.249424 0.638158 0.250192 0.639254 0.250959 0.640351 0.250192 0.640351 0.249424 0.641447 0.248657 0.641447 0.244052 0.642544 0.243285 0.642544 0.242517 0.64364 0.24175 0.641447 0.24175 0.640351 0.240982 0.642544 0.239447 0.64364 0.239447 0.644737 0.240215 0.645833 0.240215 0.64693 0.239447 0.648026 0.239447 0.649123 0.23868 0.650219 0.23868 0.651316 0.237913 0.651316 0.236378 0.650219 0.23561
0 0.678728 0.230238 0.677632 0.231005 0.674342 0.231005 0.673246 0.231773 0.671053 0.231773 0.66886 0.233308 0.667763 0.233308 0.664474 0.23561 0.663377 0.23561 0.662281 0.236378 0.662281 0.237145 0.663377 0.237913 0.663377 0.23868 0.671053 0.233308 0.672149 0.233308 0.673246 0.23254 0.674342 0.23254 0.676535 0.231005 0.678728 0.231005
0 0.685307 0.226401 0.684211 0.227168 0.686404 0.227168 0.686404 0.226401
0 0.671053 0.222563 0.669956 0.223331 0.672149 0.223331 0.673246 0.222563
0 0.323465 0.222563 0.322368 0.223331 0.322368 0.224866 0.324561 0.224866 0.325658 0.224098 0.324561 0.223331 0.324561 0.222563
0 0.705044 0.220261 0.703947 0.221028 0.702851 0.221028 0.701754 0.221796 0.702851 0.221796 0.703947 0.222563 0.705044 0.221796 0.70614 0.221796 0.707237 0.221028 0.707237 0.220261
0 0.336623 0.219493 0.336623 0.221028 0.337719 0.221796 0.337719 0.219493
0 0.718202 0.217959 0.717105 0.218726 0.716009 0.218726 0.721491 0.218726 0.720395 0.217959
0 0.686404 0.197237 0.685307 0.198005 0.685307 0.198772 0.686404 0.19954 0.6875 0.19954 0.688596 0.198772 0.689693 0.198772 0.688596 0.198005 0.688596 0.197237
0 0.702851 0.18726 0.700658 0.188795 0.700658 0.189563 0.702851 0.189563 0.703947 0.188795 0.705044 0.188795 0.705044 0.188028 0.703947 0.18726
0 0.710526 0.182655 0.710526 0.18419 0.712719 0.182655
0 0.679825 0.180353 0.678728 0.18112 0.678728 0.181888 0.679825 0.181888 0.680921 0.18112 0.680921 0.180353
0 0.705044 0.171911 0.702851 0.173446 0.700658 0.173446 0.698465 0.174981 0.697368 0.174981 0.697368 0.176516 0.699561 0.176516 0.700658 0.175748 0.701754 0.175748 0.702851 0.174981 0.703947 0.174981 0.703947 0.173446 0.705044 0.172678 0.70614 0.172678
0 0.364035 0.169609 0.364035 0.170376 0.365132 0.171144 0.365132 0.171911 0.365132 0.169609
0 0.722588 0.151957 0.721491 0.152724 0.720395 0.152724 0.720395 0.153492 0.719298 0.154259 0.718202 0.154259 0.717105 0.155027 0.717105 0.155794 0.713816 0.158097 0.713816 0.158864 0.711623 0.160399 0.711623 0.161167 0.712719 0.161934 0.713816 0.161934 0.713816 0.161167 0.714912 0.160399 0.714912 0.159632 0.720395 0.155794 0.720395 0.155027 0.723684 0.152724 0.725877 0.152724 0.724781 0.152724 0.723684 0.151957
0 0.688596 0.149655 0.688596 0.15119 0.689693 0.150422
0 0.641447 0.104375 0.641447 0.105142 0.642544 0.105909 0.642544 0.107444 0.64364 0.108212 0.644737 0.108212 0.644737 0.106677 0.64364 0.105909 0.64364 0.105142 0.642544 0.104375
0 0.680921 0.101305 0.680921 0.103607 0.682018 0.103607 0.682018 0.102072
0 0.620614 0.0974674 0.620614 0.100537 0.621711 0.101305 0.623904 0.101305 0.623904 0.100537 0.625 0.0997698 0.625 0.0990023 0.622807 0.0974674
0 0.509868 0.0959325 0.509868 0.0990023 0.509868 0.0974674 0.510965 0.0966999 0.510965 0.0959325
