0 0.349781 0.81581 0.349781 0.816577 0.350877 0.816577
0 0.399123 0.791251 0.399123 0.792786 0.400219 0.792786 0.400219 0.791251
0 0.41886 0.790483 0.41886 0.791251 0.419956 0.791251
0 0.475877 0.785879 0.475877 0.789716 0.476974 0.790483 0.476974 0.786646
0 0.504386 0.784344 0.504386 0.785879 0.505482 0.786646 0.505482 0.787414 0.505482 0.785111
0 0.372807 0.756715 0.372807 0.757483 0.371711 0.75825 0.371711 0.759785 0.370614 0.760553 0.371711 0.76132 0.372807 0.760553 0.372807 0.759785 0.371711 0.759018 0.371711 0.75825 0.372807 0.757483
0 0.475877 0.75518 0.475877 0.756715 0.476974 0.757483 0.476974 0.755948
0 0.513158 0.741366 0.512061 0.742134 0.512061 0.743668 0.513158 0.743668 0.514254 0.742901 0.513158 0.742134
0 0.387061 0.741366 0.385965 0.742134 0.384868 0.742134 0.384868 0.742901 0.383772 0.743668 0.383772 0.744436 0.381579 0.745971 0.381579 0.746738 0.380482 0.747506 0.380482 0.749041 0.381579 0.748273 0.381579 0.747506 0.382675 0.746738 0.383772 0.746738 0.383772 0.745971 0.384868 0.745203 0.384868 0.744436 0.387061 0.742901
0 0.141447 0.740599 0.140351 0.741366 0.140351 0.744436 0.139254 0.745203 0.139254 0.748273 0.139254 0.745971 0.140351 0.745203 0.140351 0.744436 0.141447 0.743668
0 0.141447 0.734459 0.140351 0.735226 0.140351 0.735994 0.141447 0.736761 0.142544 0.735994 0.142544 0.735226
0 0.435307 0.732157 0.435307 0.732924 0.434211 0.733691 0.434211 0.734459 0.436404 0.735994 0.436404 0.732924
0 0.151316 0.711435 0.151316 0.712203 0.152412 0.71297 0.152412 0.713738 0.151316 0.714505 0.151316 0.715272 0.153509 0.715272 0.154605 0.714505 0.154605 0.713738
0 0.112939 0.709133 0.112939 0.7099 0.111842 0.710668 0.111842 0.71297 0.111842 0.712203 0.112939 0.711435
0 0.394737 0.707598 0.394737 0.708365 0.395833 0.707598
0 0.405702 0.70683 0.405702 0.707598 0.406798 0.708365 0.405702 0.709133 0.401316 0.709133 0.400219 0.7099 0.399123 0.709133 0.399123 0.7099 0.401316 0.7099 0.402412 0.710668 0.403509 0.7099 0.405702 0.7099 0.406798 0.709133 0.406798 0.70683
0 0.164474 0.702226 0.163377 0.702993 0.164474 0.702993
0 0.387061 0.701458 0.389254 0.702993 0.391447 0.702993 0.391447 0.702226 0.390351 0.701458
0 0.114035 0.701458 0.114035 0.704528 0.114035 0.703761 0.115132 0.702993 0.114035 0.702226
0 0.413377 0.696086 0.412281 0.696853 0.412281 0.698388 0.413377 0.699156 0.41557 0.697621 0.41557 0.696853 0.414474 0.696086
0 0.118421 0.683039 0.117325 0.683807 0.117325 0.686109 0.118421 0.686109 0.119518 0.685342 0.119518 0.683039
0 0.504386 0.680737 0.503289 0.681504 0.503289 0.682272 0.504386 0.683039 0.506579 0.683039 0.506579 0.682272 0.507675 0.681504 0.506579 0.680737
0 0.631579 0.67383 0.631579 0.674597 0.632675 0.675365 0.633772 0.675365 0.633772 0.67383
0 0.435307 0.673062 0.434211 0.67383 0.433114 0.67383 0.433114 0.674597 0.432018 0.675365 0.432018 0.676132 0.430921 0.676899 0.430921 0.677667 0.429825 0.678434 0.429825 0.679202 0.428728 0.679969 0.428728 0.682272 0.427632 0.683039 0.428728 0.683807 0.428728 0.684574 0.429825 0.683807 0.432018 0.683807 0.434211 0.682272 0.434211 0.681504 0.4375 0.679202 0.4375 0.676899 0.438596 0.676132 0.4375 0.675365 0.4375 0.674597
0 0.470395 0.672295 0.469298 0.673062 0.468202 0.673062 0.464912 0.675365 0.464912 0.676132 0.463816 0.676899 0.463816 0.677667 0.462719 0.678434 0.462719 0.682272 0.461623 0.683039 0.461623 0.683807 0.462719 0.684574 0.461623 0.685342 0.461623 0.688411 0.462719 0.689179 0.462719 0.691481 0.463816 0.692249 0.463816 0.693784 0.464912 0.693784 0.466009 0.694551 0.469298 0.694551 0.470395 0.693784 0.475877 0.693784 0.482456 0.698388 0.484649 0.698388 0.485746 0.699156 0.487939 0.699156 0.489035 0.698388 0.491228 0.698388 0.493421 0.696853 0.495614 0.696853 0.495614 0.695318 0.496711 0.694551 0.496711 0.691481 0.495614 0.690714 0.495614 0.688411 0.494518 0.687644 0.492325 0.687644 0.491228 0.688411 0.491228 0.690714 0.489035 0.692249 0.489035 0.693016 0.486842 0.694551 0.485746 0.694551 0.484649 0.693784 0.483553 0.693784 0.482456 0.693016 0.482456 0.692249 0.480263 0.690714 0.480263 0.686109 0.48136 0.685342 0.480263 0.684574 0.480263 0.677667 0.479167 0.676899 0.479167 0.676132 0.47807 0.675365 0.47807 0.674597 0.475877 0.673062 0.475877 0.672295
0 0.505482 0.66769 0.504386 0.668457 0.501096 0.668457 0.5 0.669225 0.498904 0.669225 0.497807 0.669992 0.497807 0.67076 0.5 0.672295 0.5 0.673062 0.501096 0.67383 0.512061 0.67383 0.513158 0.673062 0.515351 0.673062 0.516447 0.672295 0.517544 0.672295 0.51864 0.671527 0.51864 0.668457 0.516447 0.668457 0.515351 0.66769 0.510965 0.66769 0.508772 0.669225 0.507675 0.669225
0 0.358553 0.660783 0.358553 0.66155 0.35636 0.663085 0.35636 0.666155 0.355263 0.666922 0.355263 0.669992 0.35636 0.67076 0.35636 0.672295 0.357456 0.673062 0.357456 0.67076 0.358553 0.669992 0.358553 0.668457 0.359649 0.66769 0.359649 0.660783
0 0.0866228 0.654643 0.0855263 0.655411 0.0866228 0.656178
0 0.498904 0.649271 0.497807 0.650038 0.497807 0.650806 0.496711 0.651573 0.496711 0.653108 0.495614 0.653876 0.496711 0.654643 0.497807 0.654643 0.501096 0.656946 0.502193 0.656946 0.502193 0.650038 0.501096 0.649271
0 0.164474 0.642364 0.164474 0.643131 0.16557 0.643899 0.166667 0.643131 0.16557 0.642364
0 0.134868 0.639294 0.134868 0.641596 0.138158 0.641596 0.138158 0.639294
0 0.184211 0.636224 0.185307 0.636992 0.185307 0.636224
0 0.0899123 0.633922 0.0888158 0.634689 0.0910088 0.634689
0 0.139254 0.624712 0.138158 0.62548 0.139254 0.626247 0.139254 0.627015 0.140351 0.627015 0.140351 0.626247 0.141447 0.62548 0.140351 0.624712
0 0.280702 0.623177 0.279605 0.623945 0.279605 0.624712 0.280702 0.624712 0.281798 0.623945
0 0.711623 0.621642 0.713816 0.623177 0.713816 0.62241 0.712719 0.621642
0 0.288377 0.620875 0.287281 0.621642 0.287281 0.62241 0.289474 0.62241 0.289474 0.620875
0 0.300439 0.612433 0.300439 0.6132 0.298246 0.614735 0.298246 0.615503 0.296053 0.617038 0.296053 0.617805 0.294956 0.618573 0.294956 0.61934 0.296053 0.61934 0.296053 0.618573 0.299342 0.61627 0.299342 0.615503 0.300439 0.614735 0.300439 0.613968 0.301535 0.6132 0.301535 0.612433
0 0.660088 0.597851 0.658991 0.598619 0.660088 0.599386 0.661184 0.598619 0.661184 0.597851
0 0.64693 0.597851 0.64693 0.599386 0.648026 0.598619 0.648026 0.597851
0 0.652412 0.595549 0.652412 0.596316 0.653509 0.597084 0.655702 0.597084 0.655702 0.596316 0.654605 0.595549
0 0.179825 0.594781 0.178728 0.595549 0.178728 0.596316 0.180921 0.597851 0.182018 0.597084 0.182018 0.595549 0.180921 0.594781
0 0.197368 0.594014 0.196272 0.594781 0.196272 0.597084 0.197368 0.597851 0.197368 0.598619 0.200658 0.598619 0.200658 0.596316 0.199561 0.595549 0.199561 0.594781 0.198465 0.594781
0 0.229167 0.592479 0.22807 0.593246 0.226974 0.593246 0.222588 0.596316 0.221491 0.596316 0.220395 0.597084 0.220395 0.600153 0.222588 0.600153 0.223684 0.599386 0.223684 0.598619 0.225877 0.597084 0.226974 0.597084 0.229167 0.595549 0.230263 0.595549 0.23136 0.594781 0.23136 0.593246 0.230263 0.592479
0 0.373904 0.591711 0.372807 0.592479 0.370614 0.592479 0.370614 0.593246 0.369518 0.594014 0.368421 0.594014 0.367325 0.594781 0.366228 0.594781 0.366228 0.596316 0.365132 0.597084 0.365132 0.599386 0.359649 0.603223 0.359649 0.603991 0.354167 0.607828 0.354167 0.608596 0.350877 0.610898 0.349781 0.610898 0.348684 0.611665 0.347588 0.611665 0.345395 0.6132 0.345395 0.613968 0.344298 0.614735 0.344298 0.615503 0.341009 0.617805 0.341009 0.618573 0.339912 0.61934 0.339912 0.620107 0.337719 0.621642 0.336623 0.621642 0.336623 0.623177 0.335526 0.623945 0.335526 0.624712 0.33443 0.62548 0.33443 0.627015 0.333333 0.627782 0.333333 0.62855 0.332237 0.629317 0.332237 0.630084 0.330044 0.631619 0.330044 0.633154 0.326754 0.635457 0.326754 0.636224 0.323465 0.638526 0.323465 0.639294 0.319079 0.642364 0.319079 0.643131 0.315789 0.645434 0.315789 0.646201 0.311404 0.649271 0.311404 0.650038 0.308114 0.652341 0.308114 0.653876 0.305921 0.655411 0.305921 0.656178 0.303728 0.657713 0.303728 0.65848 0.301535 0.660015 0.301535 0.660783 0.300439 0.66155 0.300439 0.662318 0.299342 0.663085 0.299342 0.665388 0.297149 0.666922 0.297149 0.66769 0.296053 0.668457 0.296053 0.669225 0.29386 0.67076 0.29386 0.672295 0.292763 0.673062 0.292763 0.67383 0.291667 0.674597 0.291667 0.675365 0.29057 0.676132 0.29057 0.676899 0.289474 0.677667 0.289474 0.678434 0.288377 0.679202 0.288377 0.679969 0.287281 0.680737 0.287281 0.681504 0.286184 0.682272 0.286184 0.683039 0.285088 0.683807 0.285088 0.685342 0.283991 0.686109 0.283991 0.688411 0.282895 0.689179 0.282895 0.690714 0.281798 0.691481 0.282895 0.692249 0.282895 0.693784 0.283991 0.694551 0.283991 0.696853 0.285088 0.697621 0.285088 0.698388 0.291667 0.698388 0.291667 0.697621 0.294956 0.695318 0.297149 0.695318 0.297149 0.694551 0.298246 0.693784 0.298246 0.693016 0.300439 0.691481 0.301535 0.691481 0.302632 0.690714 0.302632 0.689946 0.311404 0.683807 0.3125 0.683807 0.313596 0.683039 0.314693 0.683039 0.319079 0.679969 0.320175 0.679969 0.323465 0.677667 0.324561 0.677667 0.326754 0.676132 0.328947 0.676132 0.33114 0.674597 0.332237 0.674597 0.333333 0.67383 0.333333 0.673062 0.337719 0.669992 0.337719 0.669225 0.338816 0.668457 0.338816 0.66769 0.341009 0.666155 0.341009 0.665388 0.342105 0.66462 0.342105 0.663085 0.345395 0.660783 0.345395 0.659248 0.346491 0.65848 0.347588 0.65848 0.348684 0.657713 0.348684 0.656946 0.349781 0.656178 0.349781 0.655411 0.35307 0.653108 0.35307 0.652341 0.354167 0.651573 0.354167 0.650806 0.355263 0.650038 0.35636 0.650038 0.359649 0.647736 0.359649 0.646969 0.360746 0.646201 0.360746 0.645434 0.362939 0.643899 0.364035 0.643899 0.365132 0.643131 0.365132 0.642364 0.366228 0.641596 0.366228 0.640829 0.369518 0.638526 0.369518 0.637759 0.372807 0.635457 0.372807 0.630084 0.373904 0.629317 0.373904 0.627015 0.375 0.626247 0.375 0.62548 0.376096 0.624712 0.376096 0.623945 0.377193 0.623177 0.377193 0.62241 0.378289 0.621642 0.378289 0.620875 0.379386 0.620107 0.379386 0.61934 0.380482 0.618573 0.380482 0.617038 0.381579 0.61627 0.381579 0.614735 0.382675 0.613968 0.382675 0.605526 0.381579 0.604758 0.381579 0.595549 0.379386 0.594014 0.379386 0.593246 0.378289 0.592479 0.376096 0.592479 0.375 0.591711
0 0.597588 0.589409 0.595395 0.590944 0.598684 0.590944 0.598684 0.589409
0 0.154605 0.587107 0.153509 0.587874 0.152412 0.587874 0.151316 0.588642 0.150219 0.588642 0.148026 0.590177 0.148026 0.592479 0.149123 0.593246 0.156798 0.593246 0.157895 0.592479 0.163377 0.592479 0.163377 0.591711 0.164474 0.590944 0.163377 0.590177 0.163377 0.588642 0.161184 0.587107
0 0.660088 0.580967 0.658991 0.581734 0.657895 0.581734 0.657895 0.582502 0.658991 0.583269 0.658991 0.584037 0.663377 0.584037 0.664474 0.583269 0.662281 0.581734 0.661184 0.581734
0 0.177632 0.579432 0.176535 0.5802 0.174342 0.5802 0.173246 0.580967 0.173246 0.581734 0.169956 0.584037 0.169956 0.586339 0.171053 0.587107 0.172149 0.587107 0.173246 0.587874 0.175439 0.586339 0.177632 0.586339 0.178728 0.585572 0.182018 0.585572 0.182018 0.584804 0.184211 0.583269 0.184211 0.582502 0.185307 0.581734 0.185307 0.580967 0.183114 0.579432
0 0.60307 0.57713 0.601974 0.577897 0.595395 0.577897 0.594298 0.578665 0.595395 0.579432 0.596491 0.578665 0.60307 0.578665 0.604167 0.579432 0.605263 0.579432 0.60636 0.5802 0.607456 0.5802 0.608553 0.580967 0.609649 0.580967 0.611842 0.582502 0.616228 0.582502 0.618421 0.580967 0.618421 0.5802 0.617325 0.579432 0.616228 0.579432 0.615132 0.578665 0.614035 0.578665 0.611842 0.57713
0 0.515351 0.573292 0.514254 0.57406 0.514254 0.574827 0.515351 0.575595 0.515351 0.577897 0.516447 0.578665 0.516447 0.581734 0.517544 0.582502 0.517544 0.585572 0.51864 0.586339 0.51864 0.587874 0.519737 0.588642 0.519737 0.590177 0.520833 0.590944 0.520833 0.593246 0.52193 0.594014 0.52193 0.594781 0.524123 0.596316 0.524123 0.597851 0.525219 0.598619 0.525219 0.600921 0.526316 0.600921 0.526316 0.597851 0.525219 0.597084 0.525219 0.594781 0.524123 0.594014 0.524123 0.585572 0.523026 0.584804 0.523026 0.579432 0.52193 0.578665 0.52193 0.57713 0.520833 0.576362 0.520833 0.575595 0.519737 0.574827 0.519737 0.573292
0 0.559211 0.572525 0.558114 0.573292 0.557018 0.573292 0.555921 0.57406 0.555921 0.574827 0.558114 0.576362 0.559211 0.576362 0.560307 0.57713 0.567982 0.57713 0.570175 0.575595 0.570175 0.574827 0.567982 0.573292 0.5625 0.573292 0.561404 0.572525
0 0.135965 0.558711 0.135965 0.560246 0.138158 0.560246 0.138158 0.558711
0 0.0855263 0.549501 0.0844298 0.550269 0.0855263 0.551036 0.0866228 0.550269
0 0.319079 0.541059 0.317982 0.541827 0.319079 0.542594 0.320175 0.541827
0 0.364035 0.538757 0.361842 0.540292 0.361842 0.544129 0.362939 0.544896 0.365132 0.544896 0.366228 0.544129 0.367325 0.544129 0.368421 0.543361 0.368421 0.540292 0.366228 0.538757
0 0.294956 0.535687 0.294956 0.537222 0.296053 0.537222 0.296053 0.535687
0 0.309211 0.52878 0.309211 0.531082 0.311404 0.531082 0.311404 0.52878
0 0.244518 0.52878 0.242325 0.530315 0.244518 0.53185 0.246711 0.53185 0.246711 0.529547 0.245614 0.52878
0 0.277412 0.524175 0.275219 0.52571 0.275219 0.526477 0.277412 0.528012 0.279605 0.528012 0.281798 0.526477 0.281798 0.524942 0.280702 0.524175
0 0.769737 0.518803 0.77193 0.520338 0.775219 0.520338 0.774123 0.51957 0.773026 0.51957 0.77193 0.518803
0 0.223684 0.518803 0.221491 0.520338 0.223684 0.520338 0.224781 0.51957 0.224781 0.518803
0 0.75 0.512663 0.75 0.513431 0.751096 0.514198 0.754386 0.514198 0.754386 0.513431 0.753289 0.513431 0.752193 0.512663
0 0.260965 0.507291 0.258772 0.508826 0.260965 0.510361 0.263158 0.510361 0.263158 0.508058 0.262061 0.507291
0 0.713816 0.503454 0.714912 0.504221 0.716009 0.504221 0.714912 0.503454
0 0.282895 0.503454 0.281798 0.504221 0.279605 0.504221 0.278509 0.504988 0.278509 0.506523 0.281798 0.508826 0.286184 0.508826 0.288377 0.507291 0.288377 0.505756 0.286184 0.504221 0.285088 0.504221 0.283991 0.503454
0 0.172149 0.488104 0.171053 0.488872 0.171053 0.489639 0.167763 0.491942 0.167763 0.495012 0.16886 0.495779 0.171053 0.495779 0.171053 0.495012 0.172149 0.494244 0.172149 0.492709 0.174342 0.491174 0.174342 0.488104
0 0.140351 0.482732 0.139254 0.4835 0.139254 0.484267 0.141447 0.484267 0.141447 0.4835
0 0.211623 0.476592 0.211623 0.47736 0.210526 0.478127 0.210526 0.48043 0.20943 0.481197 0.20943 0.482732 0.210526 0.4835 0.210526 0.484267 0.211623 0.484267 0.212719 0.4835 0.212719 0.476592
0 0.203947 0.466616 0.202851 0.467383 0.201754 0.467383 0.200658 0.46815 0.200658 0.469685 0.199561 0.470453 0.199561 0.47122 0.200658 0.471988 0.199561 0.472755 0.198465 0.472755 0.195175 0.470453 0.194079 0.470453 0.192982 0.469685 0.188596 0.469685 0.1875 0.468918 0.174342 0.468918 0.171053 0.47122 0.171053 0.473523 0.172149 0.47429 0.174342 0.47429 0.175439 0.473523 0.175439 0.472755 0.176535 0.471988 0.177632 0.471988 0.178728 0.472755 0.179825 0.472755 0.180921 0.471988 0.182018 0.471988 0.183114 0.472755 0.1875 0.472755 0.188596 0.473523 0.189693 0.473523 0.190789 0.47429 0.194079 0.47429 0.195175 0.475058 0.197368 0.475058 0.198465 0.47429 0.199561 0.47429 0.200658 0.473523 0.202851 0.473523 0.203947 0.472755 0.205044 0.472755 0.20614 0.471988 0.207237 0.471988 0.20943 0.470453 0.20943 0.469685 0.208333 0.468918 0.208333 0.46815 0.207237 0.467383 0.20614 0.467383 0.205044 0.466616
0 0.195175 0.449731 0.194079 0.450499 0.195175 0.451266 0.195175 0.452034 0.196272 0.452801 0.198465 0.452801 0.198465 0.451266 0.196272 0.449731
0 0.314693 0.448964 0.313596 0.449731 0.3125 0.449731 0.309211 0.452034 0.309211 0.453569 0.308114 0.454336 0.308114 0.455104 0.307018 0.455871 0.307018 0.461243 0.305921 0.462011 0.305921 0.465081 0.307018 0.465848 0.307018 0.469685 0.308114 0.470453 0.308114 0.473523 0.309211 0.47429 0.309211 0.475058 0.310307 0.475825 0.310307 0.476592 0.314693 0.479662 0.315789 0.479662 0.316886 0.48043 0.319079 0.48043 0.320175 0.481197 0.326754 0.481197 0.326754 0.48043 0.327851 0.479662 0.327851 0.472755 0.326754 0.471988 0.326754 0.47122 0.327851 0.470453 0.327851 0.469685 0.326754 0.468918 0.326754 0.465848 0.325658 0.465081 0.325658 0.463546 0.324561 0.462778 0.324561 0.461243 0.323465 0.460476 0.323465 0.456639 0.322368 0.455871 0.322368 0.453569 0.321272 0.452801 0.321272 0.452034 0.320175 0.451266 0.320175 0.450499 0.319079 0.449731 0.319079 0.448964
0 0.677632 0.427475 0.677632 0.428243 0.676535 0.42901 0.676535 0.431312 0.677632 0.43208 0.677632 0.432847 0.678728 0.433615 0.679825 0.433615 0.680921 0.434382 0.683114 0.434382 0.684211 0.433615 0.684211 0.432847 0.685307 0.43208 0.685307 0.430545 0.684211 0.429777 0.684211 0.42901 0.682018 0.427475
0 0.700658 0.408289 0.699561 0.409056 0.694079 0.409056 0.692982 0.409823 0.691886 0.409823 0.690789 0.410591 0.689693 0.410591 0.689693 0.411358 0.6875 0.412893 0.6875 0.415963 0.686404 0.416731 0.686404 0.423638 0.6875 0.423638 0.688596 0.42287 0.689693 0.42287 0.691886 0.421335 0.691886 0.420568 0.692982 0.4198 0.692982 0.414428 0.694079 0.413661 0.694079 0.412893 0.697368 0.410591 0.699561 0.410591 0.700658 0.409823
0 0.257675 0.402916 0.257675 0.405986 0.258772 0.406754 0.258772 0.408289 0.259868 0.408289 0.259868 0.405986 0.258772 0.405219 0.258772 0.403684
0 0.733553 0.388335 0.733553 0.389102 0.734649 0.389102 0.734649 0.388335
0 0.537281 0.379125 0.537281 0.379893 0.536184 0.38066 0.536184 0.385265 0.537281 0.386032 0.537281 0.396009 0.538377 0.396777 0.538377 0.399079 0.539474 0.399847 0.541667 0.399847 0.542763 0.399079 0.54386 0.399079 0.54386 0.398312 0.546053 0.396777 0.546053 0.396009 0.547149 0.395242 0.548246 0.395242 0.549342 0.394474 0.549342 0.391404 0.548246 0.390637 0.548246 0.389102 0.547149 0.388335 0.547149 0.386032 0.546053 0.385265 0.546053 0.384497 0.54386 0.382962 0.54386 0.382195 0.54057 0.379893 0.539474 0.379893 0.538377 0.379125
0 0.185307 0.369148 0.185307 0.369916 0.186404 0.370683 0.186404 0.37145 0.1875 0.37145 0.186404 0.370683 0.186404 0.369916
0 0.212719 0.354566 0.212719 0.355334 0.214912 0.355334 0.214912 0.354566
0 0.710526 0.33538 0.710526 0.336147 0.70943 0.336915 0.70943 0.33845 0.711623 0.339985 0.714912 0.339985 0.716009 0.339217 0.716009 0.336915 0.713816 0.33538
0 0.764254 0.330775 0.765351 0.331543 0.766447 0.330775 0.769737 0.330775
0 0.741228 0.321566 0.741228 0.322333 0.742325 0.322333
0 0.308114 0.303147 0.307018 0.303914 0.307018 0.304682 0.308114 0.305449 0.309211 0.305449 0.310307 0.304682 0.310307 0.303914 0.309211 0.303914
0 0.299342 0.303147 0.297149 0.304682 0.297149 0.309286 0.301535 0.309286 0.301535 0.308519 0.302632 0.307751 0.302632 0.304682 0.300439 0.303147
0 0.701754 0.299309 0.700658 0.300077 0.700658 0.301612 0.702851 0.303147 0.70614 0.303147 0.70614 0.300844 0.705044 0.300077 0.703947 0.300077 0.702851 0.299309
0 0.29386 0.296239 0.29386 0.297007 0.294956 0.297774 0.296053 0.297007 0.294956 0.296239
0 0.614035 0.267076 0.608553 0.270913 0.607456 0.270913 0.60636 0.271681 0.60636 0.273216 0.605263 0.273983 0.605263 0.275518 0.609649 0.272448 0.609649 0.271681 0.610746 0.270913 0.610746 0.270146 0.614035 0.267843
0 0.285088 0.266309 0.285088 0.267076 0.286184 0.267843 0.287281 0.267076 0.287281 0.266309
0 0.315789 0.264006 0.314693 0.264774 0.313596 0.264774 0.313596 0.266309 0.315789 0.266309 0.317982 0.264774 0.316886 0.264006
0 0.242325 0.250959 0.243421 0.250959 0.244518 0.251727 0.245614 0.251727 0.244518 0.250959
0 0.657895 0.234075 0.656798 0.234843 0.655702 0.234843 0.654605 0.23561 0.656798 0.237145 0.658991 0.237145 0.660088 0.237913 0.660088 0.23868 0.658991 0.239447 0.658991 0.240982 0.660088 0.24175 0.662281 0.24175 0.662281 0.23868 0.661184 0.237913 0.661184 0.236378
0 0.332237 0.217191 0.333333 0.217959 0.333333 0.220261 0.332237 0.221028 0.332237 0.221796 0.33114 0.222563 0.33114 0.224098 0.330044 0.224866 0.330044 0.225633 0.326754 0.227936 0.323465 0.227936 0.323465 0.228703 0.322368 0.22947 0.322368 0.23254 0.321272 0.233308 0.321272 0.234075 0.320175 0.234843 0.320175 0.236378 0.319079 0.237145 0.319079 0.239447 0.320175 0.240215 0.320175 0.24175 0.322368 0.243285 0.323465 0.242517 0.324561 0.242517 0.324561 0.239447 0.325658 0.23868 0.325658 0.234843 0.324561 0.234075 0.324561 0.23254 0.327851 0.230238 0.327851 0.22947 0.328947 0.228703 0.328947 0.227936 0.33114 0.226401 0.332237 0.226401 0.336623 0.223331 0.336623 0.222563 0.33443 0.221028 0.33443 0.220261 0.335526 0.219493 0.33443 0.218726 0.33443 0.217959 0.333333 0.217191
0 0.324561 0.213354 0.325658 0.214121 0.325658 0.213354
0 0.677632 0.201074 0.678728 0.201842 0.679825 0.201842 0.680921 0.201074
0 0.5 0.197237 0.498904 0.198005 0.498904 0.202609 0.5 0.201842 0.5 0.200307 0.501096 0.19954 0.501096 0.197237
0 0.6875 0.18112 0.685307 0.182655 0.684211 0.182655 0.683114 0.183423 0.682018 0.183423 0.677632 0.186493 0.676535 0.186493 0.675439 0.18726 0.675439 0.188028 0.674342 0.188795 0.673246 0.188795 0.672149 0.189563 0.669956 0.189563 0.667763 0.191097 0.667763 0.192632 0.66886 0.1934 0.671053 0.1934 0.672149 0.192632 0.673246 0.192632 0.676535 0.194935 0.676535 0.197237 0.677632 0.198005 0.678728 0.197237 0.678728 0.194167 0.675439 0.191865 0.675439 0.191097 0.676535 0.19033 0.676535 0.189563 0.683114 0.184958 0.684211 0.184958 0.685307 0.18419 0.686404 0.18419 0.6875 0.183423 0.688596 0.183423 0.689693 0.182655 0.689693 0.181888 0.688596 0.18112
0 0.375 0.155027 0.375 0.156562 0.377193 0.156562
0 0.688596 0.153492 0.6875 0.154259 0.686404 0.154259 0.686404 0.155027 0.685307 0.155794 0.686404 0.156562 0.6875 0.156562 0.6875 0.155027 0.688596 0.154259
0 0.676535 0.105142 0.675439 0.105909 0.674342 0.105909 0.673246 0.106677 0.672149 0.106677 0.672149 0.107444 0.671053 0.108212 0.671053 0.109747 0.672149 0.110514 0.674342 0.108979 0.675439 0.108979 0.678728 0.106677 0.679825 0.107444 0.680921 0.107444 0.680921 0.106677 0.678728 0.105142
0 0.640351 0.105142 0.640351 0.107444 0.641447 0.108212 0.641447 0.108979 0.642544 0.108979 0.642544 0.108212 0.641447 0.107444 0.641447 0.105909
0 0.577851 0.105142 0.577851 0.105909 0.578947 0.106677 0.578947 0.107444 0.580044 0.108212 0.580044 0.109747 0.58114 0.109747 0.58114 0.108212 0.580044 0.107444 0.580044 0.106677 0.578947 0.106677 0.577851 0.105909 0.578947 0.105142
0 0.504386 0.10284 0.505482 0.103607 0.505482 0.105142 0.505482 0.104375 0.506579 0.103607 0.505482 0.10284
0 0.627193 0.0974674 0.627193 0.0997698 0.628289 0.100537 0.628289 0.101305 0.629386 0.102072 0.629386 0.103607 0.631579 0.103607 0.632675 0.10284 0.632675 0.101305 0.628289 0.0982348 0.628289 0.0974674
0 0.591009 0.0836531 0.591009 0.0844206 0.589912 0.085188 0.591009 0.085188
0 0.586623 0.0721412 0.586623 0.0729087 0.587719 0.0736761 0.587719 0.0729087
