0 0.419956 0.801228 0.421053 0.801995 0.421053 0.801228
0 0.482456 0.798926 0.482456 0.80046 0.483553 0.80046 0.482456 0.799693
0 0.14693 0.771297 0.14693 0.772064 0.148026 0.772832 0.148026 0.772064
0 0.139254 0.769762 0.138158 0.77053 0.140351 0.77053 0.141447 0.769762
0 0.350877 0.762087 0.35307 0.763622 0.35307 0.762087
0 0.48136 0.76132 0.48136 0.762855 0.482456 0.763622 0.482456 0.762087
0 0.438596 0.742134 0.438596 0.744436 0.439693 0.745203 0.439693 0.745971 0.440789 0.745971 0.440789 0.745203 0.439693 0.744436 0.439693 0.742901
0 0.466009 0.731389 0.467105 0.732157 0.467105 0.731389
0 0.39364 0.715272 0.392544 0.71604 0.392544 0.716807 0.39364 0.717575
0 0.162281 0.7099 0.161184 0.710668 0.161184 0.71297 0.162281 0.71297 0.163377 0.712203 0.16557 0.712203 0.164474 0.711435 0.164474 0.7099
0 0.588816 0.708365 0.587719 0.709133 0.587719 0.711435 0.586623 0.712203 0.586623 0.71297 0.587719 0.713738 0.587719 0.7099 0.588816 0.709133
0 0.388158 0.707598 0.388158 0.709133 0.389254 0.709133 0.388158 0.708365
0 0.16557 0.705295 0.16557 0.706063 0.166667 0.70683 0.166667 0.706063
0 0.416667 0.694551 0.416667 0.695318 0.417763 0.696086 0.417763 0.694551
0 0.496711 0.686109 0.495614 0.686876 0.495614 0.690714 0.496711 0.691481 0.496711 0.692249 0.498904 0.692249 0.498904 0.691481 0.5 0.690714 0.5 0.689179 0.498904 0.688411 0.498904 0.687644 0.5 0.686876 0.5 0.686109
0 0.101974 0.684574 0.100877 0.685342 0.100877 0.686109 0.101974 0.685342 0.10307 0.685342 0.10307 0.684574
0 0.520833 0.681504 0.519737 0.682272 0.51864 0.682272 0.517544 0.683039 0.517544 0.683807 0.519737 0.685342 0.52193 0.685342 0.523026 0.684574 0.524123 0.684574 0.524123 0.682272 0.523026 0.682272 0.52193 0.681504
0 0.169956 0.679969 0.169956 0.681504 0.16886 0.682272 0.16886 0.683807 0.169956 0.683807 0.169956 0.683039 0.171053 0.682272 0.171053 0.679969
0 0.503289 0.679202 0.503289 0.681504 0.504386 0.682272 0.505482 0.682272 0.506579 0.681504 0.506579 0.679202
0 0.123904 0.677667 0.123904 0.679202 0.125 0.679969 0.126096 0.679202 0.126096 0.678434 0.125 0.677667
0 0.473684 0.674597 0.472588 0.675365 0.471491 0.675365 0.468202 0.677667 0.468202 0.679202 0.467105 0.679969 0.467105 0.680737 0.466009 0.681504 0.466009 0.683039 0.464912 0.683807 0.464912 0.689946 0.466009 0.690714 0.466009 0.693784 0.467105 0.694551 0.467105 0.695318 0.468202 0.696086 0.468202 0.696853 0.469298 0.696086 0.471491 0.697621 0.479167 0.697621 0.480263 0.696853 0.48136 0.696853 0.482456 0.696086 0.482456 0.679202 0.48136 0.678434 0.48136 0.677667 0.480263 0.676899 0.480263 0.675365 0.479167 0.675365 0.47807 0.674597
0 0.628289 0.67383 0.627193 0.674597 0.629386 0.676132 0.629386 0.674597
0 0.532895 0.67076 0.531798 0.671527 0.530702 0.671527 0.529605 0.672295 0.528509 0.672295 0.528509 0.673062 0.529605 0.673062 0.530702 0.67383 0.531798 0.67383 0.533991 0.675365 0.533991 0.676899 0.536184 0.678434 0.538377 0.678434 0.539474 0.679202 0.541667 0.679202 0.542763 0.678434 0.54386 0.678434 0.54386 0.676132 0.538377 0.672295 0.537281 0.672295 0.536184 0.671527 0.535088 0.671527 0.533991 0.67076
0 0.447368 0.666155 0.445175 0.66769 0.445175 0.668457 0.442982 0.669992 0.442982 0.671527 0.449561 0.671527 0.450658 0.67076 0.451754 0.67076 0.451754 0.669225 0.452851 0.668457 0.451754 0.66769 0.451754 0.666922 0.450658 0.666155
0 0.158991 0.651573 0.157895 0.652341 0.157895 0.653108 0.156798 0.653876 0.156798 0.655411 0.157895 0.655411 0.157895 0.653108 0.158991 0.652341
0 0.501096 0.650038 0.5 0.650806 0.498904 0.650806 0.498904 0.656178 0.503289 0.659248 0.505482 0.657713 0.505482 0.656946 0.506579 0.656178 0.506579 0.653108 0.505482 0.652341 0.505482 0.651573 0.504386 0.651573 0.503289 0.650806 0.502193 0.650806
0 0.122807 0.650038 0.121711 0.650806 0.119518 0.650806 0.118421 0.651573 0.121711 0.651573 0.122807 0.650806
0 0.0932018 0.650038 0.0921053 0.650806 0.0921053 0.651573 0.0932018 0.651573
0 0.184211 0.643131 0.183114 0.643899 0.184211 0.644666 0.185307 0.643899 0.185307 0.643131
0 0.144737 0.635457 0.142544 0.636992 0.142544 0.637759 0.14364 0.638526 0.145833 0.638526 0.14693 0.637759 0.14693 0.636224 0.145833 0.636224
0 0.226974 0.629317 0.223684 0.631619 0.224781 0.632387 0.225877 0.632387 0.226974 0.631619 0.226974 0.630852 0.22807 0.630084 0.22807 0.629317
0 0.140351 0.62548 0.140351 0.627015 0.141447 0.627015 0.142544 0.627782 0.14364 0.627015 0.14364 0.626247 0.142544 0.62548 0.141447 0.626247
0 0.33114 0.615503 0.330044 0.61627 0.33114 0.617038 0.332237 0.61627
0 0.688596 0.6132 0.688596 0.613968 0.692982 0.613968 0.691886 0.6132
0 0.144737 0.607061 0.144737 0.607828 0.145833 0.607828 0.145833 0.607061
0 0.305921 0.604758 0.304825 0.605526 0.305921 0.606293
0 0.371711 0.603991 0.370614 0.604758 0.369518 0.604758 0.369518 0.605526 0.368421 0.606293 0.366228 0.606293 0.366228 0.607828 0.364035 0.609363 0.361842 0.609363 0.359649 0.610898 0.359649 0.611665 0.357456 0.6132 0.35636 0.6132 0.354167 0.614735 0.354167 0.615503 0.351974 0.617038 0.351974 0.617805 0.343202 0.623945 0.343202 0.624712 0.342105 0.62548 0.342105 0.626247 0.341009 0.627015 0.341009 0.627782 0.339912 0.62855 0.339912 0.629317 0.338816 0.630084 0.338816 0.630852 0.337719 0.631619 0.337719 0.632387 0.33443 0.634689 0.33443 0.635457 0.33114 0.637759 0.33114 0.638526 0.328947 0.640061 0.328947 0.640829 0.323465 0.644666 0.323465 0.645434 0.321272 0.646969 0.321272 0.647736 0.313596 0.653108 0.313596 0.653876 0.304825 0.660015 0.304825 0.660783 0.301535 0.663085 0.301535 0.663853 0.299342 0.665388 0.299342 0.666155 0.296053 0.668457 0.296053 0.669225 0.294956 0.669992 0.294956 0.67076 0.29386 0.671527 0.29386 0.672295 0.291667 0.67383 0.291667 0.674597 0.29057 0.675365 0.29057 0.676132 0.287281 0.678434 0.287281 0.679202 0.286184 0.679969 0.286184 0.680737 0.285088 0.681504 0.285088 0.682272 0.283991 0.683039 0.283991 0.683807 0.282895 0.684574 0.282895 0.685342 0.281798 0.686109 0.281798 0.686876 0.278509 0.689179 0.278509 0.689946 0.277412 0.690714 0.277412 0.691481 0.276316 0.692249 0.276316 0.693784 0.275219 0.694551 0.275219 0.696086 0.274123 0.696853 0.274123 0.697621 0.273026 0.698388 0.273026 0.699156 0.27193 0.699923 0.27193 0.701458 0.270833 0.702226 0.270833 0.703761 0.269737 0.704528 0.269737 0.705295 0.26864 0.706063 0.26864 0.707598 0.267544 0.708365 0.267544 0.7099 0.266447 0.710668 0.266447 0.712203 0.265351 0.71297 0.265351 0.715272 0.264254 0.71604 0.264254 0.719877 0.263158 0.720645 0.263158 0.721412 0.262061 0.72218 0.262061 0.726784 0.260965 0.727552 0.260965 0.734459 0.263158 0.735994 0.263158 0.737529 0.264254 0.738296 0.264254 0.739064 0.265351 0.739831 0.265351 0.740599 0.266447 0.740599 0.266447 0.739064 0.267544 0.738296 0.26864 0.738296 0.269737 0.737529 0.270833 0.737529 0.270833 0.736761 0.273026 0.735226 0.274123 0.735226 0.274123 0.734459 0.276316 0.732924 0.276316 0.732157 0.277412 0.731389 0.277412 0.729854 0.278509 0.729087 0.279605 0.729087 0.280702 0.728319 0.280702 0.727552 0.281798 0.726784 0.281798 0.725249 0.285088 0.722947 0.285088 0.721412 0.286184 0.720645 0.287281 0.720645 0.287281 0.71911 0.292763 0.715272 0.292763 0.713738 0.29386 0.71297 0.29386 0.712203 0.297149 0.7099 0.298246 0.7099 0.298246 0.709133 0.300439 0.707598 0.300439 0.70683 0.302632 0.705295 0.302632 0.704528 0.303728 0.703761 0.303728 0.702993 0.304825 0.702226 0.305921 0.702226 0.307018 0.701458 0.307018 0.700691 0.311404 0.697621 0.311404 0.696853 0.315789 0.693784 0.315789 0.693016 0.316886 0.692249 0.316886 0.691481 0.319079 0.689946 0.320175 0.689946 0.320175 0.689179 0.323465 0.686876 0.323465 0.686109 0.324561 0.685342 0.325658 0.685342 0.326754 0.684574 0.326754 0.683807 0.327851 0.683039 0.327851 0.682272 0.33443 0.677667 0.335526 0.677667 0.337719 0.676132 0.338816 0.676132 0.341009 0.674597 0.342105 0.674597 0.345395 0.672295 0.346491 0.672295 0.347588 0.671527 0.350877 0.671527 0.35307 0.669992 0.355263 0.669992 0.357456 0.671527 0.359649 0.671527 0.359649 0.669225 0.360746 0.668457 0.360746 0.666155 0.359649 0.665388 0.359649 0.66462 0.35636 0.66462 0.355263 0.665388 0.354167 0.665388 0.35307 0.666155 0.351974 0.666155 0.348684 0.663853 0.348684 0.663085 0.349781 0.662318 0.349781 0.660783 0.350877 0.660015 0.350877 0.65848 0.351974 0.657713 0.351974 0.656946 0.355263 0.654643 0.355263 0.653876 0.359649 0.650806 0.360746 0.650806 0.364035 0.648503 0.364035 0.647736 0.365132 0.646969 0.365132 0.645434 0.366228 0.644666 0.366228 0.643899 0.367325 0.643131 0.367325 0.642364 0.368421 0.641596 0.368421 0.640061 0.369518 0.639294 0.369518 0.636992 0.370614 0.636224 0.370614 0.635457 0.373904 0.633154 0.373904 0.632387 0.375 0.631619 0.375 0.627015 0.376096 0.626247 0.376096 0.620875 0.377193 0.620107 0.377193 0.61934 0.376096 0.618573 0.376096 0.617805 0.377193 0.617038 0.377193 0.613968 0.379386 0.612433 0.379386 0.611665 0.380482 0.610898 0.380482 0.61013 0.381579 0.609363 0.384868 0.609363 0.384868 0.608596 0.383772 0.608596 0.382675 0.609363 0.381579 0.609363 0.379386 0.607828 0.379386 0.607061 0.377193 0.605526 0.376096 0.605526 0.375 0.604758 0.373904 0.604758 0.372807 0.603991
0 0.661184 0.601688 0.661184 0.603991 0.663377 0.605526 0.664474 0.605526 0.66557 0.606293 0.667763 0.606293 0.66886 0.605526 0.669956 0.606293 0.669956 0.607061 0.671053 0.607828 0.671053 0.608596 0.673246 0.61013 0.674342 0.609363 0.676535 0.609363 0.677632 0.61013 0.678728 0.61013 0.677632 0.609363 0.676535 0.609363 0.674342 0.607828 0.674342 0.607061 0.673246 0.607061 0.672149 0.606293 0.671053 0.606293 0.666667 0.603223 0.66557 0.603223 0.663377 0.601688
0 0.550439 0.600153 0.549342 0.600921 0.548246 0.600921 0.548246 0.601688 0.549342 0.602456 0.553728 0.602456 0.553728 0.600921 0.552632 0.600153
0 0.559211 0.599386 0.559211 0.601688 0.5625 0.603991 0.563596 0.603223 0.563596 0.602456
0 0.320175 0.597084 0.319079 0.597851 0.319079 0.600153 0.320175 0.600921 0.322368 0.600921 0.322368 0.597851 0.321272 0.597084
0 0.178728 0.597084 0.178728 0.598619 0.180921 0.600153 0.180921 0.599386 0.182018 0.598619 0.180921 0.597851 0.180921 0.597084
0 0.573465 0.594781 0.573465 0.595549 0.574561 0.596316 0.575658 0.596316 0.576754 0.595549 0.575658 0.594781
0 0.593202 0.594014 0.593202 0.594781 0.595395 0.594781 0.595395 0.594014
0 0.582237 0.594014 0.58114 0.594781 0.588816 0.594781 0.588816 0.594014
0 0.202851 0.591711 0.201754 0.592479 0.201754 0.594781 0.205044 0.597084 0.20614 0.597084 0.207237 0.596316 0.207237 0.594014 0.205044 0.592479 0.203947 0.592479
0 0.232456 0.588642 0.23136 0.589409 0.23136 0.591711 0.232456 0.592479 0.235746 0.592479 0.235746 0.591711 0.236842 0.590944 0.235746 0.590177 0.235746 0.589409 0.234649 0.588642
0 0.145833 0.586339 0.144737 0.587107 0.144737 0.590177 0.145833 0.590944 0.145833 0.591711 0.14693 0.592479 0.152412 0.592479 0.153509 0.591711 0.153509 0.589409 0.152412 0.588642 0.152412 0.587874 0.151316 0.587107 0.150219 0.587107 0.149123 0.586339
0 0.52193 0.584037 0.520833 0.584804 0.517544 0.584804 0.517544 0.587107 0.51864 0.587874 0.51864 0.590944 0.519737 0.591711 0.519737 0.597851 0.51864 0.598619 0.51864 0.599386 0.519737 0.600153 0.519737 0.600921 0.520833 0.601688 0.520833 0.602456 0.524123 0.604758 0.524123 0.605526 0.525219 0.606293 0.525219 0.607828 0.526316 0.608596 0.526316 0.611665 0.526316 0.596316 0.525219 0.595549 0.525219 0.593246 0.524123 0.592479 0.524123 0.589409 0.523026 0.588642 0.523026 0.587107 0.52193 0.586339
0 0.645833 0.5802 0.64364 0.581734 0.644737 0.580967 0.650219 0.580967 0.649123 0.5802
0 0.620614 0.5802 0.619518 0.580967 0.616228 0.580967 0.616228 0.581734 0.615132 0.582502 0.616228 0.583269 0.616228 0.584804 0.617325 0.585572 0.618421 0.585572 0.619518 0.586339 0.626096 0.586339 0.627193 0.585572 0.629386 0.585572 0.630482 0.584804 0.631579 0.584804 0.632675 0.585572 0.638158 0.585572 0.639254 0.584804 0.639254 0.584037 0.641447 0.582502 0.640351 0.581734 0.637061 0.581734 0.635965 0.582502 0.634868 0.582502 0.633772 0.581734 0.629386 0.581734 0.628289 0.580967 0.623904 0.580967 0.622807 0.5802
0 0.574561 0.578665 0.574561 0.5802 0.573465 0.580967 0.573465 0.582502 0.572368 0.583269 0.572368 0.584037 0.573465 0.584804 0.574561 0.584804 0.574561 0.582502 0.575658 0.581734 0.58114 0.581734 0.582237 0.580967 0.58114 0.5802 0.580044 0.5802 0.578947 0.579432 0.577851 0.579432 0.576754 0.578665
0 0.185307 0.577897 0.183114 0.579432 0.183114 0.580967 0.182018 0.581734 0.183114 0.582502 0.183114 0.583269 0.184211 0.583269 0.185307 0.584037 0.186404 0.584037 0.1875 0.584804 0.192982 0.584804 0.195175 0.583269 0.195175 0.581734 0.192982 0.5802 0.192982 0.579432 0.191886 0.579432 0.190789 0.578665 0.189693 0.578665 0.188596 0.577897
0 0.135965 0.561013 0.135965 0.562548 0.137061 0.563315 0.138158 0.562548 0.138158 0.561781 0.137061 0.561013
0 0.0899123 0.549501 0.0899123 0.550269 0.0975877 0.550269 0.0975877 0.549501
0 0.319079 0.544896 0.319079 0.546431 0.320175 0.545664 0.320175 0.544896
0 0.360746 0.544129 0.358553 0.545664 0.358553 0.546431 0.357456 0.547199 0.357456 0.547966 0.35636 0.548734 0.35636 0.549501 0.355263 0.550269 0.355263 0.551804 0.354167 0.552571 0.354167 0.554106 0.35307 0.554873 0.35307 0.555641 0.351974 0.556408 0.351974 0.557176 0.350877 0.557943 0.350877 0.559478 0.349781 0.560246 0.349781 0.561013 0.348684 0.561781 0.348684 0.562548 0.346491 0.564083 0.346491 0.56485 0.341009 0.568688 0.341009 0.57099 0.339912 0.571757 0.339912 0.572525 0.341009 0.573292 0.344298 0.57099 0.345395 0.57099 0.350877 0.567153 0.351974 0.567153 0.351974 0.565618 0.35307 0.56485 0.35307 0.564083 0.354167 0.563315 0.354167 0.562548 0.357456 0.560246 0.357456 0.558711 0.359649 0.557176 0.359649 0.555641 0.360746 0.554873 0.360746 0.551804 0.361842 0.551036 0.361842 0.545664 0.360746 0.544896
0 0.300439 0.537222 0.299342 0.537989 0.300439 0.538757
0 0.0942982 0.534919 0.0942982 0.535687 0.0953947 0.536454 0.0953947 0.535687
0 0.3125 0.531082 0.311404 0.53185 0.311404 0.532617 0.3125 0.533384 0.314693 0.533384 0.314693 0.53185 0.313596 0.531082
0 0.257675 0.524175 0.254386 0.526477 0.253289 0.526477 0.252193 0.527245 0.252193 0.528012 0.253289 0.528012 0.254386 0.527245 0.256579 0.527245 0.257675 0.526477 0.258772 0.526477 0.258772 0.524175
0 0.279605 0.52264 0.278509 0.523408 0.278509 0.524942 0.279605 0.52571 0.283991 0.52571 0.285088 0.524942 0.285088 0.52264
0 0.123904 0.518035 0.125 0.518035 0.126096 0.518803 0.127193 0.518803 0.126096 0.518035
0 0.116228 0.5165 0.117325 0.517268 0.117325 0.518035 0.117325 0.5165
0 0.757675 0.514965 0.759868 0.5165 0.760965 0.5165 0.762061 0.515733 0.763158 0.515733 0.763158 0.514965
0 0.267544 0.514198 0.265351 0.515733 0.265351 0.518035 0.26864 0.518035 0.270833 0.5165 0.270833 0.514965 0.269737 0.514965 0.26864 0.514198
0 0.766447 0.513431 0.767544 0.513431 0.76864 0.514198 0.770833 0.514198 0.77193 0.513431
0 0.259868 0.507291 0.257675 0.508826 0.259868 0.510361 0.263158 0.510361 0.263158 0.508058 0.262061 0.508058 0.260965 0.507291
0 0.285088 0.506523 0.282895 0.508058 0.282895 0.509593 0.283991 0.510361 0.285088 0.510361 0.286184 0.511128 0.288377 0.511128 0.289474 0.510361 0.291667 0.510361 0.292763 0.509593 0.292763 0.508826 0.291667 0.508058 0.291667 0.507291 0.29057 0.506523
0 0.779605 0.504988 0.778509 0.505756 0.778509 0.506523 0.779605 0.506523
0 0.135965 0.487337 0.137061 0.488104 0.137061 0.487337
0 0.173246 0.478895 0.172149 0.479662 0.172149 0.4835 0.174342 0.4835 0.174342 0.481965 0.175439 0.481197 0.175439 0.479662 0.174342 0.478895
0 0.114035 0.478895 0.112939 0.479662 0.114035 0.48043 0.116228 0.48043 0.116228 0.479662 0.115132 0.478895
0 0.740132 0.468918 0.741228 0.469685 0.742325 0.469685 0.741228 0.468918
0 0.199561 0.465848 0.198465 0.466616 0.198465 0.46815 0.201754 0.470453 0.203947 0.470453 0.205044 0.47122 0.20614 0.47122 0.20614 0.470453 0.207237 0.469685 0.207237 0.468918 0.202851 0.465848
0 0.314693 0.455871 0.313596 0.456639 0.3125 0.456639 0.311404 0.457406 0.311404 0.458941 0.310307 0.459708 0.310307 0.462778 0.311404 0.463546 0.311404 0.464313 0.3125 0.465081 0.3125 0.465848 0.313596 0.466616 0.313596 0.468918 0.3125 0.469685 0.3125 0.470453 0.311404 0.47122 0.311404 0.471988 0.310307 0.472755 0.310307 0.47429 0.309211 0.475058 0.309211 0.475825 0.308114 0.476592 0.308114 0.48043 0.309211 0.481197 0.309211 0.482732 0.310307 0.4835 0.310307 0.486569 0.314693 0.489639 0.326754 0.489639 0.327851 0.488872 0.332237 0.488872 0.336623 0.485802 0.336623 0.4835 0.338816 0.481965 0.338816 0.481197 0.336623 0.479662 0.336623 0.478895 0.333333 0.476592 0.333333 0.475825 0.33114 0.47429 0.33114 0.473523 0.328947 0.471988 0.328947 0.470453 0.323465 0.466616 0.322368 0.466616 0.321272 0.465848 0.321272 0.458941 0.317982 0.456639 0.316886 0.456639 0.315789 0.455871
0 0.316886 0.453569 0.317982 0.454336 0.317982 0.453569
0 0.20614 0.448964 0.205044 0.449731 0.205044 0.451266 0.20614 0.451266 0.207237 0.450499 0.208333 0.450499 0.208333 0.448964
0 0.208333 0.445894 0.20943 0.446662 0.210526 0.446662 0.211623 0.447429 0.211623 0.445894
0 0.207237 0.435917 0.207237 0.436685 0.212719 0.436685 0.213816 0.435917
0 0.184211 0.428243 0.184211 0.429777 0.185307 0.430545 0.185307 0.431312 0.186404 0.43208 0.186404 0.430545 0.185307 0.429777 0.185307 0.42901
0 0.675439 0.426708 0.674342 0.427475 0.673246 0.427475 0.669956 0.429777 0.669956 0.430545 0.671053 0.431312 0.671053 0.43208 0.675439 0.43208 0.676535 0.431312 0.677632 0.431312 0.677632 0.430545 0.678728 0.429777 0.678728 0.428243 0.677632 0.427475 0.676535 0.427475
0 0.1875 0.413661 0.1875 0.414428 0.188596 0.414428 0.192982 0.417498 0.194079 0.417498 0.195175 0.418266 0.195175 0.417498 0.190789 0.414428 0.189693 0.414428 0.188596 0.413661
0 0.160088 0.412893 0.161184 0.413661 0.162281 0.413661 0.163377 0.414428 0.167763 0.414428 0.171053 0.416731 0.172149 0.416731 0.175439 0.419033 0.175439 0.418266 0.172149 0.415963 0.171053 0.415963 0.169956 0.415196 0.16886 0.415196 0.167763 0.414428 0.166667 0.414428 0.16557 0.413661 0.163377 0.413661 0.162281 0.412893
0 0.16557 0.402149 0.166667 0.402916 0.166667 0.402149
0 0.536184 0.384497 0.535088 0.385265 0.535088 0.386032 0.533991 0.3868 0.533991 0.38987 0.532895 0.390637 0.532895 0.392939 0.531798 0.393707 0.531798 0.399847 0.532895 0.400614 0.532895 0.401381 0.533991 0.402149 0.535088 0.402149 0.536184 0.402916 0.536184 0.403684 0.538377 0.405219 0.539474 0.405219 0.542763 0.402916 0.542763 0.402149 0.544956 0.400614 0.544956 0.399847 0.547149 0.398312 0.547149 0.397544 0.546053 0.396777 0.546053 0.394474 0.544956 0.393707 0.544956 0.38987 0.54386 0.389102 0.54386 0.388335 0.541667 0.3868 0.541667 0.386032 0.54057 0.385265 0.539474 0.385265 0.538377 0.384497
0 0.211623 0.382962 0.212719 0.38373 0.213816 0.38373 0.212719 0.382962
0 0.758772 0.355334 0.758772 0.356101 0.759868 0.356101
0 0.722588 0.349194 0.722588 0.353799 0.724781 0.355334 0.724781 0.356101 0.725877 0.356101 0.726974 0.356869 0.732456 0.356869 0.733553 0.356101 0.733553 0.355334 0.734649 0.354566 0.732456 0.354566 0.73136 0.355334 0.72807 0.355334 0.724781 0.353031 0.725877 0.352264 0.725877 0.351497 0.724781 0.350729 0.724781 0.349962 0.723684 0.349194
0 0.739035 0.34152 0.739035 0.346124 0.737939 0.346892 0.737939 0.348427 0.739035 0.348427 0.739035 0.346892 0.740132 0.346124 0.740132 0.345357 0.741228 0.344589 0.741228 0.343822 0.740132 0.343054 0.740132 0.34152
0 0.70943 0.33845 0.708333 0.339217 0.708333 0.339985 0.707237 0.340752 0.708333 0.34152 0.708333 0.342287 0.70943 0.343054 0.712719 0.343054 0.712719 0.339985 0.710526 0.33845
0 0.756579 0.33231 0.756579 0.333078 0.758772 0.333078 0.758772 0.33231
0 0.280702 0.323868 0.279605 0.324635 0.280702 0.325403
0 0.735746 0.319263 0.735746 0.320031 0.736842 0.320031
0 0.297149 0.306984 0.296053 0.307751 0.296053 0.310054 0.298246 0.311589 0.299342 0.310821 0.300439 0.310821 0.301535 0.310054 0.301535 0.308519 0.299342 0.306984
0 0.307018 0.302379 0.307018 0.303914 0.308114 0.304682 0.309211 0.303914 0.309211 0.302379
0 0.703947 0.301612 0.702851 0.302379 0.702851 0.304682 0.703947 0.305449 0.70614 0.305449 0.707237 0.304682 0.707237 0.302379 0.70614 0.302379 0.705044 0.301612
0 0.296053 0.295472 0.296053 0.297007 0.297149 0.297007 0.297149 0.295472
0 0.467105 0.287797 0.467105 0.2901 0.466009 0.290867 0.466009 0.292402 0.468202 0.293937 0.468202 0.295472 0.470395 0.297007 0.470395 0.297774 0.471491 0.298542 0.471491 0.299309 0.473684 0.300844 0.473684 0.301612 0.474781 0.301612 0.475877 0.302379 0.476974 0.302379 0.476974 0.301612 0.47807 0.300844 0.47807 0.300077 0.475877 0.298542 0.475877 0.297774 0.474781 0.297007 0.474781 0.296239 0.473684 0.295472 0.473684 0.294705 0.471491 0.29317 0.471491 0.292402 0.472588 0.291635 0.472588 0.288565 0.471491 0.287797
0 0.755482 0.28703 0.755482 0.287797 0.756579 0.287797 0.757675 0.28703
0 0.692982 0.28089 0.690789 0.282425 0.689693 0.282425 0.688596 0.281658 0.688596 0.283193 0.686404 0.284728 0.684211 0.284728 0.683114 0.285495 0.682018 0.285495 0.682018 0.28703 0.684211 0.28703 0.6875 0.284728 0.688596 0.284728 0.691886 0.282425 0.692982 0.282425
0 0.315789 0.256332 0.316886 0.257099 0.316886 0.257866 0.317982 0.258634 0.319079 0.258634 0.317982 0.257866 0.317982 0.257099 0.316886 0.256332
0 0.658991 0.247122 0.660088 0.247889 0.660088 0.248657 0.662281 0.248657 0.663377 0.247889 0.664474 0.247889 0.661184 0.247889 0.660088 0.247122
0 0.630482 0.244052 0.629386 0.24482 0.629386 0.245587 0.627193 0.247122 0.626096 0.247122 0.626096 0.247889 0.625 0.248657 0.625 0.250192 0.623904 0.250959 0.623904 0.253262 0.621711 0.254797 0.621711 0.255564 0.622807 0.255564 0.623904 0.254797 0.623904 0.254029 0.627193 0.251727 0.627193 0.248657 0.629386 0.247122 0.629386 0.246355 0.630482 0.245587 0.631579 0.245587 0.632675 0.24482 0.631579 0.244052
0 0.635965 0.236378 0.634868 0.237145 0.634868 0.23868 0.634868 0.237913 0.637061 0.236378
0 0.33114 0.220261 0.332237 0.221028 0.333333 0.221028 0.333333 0.220261
0 0.493421 0.216424 0.492325 0.217191 0.492325 0.218726 0.491228 0.219493 0.491228 0.224866 0.490132 0.225633 0.490132 0.227936 0.491228 0.227936 0.491228 0.227168 0.492325 0.226401 0.492325 0.223331 0.493421 0.222563
0 0.664474 0.186493 0.664474 0.19033 0.66557 0.191097 0.667763 0.191097 0.667763 0.19033 0.66886 0.189563 0.66886 0.188028 0.666667 0.186493
0 0.452851 0.180353 0.451754 0.18112 0.451754 0.183423 0.450658 0.18419 0.450658 0.18726 0.450658 0.184958 0.451754 0.18419 0.451754 0.182655 0.452851 0.181888
0 0.385965 0.168074 0.385965 0.171911 0.384868 0.172678 0.384868 0.175748 0.385965 0.176516 0.387061 0.175748 0.387061 0.173446 0.385965 0.172678 0.385965 0.171144 0.387061 0.170376 0.387061 0.169609 0.385965 0.168841
0 0.383772 0.164236 0.384868 0.165004 0.384868 0.166539 0.384868 0.164236
0 0.682018 0.163469 0.680921 0.164236 0.680921 0.165771 0.683114 0.165771 0.683114 0.165004 0.684211 0.164236 0.683114 0.163469
0 0.689693 0.120491 0.689693 0.121259 0.690789 0.122026 0.690789 0.120491
0 0.661184 0.108979 0.661184 0.110514 0.662281 0.111282 0.664474 0.111282 0.66557 0.110514 0.66557 0.109747 0.664474 0.108979
0 0.504386 0.108979 0.504386 0.110514 0.506579 0.112049 0.506579 0.110514 0.505482 0.109747 0.505482 0.108979
0 0.587719 0.105909 0.586623 0.106677 0.585526 0.106677 0.58443 0.107444 0.58443 0.108979 0.586623 0.108979 0.589912 0.106677 0.589912 0.105909
0 0.627193 0.103607 0.626096 0.104375 0.623904 0.104375 0.620614 0.106677 0.620614 0.108979 0.621711 0.109747 0.621711 0.110514 0.622807 0.111282 0.623904 0.111282 0.625 0.112049 0.629386 0.112049 0.631579 0.110514 0.631579 0.105142 0.630482 0.105142 0.629386 0.104375 0.628289 0.104375
0 0.657895 0.101305 0.657895 0.102072 0.656798 0.10284 0.656798 0.105142 0.654605 0.106677 0.653509 0.105909 0.652412 0.105909 0.651316 0.105142 0.651316 0.104375 0.650219 0.104375 0.648026 0.10284 0.648026 0.106677 0.649123 0.107444 0.650219 0.107444 0.651316 0.108212 0.655702 0.108212 0.656798 0.107444 0.656798 0.105142 0.657895 0.104375 0.657895 0.10284 0.658991 0.102072 0.658991 0.101305
0 0.461623 0.101305 0.461623 0.102072 0.460526 0.10284 0.460526 0.103607 0.461623 0.103607
0 0.589912 0.0897928 0.589912 0.0905602 0.591009 0.0913277 0.591009 0.0928626 0.592105 0.0936301 0.592105 0.0943975 0.592105 0.0913277 0.591009 0.0905602 0.591009 0.0897928
