0 0.345395 0.930161 0.344298 0.930929 0.343202 0.930929 0.342105 0.931696 0.338816 0.931696 0.337719 0.932464 0.35307 0.932464 0.351974 0.931696 0.351974 0.930929 0.348684 0.930929 0.347588 0.930161
0 0.485746 0.808135 0.486842 0.808903 0.486842 0.80967 0.486842 0.808135
0 0.485746 0.769762 0.485746 0.77053 0.486842 0.771297 0.486842 0.769762
0 0.444079 0.753645 0.442982 0.754413 0.444079 0.75518 0.445175 0.75518 0.445175 0.754413
0 0.434211 0.749808 0.434211 0.750576 0.433114 0.751343 0.433114 0.752878 0.434211 0.752111
0 0.179825 0.730622 0.178728 0.731389 0.179825 0.731389
0 0.412281 0.729854 0.412281 0.732157 0.413377 0.732157 0.413377 0.730622
0 0.392544 0.726017 0.392544 0.726784 0.39364 0.726784 0.39364 0.726017
0 0.58114 0.718342 0.580044 0.71911 0.58114 0.719877 0.582237 0.719877 0.582237 0.71911
0 0.166667 0.702993 0.166667 0.704528 0.16557 0.705295 0.166667 0.706063 0.167763 0.706063 0.16886 0.705295 0.16886 0.703761 0.167763 0.702993
0 0.430921 0.698388 0.430921 0.701458 0.432018 0.700691 0.432018 0.698388
0 0.166667 0.694551 0.166667 0.697621 0.167763 0.698388 0.167763 0.694551
0 0.419956 0.693016 0.419956 0.693784 0.421053 0.693784
0 0.160088 0.686876 0.160088 0.687644 0.161184 0.687644 0.162281 0.686876
0 0.524123 0.684574 0.523026 0.685342 0.524123 0.686109 0.524123 0.686876 0.527412 0.686876 0.528509 0.686109 0.528509 0.685342 0.527412 0.684574
0 0.504386 0.680737 0.504386 0.681504 0.503289 0.682272 0.503289 0.684574 0.502193 0.685342 0.502193 0.687644 0.501096 0.688411 0.501096 0.689946 0.502193 0.690714 0.503289 0.689946 0.503289 0.687644 0.504386 0.686876 0.504386 0.686109 0.505482 0.685342 0.505482 0.684574 0.506579 0.683807 0.506579 0.681504 0.505482 0.680737
0 0.549342 0.679202 0.547149 0.680737 0.546053 0.680737 0.546053 0.682272 0.544956 0.683039 0.544956 0.683807 0.546053 0.683807 0.547149 0.684574 0.548246 0.684574 0.549342 0.685342 0.551535 0.685342 0.552632 0.686109 0.558114 0.686109 0.559211 0.685342 0.559211 0.684574 0.560307 0.683807 0.558114 0.682272 0.558114 0.681504 0.554825 0.679202
0 0.628289 0.676132 0.628289 0.677667 0.629386 0.677667 0.629386 0.676132
0 0.476974 0.676132 0.474781 0.677667 0.473684 0.677667 0.473684 0.678434 0.471491 0.679969 0.471491 0.680737 0.470395 0.681504 0.470395 0.682272 0.469298 0.683039 0.469298 0.683807 0.468202 0.684574 0.468202 0.695318 0.469298 0.696086 0.469298 0.696853 0.470395 0.697621 0.470395 0.698388 0.471491 0.699156 0.471491 0.699923 0.473684 0.699923 0.474781 0.700691 0.479167 0.700691 0.480263 0.699923 0.48136 0.699923 0.482456 0.699156 0.482456 0.697621 0.483553 0.696853 0.483553 0.696086 0.484649 0.695318 0.484649 0.692249 0.485746 0.691481 0.485746 0.685342 0.486842 0.684574 0.485746 0.683807 0.485746 0.681504 0.484649 0.680737 0.484649 0.679969 0.480263 0.676899 0.479167 0.676899 0.47807 0.676132
0 0.129386 0.674597 0.129386 0.675365 0.128289 0.676132 0.128289 0.676899 0.130482 0.676899 0.130482 0.674597
0 0.116228 0.672295 0.116228 0.67383 0.115132 0.674597 0.115132 0.675365 0.116228 0.674597 0.117325 0.674597 0.117325 0.67383 0.118421 0.673062 0.117325 0.673062
0 0.451754 0.663853 0.450658 0.66462 0.449561 0.66462 0.449561 0.666155 0.450658 0.666922 0.450658 0.668457 0.451754 0.668457 0.452851 0.669225 0.45614 0.669225 0.45614 0.668457 0.457237 0.66769 0.457237 0.665388 0.45614 0.665388 0.455044 0.66462 0.453947 0.66462 0.452851 0.663853
0 0.153509 0.660783 0.152412 0.66155 0.154605 0.66155 0.154605 0.660783
0 0.180921 0.657713 0.179825 0.65848 0.179825 0.660783 0.180921 0.660783 0.180921 0.659248 0.182018 0.65848 0.182018 0.657713
0 0.129386 0.648503 0.130482 0.649271 0.131579 0.649271 0.130482 0.648503
0 0.0986842 0.644666 0.0975877 0.645434 0.0986842 0.645434
0 0.0953947 0.640829 0.0953947 0.641596 0.0942982 0.642364 0.0975877 0.642364
0 0.423246 0.636992 0.422149 0.637759 0.423246 0.638526 0.422149 0.639294 0.423246 0.640061 0.423246 0.638526 0.424342 0.637759
0 0.463816 0.633922 0.462719 0.634689 0.463816 0.635457 0.463816 0.636224 0.464912 0.636224 0.464912 0.634689
0 0.422149 0.633154 0.422149 0.634689 0.423246 0.635457 0.423246 0.633922
0 0.439693 0.630852 0.439693 0.631619 0.440789 0.632387 0.441886 0.631619 0.441886 0.630852
0 0.676535 0.630084 0.676535 0.632387 0.677632 0.632387 0.677632 0.630852
0 0.677632 0.627015 0.677632 0.62855 0.679825 0.62855 0.680921 0.629317 0.685307 0.629317 0.683114 0.627782 0.679825 0.627782 0.678728 0.627015
0 0.150219 0.627015 0.149123 0.627782 0.148026 0.627782 0.148026 0.62855 0.149123 0.629317 0.150219 0.629317 0.151316 0.630084 0.151316 0.633922 0.154605 0.633922 0.154605 0.633154 0.155702 0.632387 0.155702 0.630084 0.154605 0.629317 0.154605 0.62855 0.153509 0.627782 0.152412 0.627782 0.151316 0.627015
0 0.23136 0.626247 0.23136 0.627782 0.234649 0.627782 0.234649 0.627015 0.233553 0.626247
0 0.452851 0.623177 0.453947 0.623177 0.455044 0.623945 0.45614 0.623945 0.457237 0.624712 0.45614 0.623945 0.45614 0.623177
0 0.365132 0.620107 0.365132 0.620875 0.362939 0.62241 0.361842 0.62241 0.360746 0.623177 0.359649 0.62241 0.35636 0.624712 0.355263 0.624712 0.351974 0.627015 0.350877 0.627015 0.350877 0.627782 0.348684 0.629317 0.348684 0.630084 0.347588 0.630852 0.347588 0.631619 0.344298 0.633922 0.343202 0.633922 0.343202 0.634689 0.337719 0.638526 0.337719 0.639294 0.336623 0.640061 0.335526 0.640061 0.335526 0.640829 0.33443 0.641596 0.33443 0.642364 0.332237 0.643899 0.332237 0.644666 0.330044 0.646201 0.330044 0.646969 0.328947 0.647736 0.327851 0.647736 0.327851 0.648503 0.326754 0.649271 0.326754 0.650038 0.321272 0.653876 0.321272 0.654643 0.308114 0.663853 0.308114 0.66462 0.301535 0.669225 0.301535 0.669992 0.300439 0.67076 0.300439 0.671527 0.294956 0.675365 0.294956 0.676132 0.292763 0.677667 0.292763 0.678434 0.287281 0.682272 0.287281 0.683039 0.286184 0.683807 0.286184 0.684574 0.283991 0.686109 0.283991 0.689179 0.282895 0.689946 0.281798 0.689946 0.280702 0.689179 0.279605 0.689946 0.279605 0.691481 0.278509 0.692249 0.278509 0.693016 0.277412 0.693784 0.277412 0.694551 0.276316 0.695318 0.276316 0.696086 0.275219 0.696853 0.275219 0.697621 0.273026 0.699156 0.273026 0.700691 0.27193 0.701458 0.27193 0.702226 0.270833 0.702993 0.270833 0.703761 0.269737 0.704528 0.269737 0.706063 0.26864 0.70683 0.26864 0.707598 0.267544 0.708365 0.267544 0.710668 0.266447 0.711435 0.266447 0.71297 0.264254 0.714505 0.264254 0.715272 0.263158 0.71604 0.263158 0.718342 0.262061 0.71911 0.262061 0.719877 0.260965 0.720645 0.260965 0.72218 0.259868 0.722947 0.259868 0.724482 0.258772 0.725249 0.258772 0.728319 0.257675 0.729087 0.257675 0.731389 0.256579 0.732157 0.256579 0.732924 0.255482 0.733691 0.255482 0.741366 0.254386 0.742134 0.254386 0.749808 0.255482 0.750576 0.255482 0.754413 0.256579 0.75518 0.256579 0.757483 0.257675 0.75825 0.257675 0.759785 0.258772 0.760553 0.258772 0.76132 0.262061 0.763622 0.262061 0.76439 0.264254 0.765925 0.264254 0.765157 0.265351 0.76439 0.267544 0.76439 0.26864 0.765157 0.26864 0.76439 0.269737 0.763622 0.269737 0.76132 0.27193 0.759785 0.27193 0.75825 0.273026 0.757483 0.273026 0.755948 0.274123 0.75518 0.275219 0.75518 0.275219 0.752878 0.276316 0.752111 0.276316 0.751343 0.277412 0.750576 0.277412 0.749808 0.278509 0.749041 0.278509 0.747506 0.280702 0.745971 0.280702 0.745203 0.281798 0.744436 0.281798 0.743668 0.282895 0.742901 0.282895 0.742134 0.283991 0.741366 0.283991 0.739831 0.285088 0.739064 0.285088 0.737529 0.286184 0.736761 0.287281 0.736761 0.287281 0.735226 0.289474 0.733691 0.289474 0.732924 0.291667 0.731389 0.291667 0.729854 0.292763 0.729087 0.292763 0.728319 0.29386 0.727552 0.29386 0.726784 0.294956 0.726017 0.294956 0.725249 0.299342 0.72218 0.299342 0.721412 0.300439 0.720645 0.300439 0.719877 0.301535 0.71911 0.301535 0.718342 0.302632 0.717575 0.302632 0.716807 0.304825 0.715272 0.304825 0.713738 0.309211 0.710668 0.309211 0.7099 0.310307 0.709133 0.310307 0.708365 0.311404 0.707598 0.311404 0.70683 0.3125 0.706063 0.3125 0.705295 0.314693 0.703761 0.314693 0.702993 0.316886 0.701458 0.316886 0.700691 0.321272 0.697621 0.321272 0.696853 0.322368 0.696086 0.322368 0.695318 0.328947 0.690714 0.328947 0.689946 0.330044 0.689179 0.330044 0.688411 0.33114 0.687644 0.33114 0.686109 0.332237 0.685342 0.332237 0.684574 0.33443 0.683039 0.33443 0.682272 0.338816 0.679202 0.339912 0.679202 0.341009 0.678434 0.342105 0.678434 0.344298 0.676899 0.344298 0.675365 0.347588 0.673062 0.347588 0.672295 0.351974 0.669225 0.351974 0.668457 0.35307 0.66769 0.35307 0.665388 0.354167 0.66462 0.354167 0.663085 0.35307 0.662318 0.354167 0.66155 0.354167 0.660783 0.355263 0.660015 0.355263 0.659248 0.35636 0.65848 0.35636 0.657713 0.359649 0.655411 0.359649 0.654643 0.360746 0.653876 0.360746 0.653108 0.362939 0.651573 0.362939 0.650806 0.364035 0.650038 0.364035 0.648503 0.365132 0.647736 0.365132 0.646969 0.366228 0.646201 0.366228 0.644666 0.367325 0.643899 0.367325 0.640061 0.368421 0.639294 0.368421 0.636992 0.369518 0.636224 0.369518 0.633154 0.370614 0.632387 0.370614 0.630852 0.369518 0.630084 0.369518 0.627782 0.370614 0.627015 0.370614 0.626247 0.369518 0.62548 0.369518 0.624712 0.368421 0.624712 0.365132 0.62241
0 0.451754 0.615503 0.451754 0.61627 0.452851 0.617038 0.453947 0.617038 0.455044 0.617805 0.455044 0.618573 0.458333 0.620875 0.458333 0.621642 0.45943 0.621642 0.45943 0.620875 0.458333 0.620107 0.458333 0.61934 0.453947 0.61627 0.452851 0.61627
0 0.672149 0.610898 0.671053 0.611665 0.671053 0.613968 0.672149 0.614735 0.673246 0.613968 0.674342 0.613968 0.674342 0.612433
0 0.316886 0.607828 0.316886 0.608596 0.315789 0.609363 0.315789 0.61013 0.316886 0.610898 0.319079 0.609363 0.319079 0.607828
0 0.150219 0.607061 0.149123 0.607828 0.150219 0.607828
0 0.583333 0.604758 0.582237 0.605526 0.58443 0.605526 0.585526 0.606293 0.585526 0.607061 0.586623 0.606293 0.587719 0.606293 0.586623 0.606293 0.585526 0.605526 0.58443 0.605526
0 0.657895 0.602456 0.657895 0.604758 0.658991 0.605526 0.658991 0.606293 0.661184 0.606293 0.663377 0.604758 0.663377 0.603991 0.661184 0.602456
0 0.565789 0.601688 0.565789 0.602456 0.566886 0.603223 0.566886 0.604758 0.570175 0.604758 0.570175 0.602456 0.569079 0.601688
0 0.307018 0.601688 0.307018 0.602456 0.308114 0.602456
0 0.183114 0.599386 0.180921 0.600921 0.180921 0.601688 0.182018 0.602456 0.184211 0.602456 0.184211 0.600153
0 0.549342 0.598619 0.548246 0.599386 0.548246 0.600153 0.549342 0.600921 0.549342 0.601688 0.550439 0.602456 0.551535 0.602456 0.552632 0.601688 0.552632 0.600921
0 0.322368 0.596316 0.321272 0.597084 0.321272 0.597851 0.323465 0.597851 0.323465 0.596316
0 0.51864 0.591711 0.517544 0.592479 0.517544 0.595549 0.516447 0.596316 0.516447 0.597084 0.517544 0.597851 0.517544 0.599386 0.51864 0.600153 0.51864 0.603991 0.517544 0.604758 0.517544 0.607828 0.516447 0.608596 0.516447 0.61013 0.515351 0.610898 0.515351 0.6132 0.514254 0.613968 0.514254 0.615503 0.512061 0.617038 0.512061 0.617805 0.510965 0.618573 0.510965 0.620107 0.509868 0.620875 0.509868 0.621642 0.508772 0.62241 0.508772 0.623177 0.507675 0.623945 0.507675 0.624712 0.506579 0.62548 0.506579 0.626247 0.504386 0.627782 0.504386 0.62855 0.503289 0.629317 0.503289 0.630852 0.502193 0.631619 0.502193 0.632387 0.501096 0.633154 0.501096 0.635457 0.5 0.636224 0.5 0.636992 0.498904 0.637759 0.498904 0.639294 0.497807 0.640061 0.497807 0.653876 0.496711 0.654643 0.496711 0.656946 0.497807 0.657713 0.497807 0.65848 0.498904 0.659248 0.498904 0.66155 0.5 0.662318 0.502193 0.662318 0.503289 0.663085 0.505482 0.663085 0.507675 0.66155 0.507675 0.660783 0.508772 0.660015 0.508772 0.65848 0.509868 0.657713 0.509868 0.656178 0.512061 0.654643 0.512061 0.653876 0.513158 0.653108 0.513158 0.652341 0.515351 0.650806 0.515351 0.650038 0.51864 0.647736 0.51864 0.646969 0.520833 0.645434 0.520833 0.643899 0.523026 0.642364 0.523026 0.641596 0.524123 0.640829 0.524123 0.640061 0.525219 0.639294 0.525219 0.636224 0.526316 0.635457 0.526316 0.633154 0.527412 0.632387 0.527412 0.631619 0.528509 0.630852 0.528509 0.62855 0.529605 0.627782 0.529605 0.62241 0.528509 0.621642 0.528509 0.620107 0.529605 0.61934 0.529605 0.617805 0.530702 0.617038 0.530702 0.610898 0.531798 0.61013 0.531798 0.607828 0.535088 0.605526 0.536184 0.605526 0.537281 0.604758 0.537281 0.603223 0.531798 0.603223 0.529605 0.601688 0.529605 0.600921 0.526316 0.598619 0.526316 0.597084 0.525219 0.596316 0.525219 0.595549 0.524123 0.594781 0.52193 0.594781 0.51864 0.592479
0 0.20943 0.589409 0.208333 0.590177 0.208333 0.590944 0.207237 0.591711 0.208333 0.592479 0.208333 0.593246 0.20943 0.594014 0.212719 0.594014 0.213816 0.593246 0.213816 0.590944 0.212719 0.590177 0.211623 0.590177 0.210526 0.589409
0 0.236842 0.585572 0.234649 0.587107 0.234649 0.588642 0.236842 0.590177 0.237939 0.590177 0.239035 0.589409 0.240132 0.589409 0.240132 0.588642 0.241228 0.587874 0.241228 0.586339 0.240132 0.585572
0 0.140351 0.584804 0.139254 0.585572 0.139254 0.587107 0.140351 0.587874 0.140351 0.588642 0.142544 0.590177 0.14693 0.590177 0.148026 0.590944 0.149123 0.590177 0.150219 0.590177 0.149123 0.589409 0.149123 0.585572 0.148026 0.585572 0.14693 0.584804
0 0.632675 0.584037 0.632675 0.586339 0.635965 0.588642 0.637061 0.588642 0.638158 0.589409 0.639254 0.588642 0.641447 0.588642 0.641447 0.587874 0.642544 0.587107 0.642544 0.586339 0.639254 0.584037 0.638158 0.584037 0.637061 0.584804 0.634868 0.584804 0.633772 0.584037
0 0.191886 0.5802 0.190789 0.580967 0.190789 0.581734 0.189693 0.582502 0.189693 0.584037 0.190789 0.584804 0.190789 0.585572 0.191886 0.586339 0.191886 0.587107 0.192982 0.587874 0.196272 0.587874 0.197368 0.588642 0.198465 0.588642 0.200658 0.587107 0.200658 0.585572 0.199561 0.584804 0.199561 0.584037 0.198465 0.583269 0.198465 0.582502 0.196272 0.580967 0.194079 0.580967 0.192982 0.5802
0 0.139254 0.565618 0.138158 0.566385 0.138158 0.567153 0.139254 0.56792 0.140351 0.567153 0.140351 0.566385
0 0.104167 0.549501 0.104167 0.550269 0.105263 0.550269 0.105263 0.549501
0 0.301535 0.540292 0.301535 0.541059 0.302632 0.541827 0.302632 0.540292
0 0.0932018 0.537989 0.0932018 0.538757 0.0942982 0.538757 0.0942982 0.537989
0 0.314693 0.533384 0.314693 0.535687 0.316886 0.535687 0.316886 0.533384
0 0.280702 0.521105 0.278509 0.52264 0.279605 0.523408 0.279605 0.524175 0.280702 0.524175 0.281798 0.524942 0.282895 0.524942 0.283991 0.524175 0.285088 0.524175 0.285088 0.521873 0.283991 0.521873 0.282895 0.521105
0 0.288377 0.508826 0.287281 0.509593 0.285088 0.509593 0.283991 0.510361 0.281798 0.510361 0.280702 0.511128 0.27193 0.511128 0.270833 0.510361 0.26864 0.510361 0.267544 0.509593 0.265351 0.509593 0.265351 0.510361 0.266447 0.511128 0.266447 0.511896 0.269737 0.514198 0.27193 0.514198 0.273026 0.514965 0.279605 0.514965 0.280702 0.514198 0.285088 0.514198 0.286184 0.513431 0.29057 0.513431 0.291667 0.512663 0.292763 0.512663 0.29386 0.511896 0.294956 0.511896 0.294956 0.509593 0.29386 0.509593 0.292763 0.508826
0 0.119518 0.491942 0.118421 0.492709 0.119518 0.493477 0.120614 0.493477 0.121711 0.492709 0.121711 0.491942
0 0.140351 0.485035 0.140351 0.486569 0.14364 0.486569 0.14364 0.485802 0.142544 0.485035
0 0.332237 0.471988 0.33114 0.472755 0.325658 0.472755 0.324561 0.473523 0.323465 0.473523 0.321272 0.475058 0.321272 0.475825 0.317982 0.478127 0.316886 0.478127 0.314693 0.479662 0.313596 0.479662 0.3125 0.48043 0.311404 0.48043 0.310307 0.481197 0.309211 0.481197 0.308114 0.481965 0.308114 0.482732 0.304825 0.485035 0.304825 0.485802 0.302632 0.487337 0.302632 0.488104 0.300439 0.489639 0.300439 0.490407 0.299342 0.491174 0.299342 0.493477 0.300439 0.494244 0.300439 0.496546 0.303728 0.498849 0.308114 0.498849 0.309211 0.498081 0.311404 0.498081 0.3125 0.497314 0.313596 0.497314 0.314693 0.496546 0.315789 0.496546 0.319079 0.494244 0.319079 0.493477 0.322368 0.491174 0.323465 0.491174 0.324561 0.490407 0.330044 0.490407 0.33114 0.491174 0.335526 0.491174 0.336623 0.491942 0.338816 0.491942 0.339912 0.492709 0.341009 0.492709 0.342105 0.491942 0.345395 0.491942 0.346491 0.491174 0.347588 0.491174 0.349781 0.489639 0.349781 0.487337 0.348684 0.486569 0.348684 0.485802 0.347588 0.485035 0.347588 0.484267 0.346491 0.4835 0.346491 0.482732 0.344298 0.481197 0.344298 0.48043 0.343202 0.479662 0.343202 0.478895 0.33443 0.472755 0.333333 0.472755
0 0.725877 0.463546 0.724781 0.464313 0.722588 0.464313 0.720395 0.465848 0.720395 0.467383 0.721491 0.467383 0.723684 0.465848 0.724781 0.465848 0.72807 0.463546
0 0.20614 0.462778 0.205044 0.463546 0.202851 0.463546 0.201754 0.464313 0.200658 0.464313 0.200658 0.465081 0.199561 0.465848 0.199561 0.468918 0.201754 0.470453 0.203947 0.470453 0.205044 0.47122 0.20614 0.470453 0.207237 0.470453 0.20943 0.468918 0.210526 0.468918 0.210526 0.465081 0.20943 0.464313 0.20943 0.463546 0.207237 0.463546
0 0.246711 0.457406 0.246711 0.458941 0.248904 0.460476 0.248904 0.462011 0.25 0.462778 0.25 0.463546 0.252193 0.465081 0.254386 0.465081 0.254386 0.464313 0.255482 0.463546 0.255482 0.462778 0.254386 0.462011 0.254386 0.460476 0.25 0.457406
0 0.319079 0.452034 0.316886 0.453569 0.316886 0.454336 0.315789 0.455104 0.315789 0.455871 0.314693 0.456639 0.314693 0.458941 0.316886 0.460476 0.320175 0.460476 0.320175 0.459708 0.321272 0.458941 0.321272 0.456639 0.322368 0.455871 0.322368 0.453569 0.321272 0.452801 0.321272 0.452034
0 0.210526 0.447429 0.210526 0.448964 0.212719 0.448964 0.213816 0.449731 0.217105 0.449731 0.217105 0.448196 0.216009 0.448196 0.214912 0.447429
0 0.220395 0.437452 0.219298 0.438219 0.219298 0.443592 0.220395 0.443592 0.220395 0.442824 0.221491 0.442057 0.221491 0.441289 0.222588 0.440522 0.222588 0.439754 0.221491 0.438987 0.221491 0.438219
0 0.672149 0.424405 0.669956 0.42594 0.66886 0.42594 0.66886 0.426708 0.667763 0.427475 0.667763 0.42901 0.669956 0.430545 0.672149 0.430545 0.672149 0.429777 0.673246 0.42901 0.673246 0.426708 0.674342 0.42594 0.674342 0.424405
0 0.532895 0.38987 0.530702 0.391404 0.530702 0.392172 0.529605 0.392939 0.529605 0.394474 0.528509 0.395242 0.528509 0.396777 0.527412 0.397544 0.527412 0.398312 0.525219 0.399847 0.525219 0.400614 0.524123 0.401381 0.524123 0.403684 0.523026 0.404451 0.524123 0.405219 0.524123 0.407521 0.526316 0.407521 0.527412 0.408289 0.528509 0.408289 0.529605 0.409056 0.531798 0.409056 0.533991 0.410591 0.536184 0.410591 0.539474 0.408289 0.539474 0.405219 0.54057 0.404451 0.54057 0.401381 0.541667 0.400614 0.541667 0.396009 0.54057 0.395242 0.54057 0.394474 0.537281 0.392172 0.537281 0.391404 0.535088 0.38987
0 0.27193 0.365311 0.27193 0.366078 0.273026 0.366846 0.273026 0.369916 0.274123 0.370683 0.274123 0.37145 0.275219 0.372218 0.275219 0.372985 0.276316 0.373753 0.276316 0.376823 0.276316 0.37145 0.275219 0.37145 0.274123 0.370683 0.274123 0.367613 0.273026 0.366846 0.273026 0.366078
0 0.712719 0.337682 0.712719 0.340752 0.713816 0.34152 0.713816 0.342287 0.714912 0.343054 0.713816 0.343822 0.712719 0.343822 0.711623 0.343054 0.70943 0.343054 0.708333 0.343822 0.70943 0.344589 0.70943 0.345357 0.711623 0.345357 0.712719 0.346124 0.713816 0.346124 0.713816 0.345357 0.714912 0.344589 0.713816 0.343822 0.714912 0.343054 0.717105 0.343054 0.717105 0.34152 0.716009 0.340752 0.716009 0.33845 0.714912 0.337682
0 0.578947 0.336915 0.576754 0.33845 0.575658 0.33845 0.574561 0.339217 0.573465 0.33845 0.573465 0.339985 0.572368 0.340752 0.572368 0.34152 0.569079 0.343822 0.570175 0.344589 0.570175 0.345357 0.571272 0.346124 0.571272 0.349194 0.572368 0.349962 0.572368 0.352264 0.571272 0.353031 0.571272 0.354566 0.570175 0.355334 0.570175 0.356101 0.569079 0.356869 0.569079 0.357636 0.564693 0.360706 0.564693 0.361474 0.563596 0.362241 0.563596 0.365311 0.5625 0.366078 0.5625 0.366846 0.563596 0.366846 0.564693 0.366078 0.566886 0.366078 0.567982 0.365311 0.570175 0.365311 0.571272 0.364543 0.574561 0.364543 0.575658 0.363776 0.577851 0.363776 0.578947 0.363008 0.58114 0.363008 0.585526 0.359939 0.586623 0.359939 0.588816 0.358404 0.588816 0.357636 0.594298 0.353799 0.595395 0.353799 0.596491 0.353031 0.597588 0.353031 0.598684 0.352264 0.598684 0.351497 0.597588 0.350729 0.598684 0.349962 0.598684 0.348427 0.597588 0.347659 0.588816 0.347659 0.587719 0.348427 0.586623 0.348427 0.585526 0.349194 0.582237 0.349194 0.580044 0.347659 0.580044 0.346892 0.577851 0.345357 0.576754 0.345357 0.574561 0.343822 0.578947 0.340752 0.580044 0.340752 0.58114 0.339985 0.58114 0.337682 0.580044 0.337682
0 0.729167 0.336147 0.729167 0.337682 0.73136 0.337682
0 0.717105 0.33538 0.717105 0.336915 0.719298 0.33845 0.721491 0.33845 0.722588 0.337682 0.721491 0.336915 0.721491 0.336147 0.720395 0.33538
0 0.723684 0.323101 0.723684 0.323868 0.724781 0.324635 0.725877 0.324635 0.725877 0.323868 0.724781 0.323101
0 0.297149 0.310821 0.294956 0.312356 0.29386 0.312356 0.292763 0.313124 0.291667 0.313124 0.291667 0.313891 0.292763 0.314658 0.292763 0.316193 0.29386 0.316193 0.294956 0.315426 0.294956 0.314658 0.29386 0.313891 0.29386 0.313124 0.294956 0.312356 0.296053 0.313124 0.297149 0.313124 0.299342 0.311589 0.298246 0.310821
0 0.702851 0.303914 0.701754 0.304682 0.701754 0.306216 0.703947 0.307751 0.707237 0.307751 0.707237 0.304682 0.70614 0.303914
0 0.308114 0.298542 0.308114 0.300844 0.309211 0.301612 0.309211 0.298542
0 0.29057 0.298542 0.289474 0.299309 0.289474 0.300077 0.288377 0.300844 0.288377 0.301612 0.287281 0.302379 0.287281 0.303147 0.286184 0.303914 0.286184 0.306216 0.283991 0.307751 0.283991 0.308519 0.282895 0.309286 0.282895 0.314658 0.281798 0.315426 0.280702 0.315426 0.280702 0.316193 0.281798 0.316961 0.283991 0.315426 0.283991 0.313124 0.285088 0.312356 0.285088 0.311589 0.288377 0.309286 0.288377 0.306984 0.289474 0.306216 0.289474 0.301612 0.291667 0.300077 0.292763 0.300077 0.297149 0.303147 0.297149 0.300077 0.296053 0.299309 0.294956 0.299309 0.29386 0.298542
0 0.703947 0.297774 0.702851 0.298542 0.701754 0.298542 0.701754 0.299309 0.700658 0.300077 0.700658 0.300844 0.701754 0.301612 0.702851 0.300844 0.703947 0.300844 0.705044 0.300077 0.70614 0.300077 0.70614 0.298542 0.705044 0.298542
0 0.461623 0.290867 0.461623 0.292402 0.462719 0.29317 0.462719 0.293937 0.463816 0.294705 0.463816 0.296239 0.464912 0.297007 0.464912 0.297774 0.467105 0.299309 0.467105 0.300844 0.468202 0.301612 0.468202 0.302379 0.469298 0.303147 0.471491 0.303147 0.472588 0.303914 0.475877 0.303914 0.476974 0.304682 0.47807 0.303914 0.47807 0.302379 0.476974 0.301612 0.476974 0.300844 0.475877 0.300844 0.474781 0.300077 0.469298 0.300077 0.466009 0.297774 0.466009 0.295472 0.464912 0.294705 0.464912 0.293937 0.463816 0.29317 0.463816 0.292402
0 0.666667 0.2901 0.666667 0.290867 0.66557 0.291635 0.664474 0.291635 0.662281 0.29317 0.662281 0.295472 0.663377 0.295472 0.664474 0.294705 0.664474 0.293937 0.667763 0.291635 0.667763 0.290867 0.66886 0.2901
0 0.751096 0.289332 0.75 0.2901 0.751096 0.2901 0.752193 0.289332
0 0.64364 0.28396 0.64364 0.284728 0.644737 0.28396
0 0.469298 0.273216 0.468202 0.273983 0.468202 0.276285 0.467105 0.277053 0.467105 0.278588 0.468202 0.279355 0.468202 0.28089 0.469298 0.281658 0.469298 0.283193 0.470395 0.28396 0.473684 0.28396 0.474781 0.283193 0.474781 0.282425 0.475877 0.281658 0.475877 0.28089 0.476974 0.280123 0.476974 0.27782 0.47807 0.277053 0.47807 0.276285 0.476974 0.275518 0.476974 0.274751 0.475877 0.273983 0.472588 0.273983 0.471491 0.273216
0 0.296053 0.250959 0.297149 0.251727 0.298246 0.251727 0.298246 0.250959
0 0.486842 0.237913 0.485746 0.23868 0.486842 0.239447 0.486842 0.240215 0.487939 0.240215 0.487939 0.237913
0 0.330044 0.222563 0.330044 0.223331 0.33114 0.224098 0.33114 0.222563
0 0.433114 0.200307 0.433114 0.203377 0.434211 0.204144 0.434211 0.204912 0.433114 0.205679 0.433114 0.206447 0.434211 0.207214 0.433114 0.207982 0.433114 0.208749 0.432018 0.209517 0.432018 0.210284 0.435307 0.207982 0.435307 0.205679 0.434211 0.204912 0.434211 0.203377 0.433114 0.202609 0.434211 0.201842 0.434211 0.201074
0 0.673246 0.180353 0.669956 0.182655 0.669956 0.183423 0.66886 0.18419 0.66886 0.18726 0.672149 0.18726 0.673246 0.186493 0.674342 0.186493 0.675439 0.185725 0.675439 0.181888
0 0.373904 0.174213 0.373904 0.174981 0.375 0.175748 0.375 0.176516 0.376096 0.177283 0.377193 0.177283 0.378289 0.178051 0.379386 0.178051 0.384868 0.181888 0.387061 0.181888 0.387061 0.180353 0.385965 0.179586 0.385965 0.178818 0.384868 0.178051 0.382675 0.178051 0.381579 0.177283 0.380482 0.177283 0.379386 0.176516 0.378289 0.176516 0.375 0.174213
0 0.682018 0.171144 0.683114 0.171911 0.684211 0.171911 0.683114 0.171144
0 0.707237 0.153492 0.70614 0.154259 0.705044 0.154259 0.705044 0.155027 0.70614 0.154259 0.707237 0.154259
0 0.700658 0.122026 0.700658 0.122794 0.701754 0.122794 0.702851 0.123561 0.703947 0.123561 0.702851 0.122794 0.701754 0.122794
0 0.694079 0.121259 0.692982 0.122026 0.694079 0.122794
0 0.460526 0.115886 0.460526 0.116654 0.461623 0.117421 0.461623 0.115886
0 0.504386 0.114351 0.504386 0.115119 0.505482 0.115119
0 0.483553 0.107444 0.484649 0.108212 0.484649 0.108979 0.485746 0.108979 0.484649 0.108212 0.484649 0.107444
0 0.618421 0.105142 0.617325 0.105909 0.616228 0.105909 0.616228 0.106677 0.617325 0.107444 0.617325 0.108212 0.616228 0.108979 0.616228 0.110514 0.619518 0.112817 0.622807 0.112817 0.623904 0.112049 0.623904 0.109747 0.625 0.108979 0.623904 0.108212 0.623904 0.107444 0.622807 0.106677 0.622807 0.105909 0.621711 0.105142
0 0.517544 0.103607 0.516447 0.104375 0.516447 0.106677 0.517544 0.107444 0.517544 0.106677 0.51864 0.105909 0.51864 0.105142 0.517544 0.104375
0 0.594298 0.0982348 0.594298 0.0997698 0.595395 0.100537 0.595395 0.101305 0.596491 0.101305 0.595395 0.100537 0.595395 0.0990023
