0 0.385965 0.928626 0.384868 0.929394 0.385965 0.929394
0 0.387061 0.925556 0.387061 0.927091 0.388158 0.926324 0.388158 0.925556
0 0.332237 0.921719 0.330044 0.923254 0.326754 0.923254 0.325658 0.924021 0.326754 0.924789 0.326754 0.925556 0.325658 0.926324 0.326754 0.927091 0.326754 0.930929 0.327851 0.931696 0.326754 0.932464 0.325658 0.932464 0.360746 0.932464 0.359649 0.931696 0.359649 0.930929 0.358553 0.930161 0.358553 0.929394 0.35636 0.927859 0.35636 0.927091 0.355263 0.926324 0.355263 0.925556 0.351974 0.923254 0.350877 0.923254 0.349781 0.924021 0.344298 0.924021 0.343202 0.924789 0.342105 0.924021 0.337719 0.924021 0.336623 0.923254 0.335526 0.923254 0.333333 0.921719
0 0.142544 0.775902 0.141447 0.776669 0.140351 0.776669 0.139254 0.777437 0.138158 0.777437 0.137061 0.778204 0.135965 0.777437 0.134868 0.777437 0.134868 0.778204 0.138158 0.778204 0.139254 0.777437 0.142544 0.777437 0.14364 0.776669 0.144737 0.776669 0.144737 0.775902
0 0.446272 0.759785 0.446272 0.76132 0.447368 0.760553
0 0.39364 0.734459 0.39364 0.735226 0.394737 0.735226 0.394737 0.734459
0 0.182018 0.727552 0.182018 0.728319 0.183114 0.728319 0.183114 0.727552
0 0.580044 0.72218 0.578947 0.722947 0.578947 0.723715 0.58114 0.723715 0.58114 0.722947
0 0.460526 0.706063 0.460526 0.70683 0.461623 0.707598 0.461623 0.708365 0.463816 0.708365 0.462719 0.707598 0.462719 0.70683 0.461623 0.706063
0 0.16886 0.701458 0.167763 0.702226 0.167763 0.702993 0.16886 0.703761 0.16886 0.705295 0.172149 0.705295 0.172149 0.703761 0.171053 0.702993 0.171053 0.702226 0.169956 0.701458
0 0.564693 0.696086 0.564693 0.701458 0.563596 0.702226 0.563596 0.704528 0.564693 0.705295 0.564693 0.7099 0.565789 0.710668 0.565789 0.713738 0.566886 0.714505 0.566886 0.715272 0.567982 0.71604 0.570175 0.714505 0.570175 0.7099 0.569079 0.709133 0.569079 0.702993 0.567982 0.702226 0.567982 0.698388 0.566886 0.697621 0.566886 0.696853 0.565789 0.696086
0 0.503289 0.696086 0.503289 0.699156 0.504386 0.698388 0.504386 0.697621 0.505482 0.696853 0.504386 0.696086
0 0.435307 0.695318 0.435307 0.696853 0.436404 0.696853 0.436404 0.695318
0 0.530702 0.686876 0.529605 0.687644 0.529605 0.689179 0.530702 0.689946 0.533991 0.689946 0.535088 0.689179 0.535088 0.688411 0.533991 0.687644 0.533991 0.686876
0 0.553728 0.682272 0.552632 0.683039 0.551535 0.683039 0.551535 0.683807 0.550439 0.684574 0.550439 0.686876 0.553728 0.689179 0.554825 0.688411 0.554825 0.686109 0.555921 0.685342 0.555921 0.683807
0 0.476974 0.679969 0.473684 0.682272 0.473684 0.684574 0.472588 0.685342 0.472588 0.686876 0.471491 0.687644 0.471491 0.689946 0.470395 0.690714 0.470395 0.696086 0.471491 0.696853 0.471491 0.699156 0.472588 0.699923 0.472588 0.700691 0.473684 0.701458 0.473684 0.702226 0.474781 0.702226 0.476974 0.703761 0.48136 0.703761 0.482456 0.702993 0.483553 0.702993 0.484649 0.702226 0.484649 0.701458 0.486842 0.699923 0.486842 0.698388 0.487939 0.697621 0.487939 0.696853 0.489035 0.696086 0.489035 0.695318 0.490132 0.694551 0.490132 0.693784 0.491228 0.693016 0.491228 0.689179 0.490132 0.688411 0.490132 0.686109 0.489035 0.685342 0.489035 0.684574 0.484649 0.681504 0.483553 0.681504 0.482456 0.680737 0.480263 0.680737 0.479167 0.679969
0 0.178728 0.669992 0.178728 0.67383 0.179825 0.67383 0.179825 0.67076
0 0.611842 0.668457 0.611842 0.675365 0.614035 0.676899 0.612939 0.676132 0.612939 0.672295 0.614035 0.671527 0.615132 0.671527 0.617325 0.673062 0.618421 0.673062 0.622807 0.676132 0.622807 0.676899 0.623904 0.676899 0.625 0.677667 0.626096 0.677667 0.626096 0.676899 0.625 0.676132 0.625 0.675365 0.621711 0.673062 0.621711 0.672295 0.620614 0.672295 0.618421 0.67076 0.617325 0.67076 0.615132 0.669225 0.612939 0.669225
0 0.137061 0.665388 0.137061 0.666155 0.135965 0.666922 0.135965 0.668457 0.138158 0.668457 0.140351 0.666922 0.140351 0.666155 0.139254 0.665388
0 0.127193 0.665388 0.126096 0.666155 0.126096 0.666922 0.125 0.66769 0.126096 0.668457 0.126096 0.66769 0.127193 0.666922
0 0.458333 0.66462 0.457237 0.665388 0.457237 0.666155 0.45614 0.666922 0.45614 0.669225 0.457237 0.669992 0.457237 0.67076 0.458333 0.671527 0.461623 0.671527 0.461623 0.67076 0.462719 0.669992 0.462719 0.666155 0.461623 0.665388 0.45943 0.665388
0 0.444079 0.66462 0.444079 0.668457 0.445175 0.669225 0.447368 0.669225 0.448465 0.668457 0.448465 0.66769 0.449561 0.666922 0.449561 0.66462
0 0.154605 0.662318 0.154605 0.663085 0.155702 0.663085
0 0.532895 0.660015 0.531798 0.660783 0.530702 0.660783 0.530702 0.663085 0.532895 0.663085 0.533991 0.662318 0.533991 0.660015
0 0.609649 0.652341 0.609649 0.654643 0.608553 0.655411 0.609649 0.655411 0.609649 0.653108 0.610746 0.652341
0 0.135965 0.646201 0.135965 0.646969 0.137061 0.646969 0.137061 0.646201
0 0.112939 0.642364 0.112939 0.643131 0.111842 0.643899 0.110746 0.643899 0.115132 0.643899 0.115132 0.643131 0.114035 0.642364
0 0.466009 0.641596 0.464912 0.642364 0.464912 0.643899 0.463816 0.644666 0.463816 0.650038 0.464912 0.650806 0.467105 0.650806 0.467105 0.649271 0.468202 0.648503 0.468202 0.646969 0.467105 0.646201 0.467105 0.642364
0 0.25 0.640829 0.248904 0.641596 0.251096 0.641596 0.251096 0.640829
0 0.355263 0.638526 0.351974 0.640829 0.348684 0.640829 0.347588 0.641596 0.347588 0.642364 0.343202 0.645434 0.342105 0.645434 0.327851 0.655411 0.327851 0.656178 0.322368 0.660015 0.322368 0.660783 0.311404 0.668457 0.311404 0.669225 0.307018 0.672295 0.307018 0.673062 0.305921 0.67383 0.305921 0.674597 0.304825 0.675365 0.303728 0.675365 0.298246 0.679202 0.298246 0.679969 0.296053 0.681504 0.296053 0.682272 0.294956 0.683039 0.294956 0.683807 0.292763 0.685342 0.291667 0.685342 0.291667 0.686109 0.287281 0.689179 0.286184 0.689179 0.286184 0.690714 0.285088 0.691481 0.285088 0.693016 0.283991 0.693784 0.283991 0.694551 0.282895 0.695318 0.282895 0.696086 0.281798 0.696853 0.281798 0.697621 0.278509 0.699923 0.278509 0.701458 0.276316 0.702993 0.276316 0.703761 0.275219 0.704528 0.275219 0.706063 0.274123 0.70683 0.274123 0.708365 0.273026 0.709133 0.273026 0.7099 0.27193 0.710668 0.27193 0.711435 0.26864 0.713738 0.26864 0.714505 0.267544 0.715272 0.267544 0.71911 0.266447 0.719877 0.266447 0.720645 0.264254 0.72218 0.264254 0.722947 0.263158 0.723715 0.263158 0.726784 0.262061 0.727552 0.262061 0.728319 0.260965 0.729087 0.260965 0.729854 0.259868 0.730622 0.259868 0.731389 0.258772 0.732157 0.258772 0.732924 0.257675 0.733691 0.257675 0.737529 0.256579 0.738296 0.256579 0.741366 0.255482 0.742134 0.255482 0.743668 0.254386 0.744436 0.254386 0.749041 0.253289 0.749808 0.253289 0.750576 0.252193 0.751343 0.252193 0.752111 0.253289 0.752878 0.253289 0.754413 0.252193 0.75518 0.252193 0.760553 0.253289 0.76132 0.253289 0.762087 0.252193 0.762855 0.252193 0.766692 0.253289 0.76746 0.253289 0.768995 0.254386 0.769762 0.254386 0.774367 0.259868 0.778204 0.259868 0.778972 0.262061 0.778972 0.264254 0.780507 0.265351 0.780507 0.26864 0.782809 0.270833 0.781274 0.273026 0.781274 0.274123 0.782041 0.276316 0.782041 0.276316 0.781274 0.275219 0.780507 0.277412 0.778972 0.278509 0.778972 0.278509 0.775902 0.279605 0.775134 0.279605 0.773599 0.280702 0.772832 0.280702 0.769762 0.281798 0.768995 0.281798 0.762087 0.282895 0.76132 0.282895 0.759785 0.283991 0.759018 0.283991 0.757483 0.285088 0.756715 0.285088 0.755948 0.286184 0.75518 0.286184 0.753645 0.287281 0.752878 0.287281 0.750576 0.288377 0.749808 0.288377 0.749041 0.289474 0.748273 0.289474 0.747506 0.29057 0.746738 0.29057 0.745971 0.291667 0.745203 0.291667 0.744436 0.292763 0.743668 0.292763 0.742901 0.29386 0.742134 0.29386 0.741366 0.296053 0.739831 0.296053 0.739064 0.298246 0.737529 0.298246 0.736761 0.299342 0.735994 0.299342 0.735226 0.301535 0.733691 0.301535 0.730622 0.302632 0.729854 0.302632 0.729087 0.303728 0.728319 0.303728 0.726784 0.304825 0.726017 0.304825 0.724482 0.309211 0.721412 0.309211 0.720645 0.3125 0.718342 0.3125 0.717575 0.313596 0.716807 0.313596 0.715272 0.314693 0.714505 0.314693 0.713738 0.317982 0.711435 0.317982 0.709133 0.319079 0.708365 0.319079 0.707598 0.320175 0.70683 0.320175 0.706063 0.322368 0.704528 0.322368 0.703761 0.323465 0.702993 0.323465 0.701458 0.325658 0.699923 0.325658 0.699156 0.327851 0.697621 0.327851 0.696086 0.328947 0.695318 0.328947 0.694551 0.330044 0.693784 0.330044 0.693016 0.333333 0.690714 0.333333 0.689946 0.33443 0.689179 0.33443 0.688411 0.335526 0.687644 0.335526 0.686876 0.336623 0.686109 0.336623 0.685342 0.337719 0.684574 0.337719 0.683039 0.338816 0.682272 0.338816 0.680737 0.339912 0.679969 0.339912 0.679202 0.341009 0.678434 0.341009 0.677667 0.344298 0.675365 0.344298 0.674597 0.347588 0.672295 0.347588 0.671527 0.349781 0.669992 0.349781 0.669225 0.350877 0.668457 0.350877 0.66769 0.351974 0.666922 0.351974 0.665388 0.35307 0.66462 0.35307 0.663853 0.354167 0.663085 0.354167 0.662318 0.357456 0.660015 0.357456 0.659248 0.358553 0.65848 0.358553 0.655411 0.359649 0.654643 0.359649 0.653108 0.360746 0.652341 0.360746 0.650806 0.361842 0.650038 0.361842 0.649271 0.360746 0.648503 0.360746 0.646969 0.361842 0.646201 0.361842 0.644666 0.360746 0.643899 0.360746 0.640829 0.361842 0.640061 0.360746 0.639294 0.359649 0.639294 0.358553 0.638526
0 0.237939 0.624712 0.237939 0.626247 0.241228 0.626247 0.241228 0.62548 0.240132 0.624712
0 0.463816 0.623945 0.463816 0.62548 0.464912 0.624712 0.464912 0.623945
0 0.164474 0.623177 0.161184 0.62548 0.161184 0.627782 0.162281 0.62855 0.164474 0.62855 0.16557 0.627782 0.166667 0.627782 0.167763 0.627015 0.16886 0.627015 0.16886 0.626247 0.169956 0.62548 0.169956 0.623177
0 0.310307 0.621642 0.309211 0.62241 0.309211 0.623945 0.310307 0.623177
0 0.317982 0.612433 0.317982 0.6132 0.319079 0.6132 0.319079 0.612433
0 0.578947 0.610898 0.578947 0.611665 0.583333 0.614735 0.58443 0.614735 0.58443 0.613968 0.58114 0.611665 0.580044 0.611665
0 0.0866228 0.610898 0.0866228 0.612433 0.0877193 0.612433 0.0877193 0.611665
0 0.150219 0.605526 0.150219 0.606293 0.151316 0.606293 0.151316 0.605526
0 0.51864 0.602456 0.51864 0.603223 0.517544 0.603991 0.516447 0.603223 0.515351 0.603991 0.515351 0.606293 0.516447 0.607061 0.515351 0.607828 0.515351 0.610898 0.514254 0.611665 0.514254 0.6132 0.512061 0.614735 0.512061 0.615503 0.510965 0.61627 0.510965 0.617038 0.509868 0.617805 0.509868 0.618573 0.508772 0.61934 0.508772 0.620107 0.504386 0.623177 0.504386 0.624712 0.503289 0.62548 0.503289 0.627782 0.502193 0.62855 0.502193 0.629317 0.501096 0.630084 0.501096 0.630852 0.5 0.631619 0.5 0.632387 0.498904 0.633154 0.498904 0.633922 0.497807 0.634689 0.497807 0.635457 0.496711 0.636224 0.496711 0.636992 0.493421 0.639294 0.493421 0.640829 0.492325 0.641596 0.492325 0.643899 0.491228 0.644666 0.491228 0.646969 0.490132 0.647736 0.490132 0.649271 0.489035 0.650038 0.489035 0.651573 0.490132 0.652341 0.489035 0.653108 0.489035 0.654643 0.487939 0.655411 0.487939 0.659248 0.489035 0.660015 0.487939 0.660783 0.487939 0.663085 0.486842 0.663853 0.486842 0.669225 0.487939 0.669992 0.487939 0.671527 0.490132 0.673062 0.490132 0.67383 0.491228 0.674597 0.491228 0.675365 0.496711 0.679202 0.498904 0.679202 0.501096 0.677667 0.502193 0.677667 0.503289 0.676899 0.504386 0.676899 0.505482 0.676132 0.505482 0.675365 0.507675 0.67383 0.507675 0.673062 0.508772 0.672295 0.508772 0.67076 0.509868 0.669992 0.509868 0.669225 0.510965 0.668457 0.510965 0.666922 0.512061 0.666155 0.512061 0.665388 0.514254 0.663853 0.514254 0.663085 0.515351 0.662318 0.515351 0.66155 0.516447 0.660783 0.516447 0.660015 0.517544 0.659248 0.517544 0.65848 0.51864 0.657713 0.51864 0.656178 0.519737 0.655411 0.519737 0.653876 0.520833 0.653108 0.520833 0.652341 0.52193 0.651573 0.52193 0.650806 0.523026 0.650038 0.523026 0.647736 0.524123 0.646969 0.524123 0.645434 0.525219 0.644666 0.525219 0.643131 0.526316 0.642364 0.526316 0.640061 0.527412 0.639294 0.527412 0.638526 0.530702 0.636224 0.530702 0.635457 0.532895 0.633922 0.532895 0.633154 0.536184 0.630852 0.537281 0.630852 0.539474 0.629317 0.539474 0.62855 0.54057 0.627782 0.541667 0.627782 0.541667 0.62548 0.54386 0.623945 0.54386 0.623177 0.544956 0.62241 0.544956 0.621642 0.546053 0.620875 0.541667 0.620875 0.54057 0.621642 0.539474 0.620875 0.536184 0.620875 0.535088 0.621642 0.533991 0.621642 0.532895 0.62241 0.528509 0.62241 0.526316 0.620875 0.526316 0.618573 0.525219 0.617805 0.525219 0.61627 0.524123 0.615503 0.524123 0.614735 0.523026 0.613968 0.523026 0.61013 0.524123 0.609363 0.524123 0.606293 0.523026 0.605526 0.523026 0.604758 0.52193 0.603991 0.520833 0.603991
0 0.309211 0.600153 0.309211 0.600921 0.310307 0.600921 0.310307 0.600153
0 0.762061 0.599386 0.762061 0.600921 0.763158 0.601688 0.763158 0.599386
0 0.578947 0.597084 0.577851 0.597851 0.577851 0.600153 0.580044 0.600153 0.58114 0.599386 0.58443 0.599386 0.585526 0.600153 0.586623 0.600153 0.587719 0.600921 0.588816 0.600921 0.589912 0.600153 0.589912 0.599386 0.588816 0.598619 0.587719 0.598619 0.586623 0.597851 0.585526 0.597851 0.58443 0.597084
0 0.14364 0.594781 0.14364 0.596316 0.144737 0.596316 0.14364 0.595549
0 0.218202 0.585572 0.217105 0.586339 0.216009 0.586339 0.216009 0.587107 0.214912 0.587874 0.214912 0.589409 0.216009 0.590177 0.219298 0.590177 0.220395 0.589409 0.221491 0.589409 0.223684 0.587874 0.223684 0.587107 0.222588 0.586339 0.220395 0.586339 0.219298 0.585572
0 0.137061 0.585572 0.135965 0.586339 0.134868 0.586339 0.133772 0.587107 0.133772 0.589409 0.135965 0.590944 0.141447 0.590944 0.14364 0.589409 0.14364 0.587107 0.141447 0.585572
0 0.247807 0.581734 0.245614 0.583269 0.244518 0.583269 0.242325 0.584804 0.242325 0.586339 0.243421 0.586339 0.244518 0.587107 0.245614 0.587107 0.246711 0.586339 0.247807 0.586339 0.251096 0.584037 0.251096 0.582502 0.25 0.581734
0 0.198465 0.5802 0.197368 0.580967 0.196272 0.580967 0.196272 0.581734 0.195175 0.582502 0.195175 0.583269 0.196272 0.584037 0.196272 0.590177 0.197368 0.590944 0.197368 0.597084 0.198465 0.597851 0.198465 0.600153 0.197368 0.600921 0.196272 0.600153 0.195175 0.600921 0.192982 0.600921 0.191886 0.601688 0.190789 0.600921 0.189693 0.600921 0.188596 0.601688 0.1875 0.601688 0.186404 0.600921 0.183114 0.600921 0.182018 0.600153 0.180921 0.600153 0.179825 0.600921 0.179825 0.603223 0.180921 0.603991 0.180921 0.604758 0.182018 0.604758 0.183114 0.605526 0.184211 0.605526 0.185307 0.606293 0.1875 0.606293 0.188596 0.605526 0.189693 0.605526 0.190789 0.606293 0.192982 0.606293 0.194079 0.605526 0.196272 0.605526 0.197368 0.604758 0.198465 0.604758 0.199561 0.603991 0.200658 0.603991 0.202851 0.602456 0.202851 0.600921 0.203947 0.600153 0.203947 0.598619 0.202851 0.597851 0.202851 0.593246 0.203947 0.592479 0.203947 0.591711 0.205044 0.590944 0.205044 0.589409 0.20614 0.588642 0.20614 0.587874 0.207237 0.587107 0.207237 0.585572 0.208333 0.584804 0.208333 0.583269 0.207237 0.582502 0.207237 0.581734 0.205044 0.5802
0 0.332237 0.568688 0.332237 0.573292 0.33114 0.57406 0.33114 0.578665 0.33114 0.576362 0.332237 0.575595 0.332237 0.57406 0.333333 0.573292 0.333333 0.568688
0 0.120614 0.562548 0.120614 0.56485 0.121711 0.565618 0.121711 0.566385 0.122807 0.567153 0.122807 0.56792 0.119518 0.570223 0.119518 0.57099 0.115132 0.57406 0.112939 0.57406 0.111842 0.574827 0.108553 0.574827 0.107456 0.575595 0.10636 0.575595 0.105263 0.574827 0.105263 0.575595 0.107456 0.575595 0.109649 0.57713 0.109649 0.577897 0.109649 0.57713 0.111842 0.575595 0.114035 0.575595 0.115132 0.574827 0.116228 0.574827 0.120614 0.571757 0.120614 0.57099 0.121711 0.570223 0.121711 0.569455 0.122807 0.568688 0.126096 0.568688 0.127193 0.569455 0.128289 0.569455 0.129386 0.570223 0.130482 0.570223 0.134868 0.573292 0.134868 0.574827 0.135965 0.575595 0.135965 0.576362 0.137061 0.57713 0.139254 0.57713 0.139254 0.57406 0.140351 0.573292 0.140351 0.571757 0.139254 0.57099 0.139254 0.570223 0.138158 0.569455 0.137061 0.569455 0.135965 0.568688 0.134868 0.568688 0.133772 0.56792 0.131579 0.56792 0.130482 0.567153 0.129386 0.567153 0.128289 0.566385 0.127193 0.566385 0.125 0.56485 0.125 0.564083 0.122807 0.562548
0 0.336623 0.560246 0.336623 0.561013 0.335526 0.561781 0.336623 0.561781
0 0.101974 0.549501 0.101974 0.551804 0.10307 0.552571 0.104167 0.552571 0.105263 0.551804
0 0.302632 0.544129 0.302632 0.544896 0.303728 0.545664 0.303728 0.544129
0 0.317982 0.535687 0.317982 0.536454 0.316886 0.537222 0.317982 0.537989 0.317982 0.538757 0.319079 0.539524 0.320175 0.538757 0.320175 0.536454 0.319079 0.535687
0 0.716009 0.524942 0.716009 0.52571 0.717105 0.526477 0.717105 0.52571
0 0.279605 0.520338 0.279605 0.52264 0.280702 0.523408 0.285088 0.523408 0.285088 0.521105 0.283991 0.520338
0 0.129386 0.511128 0.128289 0.511896 0.129386 0.512663 0.130482 0.512663 0.130482 0.511896
0 0.292763 0.509593 0.291667 0.510361 0.29057 0.510361 0.288377 0.511896 0.288377 0.513431 0.289474 0.514198 0.298246 0.514198 0.299342 0.513431 0.300439 0.513431 0.300439 0.511128 0.299342 0.510361 0.299342 0.509593
0 0.142544 0.508058 0.141447 0.508826 0.142544 0.509593 0.144737 0.509593 0.144737 0.508058
0 0.301535 0.491174 0.300439 0.491942 0.296053 0.491942 0.294956 0.492709 0.289474 0.492709 0.288377 0.493477 0.287281 0.493477 0.286184 0.494244 0.285088 0.494244 0.285088 0.495779 0.286184 0.496546 0.286184 0.497314 0.287281 0.498081 0.287281 0.498849 0.288377 0.499616 0.289474 0.499616 0.29057 0.500384 0.291667 0.500384 0.292763 0.501151 0.304825 0.501151 0.305921 0.500384 0.308114 0.500384 0.311404 0.498081 0.311404 0.496546 0.3125 0.495779 0.311404 0.495012 0.311404 0.494244 0.308114 0.491942 0.307018 0.491942 0.305921 0.491174
0 0.335526 0.475825 0.33114 0.478895 0.33114 0.48043 0.330044 0.481197 0.330044 0.482732 0.328947 0.4835 0.328947 0.485802 0.330044 0.486569 0.330044 0.488872 0.33114 0.489639 0.33114 0.490407 0.332237 0.491174 0.332237 0.491942 0.335526 0.494244 0.337719 0.494244 0.338816 0.495012 0.339912 0.495012 0.341009 0.495779 0.343202 0.495779 0.344298 0.496546 0.349781 0.496546 0.350877 0.497314 0.35307 0.497314 0.355263 0.495779 0.355263 0.495012 0.354167 0.494244 0.354167 0.490407 0.35307 0.489639 0.35307 0.488872 0.351974 0.488104 0.351974 0.485802 0.350877 0.485035 0.350877 0.482732 0.349781 0.481965 0.349781 0.481197 0.347588 0.479662 0.347588 0.478895 0.345395 0.47736 0.344298 0.47736 0.342105 0.475825
0 0.149123 0.475825 0.149123 0.476592 0.148026 0.47736 0.148026 0.478895 0.14693 0.479662 0.14693 0.481965 0.149123 0.481965 0.150219 0.481197 0.150219 0.476592
0 0.698465 0.47122 0.698465 0.471988 0.697368 0.472755 0.697368 0.473523 0.692982 0.476592 0.691886 0.476592 0.690789 0.47736 0.689693 0.47736 0.689693 0.478895 0.692982 0.478895 0.695175 0.47736 0.696272 0.47736 0.697368 0.476592 0.698465 0.476592 0.698465 0.475825 0.700658 0.47429 0.700658 0.473523 0.701754 0.472755 0.701754 0.471988 0.702851 0.47122
0 0.151316 0.465848 0.151316 0.467383 0.150219 0.46815 0.150219 0.471988 0.151316 0.47122 0.152412 0.47122 0.152412 0.470453 0.153509 0.469685 0.153509 0.467383 0.152412 0.466616 0.152412 0.465848
0 0.6875 0.463546 0.685307 0.465081 0.685307 0.465848 0.684211 0.466616 0.684211 0.46815 0.685307 0.468918 0.6875 0.468918 0.689693 0.467383 0.689693 0.466616 0.690789 0.465848 0.690789 0.464313 0.689693 0.463546
0 0.298246 0.462778 0.297149 0.463546 0.298246 0.463546 0.299342 0.462778
0 0.260965 0.462011 0.258772 0.463546 0.257675 0.463546 0.256579 0.464313 0.254386 0.464313 0.253289 0.465081 0.253289 0.46815 0.251096 0.469685 0.25 0.469685 0.248904 0.470453 0.246711 0.470453 0.245614 0.47122 0.245614 0.472755 0.248904 0.475058 0.251096 0.475058 0.252193 0.475825 0.253289 0.475825 0.254386 0.475058 0.256579 0.475058 0.256579 0.47429 0.258772 0.472755 0.258772 0.471988 0.259868 0.47122 0.259868 0.46815 0.260965 0.467383 0.260965 0.466616 0.262061 0.465848 0.262061 0.465081 0.263158 0.464313 0.263158 0.463546
0 0.694079 0.455871 0.692982 0.456639 0.691886 0.456639 0.691886 0.459708 0.692982 0.459708 0.694079 0.460476 0.695175 0.460476 0.695175 0.459708 0.696272 0.458941 0.696272 0.458173 0.695175 0.457406 0.695175 0.456639
0 0.714912 0.454336 0.713816 0.455104 0.714912 0.455104
0 0.232456 0.448964 0.23136 0.449731 0.229167 0.449731 0.22807 0.450499 0.225877 0.450499 0.224781 0.451266 0.222588 0.451266 0.220395 0.452801 0.219298 0.452801 0.213816 0.456639 0.213816 0.457406 0.212719 0.458173 0.212719 0.460476 0.211623 0.461243 0.211623 0.462778 0.217105 0.462778 0.225877 0.456639 0.230263 0.456639 0.23136 0.455871 0.234649 0.455871 0.235746 0.456639 0.236842 0.456639 0.237939 0.457406 0.239035 0.457406 0.241228 0.458941 0.243421 0.458941 0.244518 0.459708 0.248904 0.459708 0.25 0.458941 0.248904 0.458173 0.248904 0.457406 0.246711 0.455871 0.246711 0.455104 0.245614 0.454336 0.244518 0.454336 0.240132 0.451266 0.239035 0.451266 0.236842 0.449731 0.234649 0.449731 0.233553 0.448964
0 0.226974 0.442057 0.225877 0.442824 0.224781 0.442824 0.224781 0.444359 0.225877 0.445127 0.229167 0.445127 0.230263 0.444359 0.230263 0.442057
0 0.682018 0.421335 0.682018 0.42287 0.683114 0.42287 0.684211 0.423638 0.686404 0.423638 0.686404 0.42287 0.685307 0.422103 0.685307 0.421335
0 0.203947 0.406754 0.205044 0.407521 0.205044 0.408289 0.20614 0.408289 0.207237 0.409056 0.208333 0.409056 0.207237 0.408289 0.207237 0.407521 0.20614 0.407521 0.205044 0.406754
0 0.303728 0.399847 0.304825 0.400614 0.304825 0.402149 0.303728 0.402916 0.303728 0.411358 0.304825 0.412126 0.304825 0.412893 0.305921 0.413661 0.305921 0.414428 0.307018 0.415196 0.307018 0.415963 0.309211 0.417498 0.309211 0.419033 0.311404 0.420568 0.311404 0.421335 0.310307 0.422103 0.310307 0.425173 0.311404 0.42594 0.311404 0.429777 0.3125 0.430545 0.3125 0.432847 0.313596 0.433615 0.313596 0.43515 0.311404 0.436685 0.310307 0.436685 0.308114 0.438219 0.308114 0.439754 0.309211 0.440522 0.310307 0.440522 0.3125 0.442057 0.313596 0.441289 0.313596 0.440522 0.315789 0.438987 0.317982 0.438987 0.320175 0.440522 0.320175 0.445894 0.321272 0.446662 0.321272 0.448964 0.322368 0.448964 0.323465 0.449731 0.324561 0.448964 0.324561 0.444359 0.323465 0.443592 0.323465 0.442824 0.321272 0.441289 0.321272 0.436685 0.320175 0.435917 0.320175 0.43515 0.319079 0.434382 0.319079 0.433615 0.317982 0.432847 0.317982 0.431312 0.316886 0.430545 0.316886 0.42901 0.315789 0.428243 0.315789 0.426708 0.314693 0.42594 0.314693 0.424405 0.313596 0.423638 0.313596 0.422103 0.3125 0.421335 0.3125 0.419033 0.311404 0.418266 0.311404 0.416731 0.310307 0.415963 0.310307 0.414428 0.309211 0.413661 0.309211 0.412126 0.308114 0.411358 0.309211 0.410591 0.308114 0.409823 0.308114 0.407521 0.309211 0.406754 0.309211 0.403684 0.308114 0.402916 0.308114 0.402149 0.305921 0.400614 0.305921 0.399847
0 0.527412 0.396009 0.526316 0.396777 0.526316 0.397544 0.525219 0.398312 0.525219 0.400614 0.524123 0.401381 0.524123 0.402149 0.523026 0.402916 0.523026 0.404451 0.520833 0.405986 0.520833 0.406754 0.519737 0.407521 0.519737 0.408289 0.516447 0.410591 0.516447 0.411358 0.515351 0.412126 0.515351 0.413661 0.517544 0.413661 0.51864 0.414428 0.523026 0.414428 0.524123 0.415196 0.527412 0.415196 0.528509 0.415963 0.531798 0.415963 0.532895 0.415196 0.532895 0.414428 0.533991 0.413661 0.533991 0.412893 0.535088 0.412126 0.535088 0.409823 0.536184 0.409056 0.536184 0.408289 0.535088 0.407521 0.535088 0.406754 0.536184 0.405986 0.536184 0.402149 0.535088 0.401381 0.535088 0.400614 0.529605 0.396777 0.529605 0.396009
0 0.286184 0.388335 0.285088 0.389102 0.285088 0.38987 0.286184 0.390637 0.287281 0.390637 0.288377 0.391404 0.289474 0.391404 0.292763 0.393707 0.29386 0.393707 0.296053 0.395242 0.297149 0.395242 0.298246 0.396009 0.299342 0.396009 0.300439 0.395242 0.300439 0.393707 0.299342 0.393707 0.298246 0.392939 0.298246 0.392172 0.296053 0.390637 0.294956 0.390637 0.292763 0.389102 0.289474 0.389102 0.288377 0.388335
0 0.26864 0.363008 0.26864 0.364543 0.267544 0.365311 0.267544 0.370683 0.26864 0.37145 0.26864 0.372218 0.269737 0.372218 0.270833 0.372985 0.27193 0.372985 0.276316 0.376055 0.276316 0.37759 0.280702 0.38066 0.281798 0.379893 0.281798 0.376055 0.276316 0.372218 0.275219 0.372218 0.274123 0.37145 0.273026 0.37145 0.27193 0.370683 0.27193 0.367613 0.270833 0.366846 0.270833 0.363776 0.269737 0.363008
0 0.580044 0.359171 0.578947 0.359939 0.577851 0.359939 0.576754 0.360706 0.574561 0.360706 0.573465 0.359939 0.570175 0.359939 0.569079 0.360706 0.566886 0.360706 0.565789 0.361474 0.564693 0.361474 0.5625 0.363008 0.561404 0.363008 0.560307 0.363776 0.560307 0.364543 0.557018 0.366846 0.557018 0.367613 0.554825 0.369148 0.554825 0.369916 0.552632 0.37145 0.552632 0.372985 0.551535 0.373753 0.551535 0.375288 0.550439 0.376055 0.550439 0.376823 0.549342 0.37759 0.549342 0.379893 0.548246 0.38066 0.548246 0.385265 0.551535 0.387567 0.552632 0.387567 0.553728 0.3868 0.553728 0.386032 0.555921 0.384497 0.555921 0.38373 0.557018 0.382962 0.557018 0.382195 0.559211 0.38066 0.559211 0.379893 0.561404 0.378358 0.561404 0.37759 0.564693 0.375288 0.564693 0.37452 0.565789 0.373753 0.566886 0.373753 0.573465 0.369148 0.573465 0.368381 0.577851 0.365311 0.577851 0.363776 0.578947 0.363008 0.578947 0.359939
0 0.267544 0.356101 0.266447 0.356869 0.265351 0.356869 0.265351 0.358404 0.26864 0.358404 0.26864 0.356101
0 0.609649 0.345357 0.607456 0.346892 0.605263 0.346892 0.604167 0.347659 0.60307 0.347659 0.601974 0.348427 0.600877 0.348427 0.599781 0.349194 0.597588 0.349194 0.596491 0.349962 0.593202 0.349962 0.593202 0.352264 0.594298 0.353031 0.595395 0.353031 0.596491 0.353799 0.596491 0.354566 0.597588 0.355334 0.599781 0.355334 0.600877 0.356101 0.604167 0.356101 0.605263 0.356869 0.608553 0.356869 0.609649 0.356101
0 0.708333 0.342287 0.708333 0.345357 0.711623 0.347659 0.712719 0.347659 0.713816 0.346892 0.713816 0.343822 0.712719 0.343054 0.712719 0.342287
0 0.262061 0.34152 0.262061 0.342287 0.264254 0.343822 0.264254 0.344589 0.266447 0.346124 0.266447 0.347659 0.267544 0.348427 0.267544 0.352264 0.267544 0.350729 0.26864 0.349962 0.267544 0.349194 0.26864 0.348427 0.267544 0.347659 0.267544 0.346124 0.266447 0.345357 0.266447 0.344589 0.264254 0.343054 0.264254 0.342287 0.263158 0.34152
0 0.725877 0.336147 0.725877 0.336915 0.726974 0.336915 0.726974 0.336147
0 0.593202 0.32924 0.591009 0.330775 0.591009 0.331543 0.589912 0.33231 0.589912 0.333078 0.58443 0.336915 0.58443 0.339217 0.583333 0.339985 0.58443 0.340752 0.591009 0.340752 0.594298 0.33845 0.594298 0.337682 0.595395 0.336915 0.595395 0.336147 0.596491 0.33538 0.596491 0.334612 0.597588 0.333845 0.597588 0.331543 0.596491 0.330775 0.596491 0.330008 0.595395 0.330008 0.594298 0.32924
0 0.243421 0.327705 0.243421 0.328473 0.244518 0.32924 0.247807 0.32924 0.247807 0.328473 0.245614 0.328473 0.244518 0.327705
0 0.235746 0.323868 0.236842 0.324635 0.236842 0.323868
0 0.610746 0.310821 0.610746 0.311589 0.609649 0.312356 0.609649 0.313124 0.608553 0.313891 0.608553 0.316193 0.612939 0.316193 0.612939 0.311589 0.611842 0.310821
0 0.277412 0.307751 0.277412 0.309286 0.278509 0.310054 0.278509 0.310821 0.279605 0.311589 0.280702 0.311589 0.280702 0.309286 0.279605 0.308519 0.279605 0.307751
0 0.701754 0.304682 0.700658 0.305449 0.700658 0.310821 0.701754 0.311589 0.701754 0.312356 0.703947 0.313891 0.707237 0.311589 0.707237 0.309286 0.708333 0.308519 0.707237 0.307751 0.707237 0.305449 0.70614 0.305449 0.705044 0.304682
0 0.656798 0.297007 0.655702 0.297774 0.655702 0.299309 0.654605 0.300077 0.654605 0.301612 0.653509 0.302379 0.651316 0.302379 0.650219 0.303147 0.648026 0.301612 0.64364 0.301612 0.642544 0.302379 0.640351 0.302379 0.639254 0.303147 0.638158 0.303147 0.638158 0.303914 0.639254 0.304682 0.648026 0.304682 0.649123 0.305449 0.652412 0.303147 0.653509 0.303147 0.655702 0.301612 0.656798 0.301612 0.658991 0.300077 0.658991 0.299309 0.660088 0.298542 0.657895 0.297007
0 0.634868 0.295472 0.633772 0.296239 0.634868 0.296239
0 0.309211 0.295472 0.309211 0.296239 0.310307 0.297007 0.310307 0.295472
0 0.240132 0.291635 0.235746 0.294705 0.235746 0.297007 0.236842 0.297774 0.236842 0.298542 0.236842 0.294705 0.239035 0.29317 0.239035 0.292402
0 0.722588 0.2901 0.722588 0.290867 0.723684 0.291635 0.726974 0.291635 0.724781 0.2901
0 0.753289 0.28703 0.752193 0.287797 0.751096 0.287797 0.75 0.288565 0.748904 0.288565 0.747807 0.289332 0.748904 0.289332 0.75 0.288565 0.751096 0.288565 0.752193 0.287797 0.753289 0.287797 0.754386 0.28703 0.757675 0.28703
0 0.449561 0.276285 0.449561 0.281658 0.450658 0.282425 0.450658 0.28396 0.451754 0.284728 0.451754 0.2901 0.452851 0.290867 0.452851 0.292402 0.45943 0.297007 0.460526 0.297007 0.463816 0.299309 0.462719 0.300077 0.462719 0.304682 0.463816 0.305449 0.463816 0.306216 0.464912 0.306984 0.464912 0.307751 0.468202 0.310054 0.469298 0.310054 0.469298 0.306984 0.474781 0.303147 0.474781 0.300844 0.473684 0.300077 0.473684 0.299309 0.464912 0.29317 0.463816 0.29317 0.458333 0.289332 0.458333 0.288565 0.45614 0.28703 0.45614 0.28396 0.457237 0.283193 0.457237 0.282425 0.45614 0.282425 0.452851 0.280123 0.452851 0.279355 0.451754 0.278588 0.451754 0.27782
0 0.471491 0.24175 0.470395 0.242517 0.469298 0.242517 0.469298 0.243285 0.470395 0.243285 0.471491 0.242517
0 0.479167 0.23254 0.476974 0.234075 0.476974 0.23561 0.47807 0.236378 0.47807 0.244052 0.479167 0.244052 0.480263 0.243285 0.48136 0.244052 0.48136 0.24482 0.480263 0.245587 0.479167 0.245587 0.47807 0.246355 0.476974 0.245587 0.472588 0.248657 0.472588 0.251727 0.471491 0.252494 0.471491 0.262471 0.472588 0.263239 0.472588 0.273983 0.473684 0.274751 0.47807 0.274751 0.479167 0.273983 0.479167 0.267076 0.480263 0.266309 0.480263 0.264774 0.479167 0.264006 0.479167 0.255564 0.47807 0.254797 0.479167 0.254029 0.479167 0.247122 0.480263 0.246355 0.480263 0.245587 0.48136 0.24482 0.48136 0.240215 0.484649 0.237913 0.48136 0.23561 0.48136 0.234075
0 0.467105 0.227168 0.466009 0.227936 0.466009 0.228703 0.464912 0.22947 0.464912 0.23254 0.464912 0.230238 0.466009 0.22947 0.466009 0.228703 0.467105 0.227936
0 0.429825 0.214889 0.429825 0.218726 0.430921 0.218726 0.430921 0.214889
0 0.330044 0.209517 0.328947 0.210284 0.328947 0.211819 0.330044 0.212586 0.330044 0.214889 0.330044 0.214121 0.33114 0.213354 0.33114 0.210284
0 0.390351 0.181888 0.389254 0.182655 0.389254 0.18419 0.390351 0.184958 0.390351 0.185725 0.391447 0.185725 0.392544 0.184958 0.392544 0.183423
0 0.677632 0.178051 0.674342 0.180353 0.674342 0.182655 0.675439 0.183423 0.676535 0.183423 0.677632 0.18419 0.678728 0.18419 0.679825 0.183423 0.680921 0.183423 0.682018 0.182655 0.682018 0.179586 0.679825 0.178051
0 0.373904 0.176516 0.373904 0.178051 0.375 0.178051 0.375 0.177283
0 0.692982 0.174981 0.691886 0.175748 0.690789 0.175748 0.690789 0.177283 0.691886 0.177283 0.694079 0.175748 0.697368 0.175748 0.696272 0.175748 0.695175 0.174981
0 0.491228 0.172678 0.491228 0.173446 0.492325 0.174213 0.492325 0.172678
0 0.39364 0.170376 0.39364 0.171144 0.392544 0.171911 0.392544 0.173446 0.39364 0.172678
0 0.462719 0.118956 0.462719 0.119724 0.464912 0.119724 0.463816 0.118956
0 0.446272 0.118956 0.446272 0.119724 0.447368 0.118956
0 0.595395 0.113584 0.594298 0.114351 0.594298 0.115119 0.595395 0.115886 0.595395 0.116654 0.596491 0.117421 0.598684 0.117421 0.599781 0.116654 0.599781 0.115119 0.598684 0.115119 0.597588 0.114351 0.596491 0.114351
0 0.492325 0.110514 0.493421 0.111282 0.496711 0.111282 0.497807 0.112049 0.5 0.112049 0.498904 0.111282 0.495614 0.111282 0.494518 0.110514
0 0.617325 0.108979 0.615132 0.110514 0.615132 0.114351 0.614035 0.115119 0.614035 0.117421 0.616228 0.118956 0.616228 0.119724 0.620614 0.119724 0.621711 0.118956 0.622807 0.118956 0.622807 0.118189 0.623904 0.117421 0.623904 0.112817 0.621711 0.111282 0.621711 0.110514 0.619518 0.108979
0 0.560307 0.108212 0.560307 0.109747 0.561404 0.109747 0.561404 0.108979
0 0.516447 0.101305 0.516447 0.10284 0.51864 0.10284 0.51864 0.102072 0.517544 0.101305
0 0.527412 0.0729087 0.527412 0.0736761 0.528509 0.0744436 0.531798 0.0744436 0.531798 0.0729087 0.531798 0.0736761 0.530702 0.0744436 0.529605 0.0744436
0 0.620614 0.0475825 0.620614 0.04835 0.621711 0.0475825
