0 0.384868 0.926324 0.384868 0.927091 0.383772 0.927859 0.383772 0.931696 0.385965 0.931696 0.387061 0.932464 0.387061 0.933231 0.389254 0.931696 0.389254 0.930929 0.388158 0.930929 0.387061 0.930161 0.389254 0.928626 0.389254 0.927091 0.387061 0.927091 0.385965 0.927859 0.384868 0.927091
0 0.387061 0.923254 0.387061 0.924021 0.385965 0.924789 0.384868 0.924789 0.387061 0.924789
0 0.338816 0.914812 0.337719 0.915579 0.33443 0.915579 0.333333 0.916347 0.333333 0.917114 0.332237 0.917882 0.33114 0.917882 0.330044 0.918649 0.324561 0.918649 0.323465 0.917882 0.320175 0.917882 0.319079 0.918649 0.317982 0.918649 0.317982 0.920184 0.320175 0.921719 0.320175 0.922487 0.321272 0.923254 0.321272 0.926324 0.322368 0.927091 0.322368 0.929394 0.323465 0.930161 0.323465 0.931696 0.324561 0.932464 0.366228 0.932464 0.366228 0.931696 0.365132 0.930929 0.365132 0.930161 0.364035 0.929394 0.364035 0.928626 0.362939 0.927859 0.362939 0.927091 0.357456 0.923254 0.357456 0.922487 0.35636 0.922487 0.355263 0.921719 0.355263 0.920184 0.350877 0.917114 0.349781 0.917114 0.348684 0.916347 0.346491 0.916347 0.345395 0.915579 0.342105 0.915579 0.341009 0.914812
0 0.41886 0.904068 0.416667 0.905602 0.416667 0.90637 0.412281 0.90944 0.412281 0.910207 0.408991 0.91251 0.408991 0.913277 0.407895 0.914045 0.407895 0.914812 0.406798 0.915579 0.406798 0.917114 0.404605 0.918649 0.404605 0.920184 0.406798 0.918649 0.410088 0.918649 0.407895 0.917114 0.407895 0.916347 0.408991 0.915579 0.410088 0.916347 0.411184 0.916347 0.412281 0.917114 0.413377 0.917114 0.412281 0.916347 0.412281 0.915579 0.414474 0.914045 0.41557 0.914812 0.416667 0.914812 0.41557 0.914812 0.414474 0.914045 0.416667 0.91251 0.419956 0.91251 0.421053 0.913277 0.422149 0.913277 0.422149 0.91251 0.423246 0.911742 0.424342 0.911742 0.423246 0.910975 0.424342 0.910207 0.430921 0.910207 0.432018 0.910975 0.433114 0.910207 0.432018 0.90944 0.430921 0.90944 0.429825 0.908672 0.429825 0.907905 0.428728 0.907137 0.426535 0.907137 0.425439 0.90637 0.424342 0.90637 0.422149 0.904835 0.421053 0.904835 0.419956 0.904068
0 0.372807 0.904068 0.371711 0.904835 0.370614 0.904835 0.372807 0.904835 0.373904 0.904068 0.376096 0.904068
0 0.380482 0.90023 0.380482 0.900998 0.378289 0.902533 0.379386 0.902533 0.379386 0.901765 0.381579 0.90023
0 0.389254 0.893323 0.388158 0.894091 0.388158 0.894858 0.387061 0.895625 0.385965 0.895625 0.385965 0.896393 0.383772 0.897928 0.383772 0.899463 0.384868 0.899463 0.384868 0.898695 0.385965 0.897928 0.384868 0.89716 0.387061 0.895625 0.388158 0.895625 0.389254 0.894858
0 0.167763 0.798158 0.167763 0.799693 0.166667 0.80046 0.166667 0.802763 0.16557 0.80353 0.16557 0.805833 0.16557 0.805065 0.166667 0.804298 0.166667 0.801228 0.167763 0.80046
0 0.167763 0.792018 0.16886 0.792786 0.16886 0.793553 0.167763 0.794321 0.167763 0.796623 0.167763 0.795088 0.16886 0.794321 0.171053 0.794321 0.169956 0.793553 0.169956 0.792786 0.16886 0.792018
0 0.151316 0.772832 0.151316 0.774367 0.152412 0.774367 0.153509 0.773599 0.153509 0.772832
0 0.448465 0.76439 0.448465 0.765157 0.449561 0.765925 0.449561 0.766692 0.449561 0.765157
0 0.182018 0.732157 0.182018 0.733691 0.183114 0.734459 0.183114 0.735226 0.184211 0.735226 0.183114 0.734459 0.183114 0.732924
0 0.576754 0.731389 0.578947 0.732924 0.580044 0.732924 0.580044 0.732157 0.578947 0.732157 0.577851 0.731389
0 0.205044 0.726017 0.205044 0.729087 0.20614 0.729087 0.20614 0.727552 0.205044 0.726784
0 0.574561 0.720645 0.574561 0.72218 0.575658 0.722947 0.574561 0.723715 0.574561 0.726017 0.574561 0.723715 0.575658 0.722947 0.575658 0.72218 0.574561 0.721412
0 0.604167 0.712203 0.605263 0.71297 0.605263 0.715272 0.60636 0.71604 0.60636 0.716807 0.607456 0.717575 0.607456 0.718342 0.608553 0.71911 0.607456 0.718342 0.607456 0.716807 0.60636 0.71604 0.60636 0.714505 0.605263 0.713738 0.605263 0.712203
0 0.589912 0.709133 0.589912 0.711435 0.591009 0.712203 0.593202 0.712203 0.594298 0.711435 0.594298 0.710668 0.593202 0.7099 0.591009 0.7099
0 0.173246 0.702993 0.172149 0.703761 0.172149 0.704528 0.174342 0.706063 0.175439 0.706063 0.176535 0.705295 0.177632 0.705295 0.177632 0.704528 0.175439 0.702993
0 0.536184 0.691481 0.535088 0.692249 0.535088 0.694551 0.536184 0.695318 0.536184 0.696086 0.537281 0.696853 0.538377 0.696853 0.539474 0.696086 0.539474 0.693016 0.537281 0.691481
0 0.550439 0.686876 0.550439 0.687644 0.549342 0.688411 0.549342 0.690714 0.550439 0.691481 0.550439 0.692249 0.553728 0.692249 0.554825 0.691481 0.554825 0.688411 0.553728 0.687644 0.552632 0.687644 0.551535 0.686876
0 0.441886 0.686109 0.440789 0.686876 0.440789 0.693016 0.439693 0.693784 0.439693 0.695318 0.440789 0.695318 0.441886 0.694551 0.441886 0.693016 0.442982 0.692249 0.442982 0.689946 0.444079 0.689179 0.442982 0.688411 0.442982 0.686109
0 0.637061 0.679969 0.637061 0.680737 0.638158 0.681504 0.639254 0.681504 0.638158 0.680737 0.638158 0.679969
0 0.179825 0.675365 0.178728 0.676132 0.178728 0.677667 0.179825 0.678434 0.180921 0.677667 0.180921 0.676132
0 0.464912 0.66769 0.463816 0.668457 0.461623 0.668457 0.460526 0.669225 0.460526 0.67383 0.462719 0.675365 0.464912 0.675365 0.466009 0.674597 0.466009 0.67383 0.467105 0.673062 0.467105 0.669225
0 0.270833 0.666922 0.270833 0.668457 0.27193 0.668457 0.27193 0.66769
0 0.445175 0.666155 0.445175 0.669992 0.446272 0.67076 0.447368 0.67076 0.448465 0.669992 0.448465 0.666922 0.447368 0.666155
0 0.345395 0.659248 0.344298 0.660015 0.342105 0.660015 0.339912 0.66155 0.337719 0.66155 0.335526 0.663085 0.33443 0.663085 0.325658 0.669225 0.324561 0.669225 0.323465 0.669992 0.321272 0.669992 0.319079 0.671527 0.319079 0.672295 0.314693 0.675365 0.313596 0.675365 0.307018 0.679969 0.307018 0.680737 0.302632 0.683807 0.302632 0.684574 0.299342 0.686876 0.299342 0.687644 0.298246 0.688411 0.298246 0.689179 0.297149 0.689946 0.297149 0.690714 0.296053 0.691481 0.296053 0.693016 0.294956 0.693784 0.294956 0.694551 0.292763 0.696086 0.292763 0.696853 0.289474 0.699156 0.289474 0.699923 0.288377 0.700691 0.288377 0.701458 0.286184 0.702993 0.286184 0.703761 0.283991 0.705295 0.283991 0.70683 0.281798 0.708365 0.281798 0.709133 0.280702 0.7099 0.280702 0.710668 0.278509 0.712203 0.278509 0.71297 0.277412 0.713738 0.277412 0.71604 0.276316 0.716807 0.276316 0.717575 0.275219 0.718342 0.275219 0.719877 0.27193 0.72218 0.27193 0.724482 0.269737 0.726017 0.269737 0.726784 0.26864 0.727552 0.26864 0.728319 0.267544 0.729087 0.267544 0.729854 0.266447 0.730622 0.266447 0.732157 0.265351 0.732924 0.265351 0.733691 0.264254 0.734459 0.264254 0.735994 0.262061 0.737529 0.262061 0.738296 0.260965 0.739064 0.260965 0.742134 0.258772 0.743668 0.258772 0.745203 0.257675 0.745971 0.257675 0.746738 0.256579 0.747506 0.256579 0.750576 0.255482 0.751343 0.255482 0.752111 0.254386 0.752878 0.254386 0.757483 0.253289 0.75825 0.253289 0.760553 0.252193 0.76132 0.252193 0.765925 0.251096 0.766692 0.251096 0.772832 0.252193 0.773599 0.252193 0.782041 0.255482 0.784344 0.255482 0.785879 0.260965 0.789716 0.260965 0.790483 0.263158 0.792018 0.263158 0.792786 0.264254 0.793553 0.265351 0.793553 0.266447 0.794321 0.267544 0.794321 0.26864 0.795088 0.270833 0.795088 0.27193 0.794321 0.273026 0.794321 0.274123 0.795088 0.276316 0.795088 0.277412 0.795856 0.278509 0.795856 0.279605 0.796623 0.280702 0.795856 0.280702 0.794321 0.281798 0.793553 0.285088 0.793553 0.287281 0.792018 0.287281 0.791251 0.288377 0.790483 0.288377 0.787414 0.29057 0.785879 0.29057 0.782809 0.291667 0.782041 0.291667 0.778204 0.292763 0.777437 0.292763 0.772064 0.29386 0.771297 0.292763 0.77053 0.292763 0.768227 0.291667 0.76746 0.291667 0.765157 0.292763 0.76439 0.292763 0.762087 0.29386 0.76132 0.29386 0.760553 0.294956 0.759785 0.294956 0.75825 0.296053 0.757483 0.296053 0.756715 0.297149 0.755948 0.297149 0.75518 0.299342 0.753645 0.299342 0.751343 0.300439 0.750576 0.300439 0.749808 0.301535 0.749041 0.301535 0.747506 0.303728 0.745971 0.303728 0.744436 0.304825 0.743668 0.304825 0.742901 0.305921 0.742134 0.305921 0.741366 0.307018 0.740599 0.307018 0.739831 0.308114 0.739064 0.308114 0.738296 0.310307 0.736761 0.310307 0.726784 0.311404 0.726017 0.311404 0.725249 0.3125 0.724482 0.3125 0.723715 0.313596 0.722947 0.313596 0.72218 0.316886 0.719877 0.316886 0.71911 0.317982 0.718342 0.317982 0.717575 0.319079 0.716807 0.319079 0.71604 0.321272 0.714505 0.321272 0.713738 0.322368 0.71297 0.322368 0.712203 0.323465 0.711435 0.323465 0.710668 0.324561 0.7099 0.324561 0.708365 0.325658 0.707598 0.325658 0.705295 0.326754 0.704528 0.326754 0.702993 0.327851 0.702226 0.327851 0.701458 0.328947 0.700691 0.328947 0.699923 0.330044 0.699156 0.330044 0.698388 0.33114 0.697621 0.33114 0.696086 0.332237 0.695318 0.332237 0.693016 0.333333 0.692249 0.333333 0.691481 0.33443 0.690714 0.33443 0.689946 0.335526 0.689179 0.335526 0.688411 0.337719 0.686876 0.337719 0.686109 0.338816 0.685342 0.338816 0.683807 0.339912 0.683039 0.339912 0.680737 0.341009 0.679969 0.341009 0.679202 0.342105 0.678434 0.342105 0.676899 0.343202 0.676132 0.343202 0.674597 0.344298 0.67383 0.344298 0.671527 0.345395 0.67076 0.345395 0.669225 0.346491 0.668457 0.346491 0.66769 0.347588 0.666922 0.347588 0.666155 0.348684 0.665388 0.348684 0.66462 0.349781 0.663853 0.349781 0.66155 0.348684 0.660783 0.348684 0.660015 0.346491 0.660015
0 0.610746 0.65848 0.609649 0.659248 0.608553 0.659248 0.608553 0.66155 0.609649 0.662318 0.609649 0.663085 0.610746 0.663853 0.611842 0.663085 0.611842 0.662318 0.612939 0.66155 0.612939 0.660783 0.611842 0.660015 0.611842 0.659248
0 0.155702 0.65848 0.155702 0.659248 0.156798 0.659248 0.156798 0.65848
0 0.539474 0.657713 0.539474 0.660015 0.54057 0.659248 0.541667 0.659248 0.541667 0.657713
0 0.468202 0.653876 0.467105 0.654643 0.467105 0.656178 0.466009 0.656946 0.466009 0.660015 0.467105 0.660783 0.467105 0.66155 0.468202 0.66155 0.469298 0.662318 0.470395 0.66155 0.470395 0.660015 0.471491 0.659248 0.471491 0.657713 0.470395 0.656946 0.470395 0.654643 0.469298 0.653876
0 0.153509 0.652341 0.148026 0.656178 0.148026 0.656946 0.149123 0.656946 0.153509 0.653876 0.153509 0.653108 0.154605 0.652341
0 0.122807 0.641596 0.122807 0.642364 0.123904 0.643131 0.126096 0.643131 0.126096 0.641596
0 0.154605 0.640061 0.152412 0.641596 0.151316 0.641596 0.150219 0.642364 0.145833 0.642364 0.144737 0.643131 0.145833 0.643899 0.145833 0.644666 0.148026 0.646201 0.149123 0.645434 0.152412 0.645434 0.155702 0.647736 0.155702 0.648503 0.154605 0.649271 0.155702 0.650038 0.156798 0.649271 0.157895 0.649271 0.157895 0.648503 0.160088 0.646969 0.160088 0.645434 0.161184 0.644666 0.161184 0.640829 0.160088 0.640061
0 0.138158 0.640061 0.138158 0.641596 0.139254 0.641596 0.139254 0.640829
0 0.258772 0.635457 0.258772 0.636992 0.259868 0.636224 0.259868 0.635457
0 0.492325 0.630084 0.492325 0.631619 0.493421 0.630852 0.493421 0.630084
0 0.305921 0.62855 0.304825 0.629317 0.304825 0.630084 0.305921 0.630084
0 0.600877 0.623177 0.600877 0.623945 0.601974 0.624712 0.60307 0.624712
0 0.244518 0.62241 0.243421 0.623177 0.243421 0.623945 0.246711 0.623945 0.246711 0.623177 0.245614 0.62241
0 0.468202 0.620107 0.468202 0.620875 0.467105 0.621642 0.467105 0.62241 0.470395 0.62241 0.470395 0.621642
0 0.171053 0.617038 0.169956 0.617805 0.169956 0.618573 0.16886 0.61934 0.16886 0.620107 0.169956 0.620875 0.169956 0.621642 0.171053 0.621642 0.172149 0.62241 0.174342 0.62241 0.176535 0.620875 0.176535 0.620107 0.175439 0.61934 0.175439 0.617805 0.174342 0.617805 0.173246 0.617038
0 0.317982 0.615503 0.317982 0.61627 0.319079 0.61627
0 0.558114 0.604758 0.557018 0.605526 0.555921 0.605526 0.554825 0.606293 0.552632 0.606293 0.550439 0.607828 0.550439 0.608596 0.549342 0.609363 0.548246 0.609363 0.548246 0.610898 0.547149 0.611665 0.547149 0.612433 0.546053 0.6132 0.546053 0.617038 0.547149 0.617805 0.546053 0.618573 0.546053 0.61934 0.547149 0.620107 0.546053 0.620875 0.546053 0.624712 0.544956 0.62548 0.523026 0.62548 0.52193 0.624712 0.519737 0.624712 0.51864 0.623945 0.517544 0.623945 0.514254 0.621642 0.509868 0.621642 0.508772 0.62241 0.508772 0.623177 0.507675 0.623945 0.507675 0.624712 0.506579 0.62548 0.506579 0.626247 0.504386 0.627782 0.504386 0.62855 0.503289 0.629317 0.503289 0.630084 0.502193 0.630852 0.502193 0.632387 0.5 0.633922 0.5 0.634689 0.498904 0.635457 0.498904 0.636224 0.497807 0.636992 0.497807 0.638526 0.496711 0.639294 0.496711 0.640829 0.495614 0.641596 0.495614 0.643131 0.494518 0.643899 0.494518 0.644666 0.493421 0.645434 0.493421 0.646201 0.492325 0.646969 0.492325 0.648503 0.491228 0.649271 0.491228 0.650806 0.490132 0.651573 0.490132 0.653108 0.489035 0.653876 0.489035 0.654643 0.487939 0.655411 0.487939 0.656946 0.486842 0.657713 0.486842 0.659248 0.485746 0.660015 0.485746 0.660783 0.484649 0.66155 0.484649 0.663085 0.483553 0.663853 0.483553 0.665388 0.482456 0.666155 0.482456 0.666922 0.48136 0.66769 0.48136 0.669992 0.480263 0.67076 0.480263 0.676132 0.485746 0.679969 0.485746 0.682272 0.484649 0.683039 0.476974 0.683039 0.474781 0.684574 0.474781 0.686109 0.473684 0.686876 0.473684 0.693784 0.472588 0.694551 0.472588 0.698388 0.473684 0.699156 0.473684 0.701458 0.474781 0.702226 0.474781 0.702993 0.475877 0.703761 0.475877 0.706063 0.47807 0.707598 0.479167 0.707598 0.480263 0.708365 0.484649 0.708365 0.485746 0.707598 0.486842 0.707598 0.491228 0.704528 0.491228 0.703761 0.492325 0.702993 0.492325 0.702226 0.494518 0.700691 0.494518 0.699156 0.496711 0.697621 0.496711 0.696853 0.497807 0.696086 0.497807 0.694551 0.498904 0.693784 0.498904 0.692249 0.507675 0.686109 0.507675 0.685342 0.509868 0.683807 0.509868 0.682272 0.510965 0.681504 0.510965 0.679969 0.512061 0.679202 0.512061 0.677667 0.513158 0.676899 0.513158 0.672295 0.514254 0.671527 0.514254 0.669992 0.515351 0.669225 0.515351 0.66462 0.516447 0.663853 0.516447 0.660783 0.517544 0.660015 0.517544 0.656178 0.51864 0.655411 0.51864 0.650806 0.519737 0.650038 0.519737 0.647736 0.520833 0.646969 0.520833 0.640829 0.52193 0.640061 0.52193 0.638526 0.523026 0.637759 0.523026 0.636992 0.524123 0.636224 0.524123 0.635457 0.525219 0.634689 0.525219 0.633922 0.526316 0.633154 0.526316 0.631619 0.527412 0.630852 0.527412 0.630084 0.528509 0.629317 0.531798 0.629317 0.532895 0.62855 0.535088 0.62855 0.536184 0.629317 0.541667 0.629317 0.542763 0.62855 0.546053 0.62855 0.547149 0.627782 0.549342 0.627782 0.552632 0.62548 0.552632 0.624712 0.553728 0.623945 0.553728 0.62241 0.554825 0.621642 0.554825 0.620875 0.553728 0.620107 0.554825 0.61934 0.554825 0.617805 0.555921 0.617038 0.551535 0.617038 0.550439 0.617805 0.549342 0.617038 0.549342 0.61627 0.550439 0.615503 0.551535 0.615503 0.552632 0.614735 0.553728 0.614735 0.554825 0.613968 0.555921 0.613968 0.557018 0.6132 0.555921 0.612433 0.555921 0.611665 0.557018 0.610898 0.558114 0.611665 0.559211 0.611665 0.559211 0.610898 0.560307 0.61013 0.560307 0.609363 0.5625 0.607828 0.563596 0.607828 0.563596 0.606293 0.5625 0.606293 0.561404 0.605526 0.560307 0.605526 0.559211 0.604758
0 0.178728 0.599386 0.177632 0.600153 0.176535 0.600153 0.176535 0.600921 0.175439 0.601688 0.175439 0.603991 0.176535 0.604758 0.177632 0.604758 0.178728 0.603991 0.179825 0.603991 0.180921 0.603223 0.180921 0.602456 0.182018 0.601688 0.180921 0.600921 0.180921 0.600153 0.179825 0.600153
0 0.10307 0.599386 0.10307 0.600153 0.104167 0.600921 0.104167 0.599386
0 0.737939 0.585572 0.737939 0.586339 0.740132 0.587874 0.742325 0.587874 0.739035 0.585572
0 0.226974 0.585572 0.225877 0.586339 0.225877 0.587874 0.226974 0.588642 0.22807 0.588642 0.229167 0.589409 0.230263 0.588642 0.230263 0.586339 0.229167 0.585572
0 0.10636 0.579432 0.10636 0.5802 0.107456 0.580967 0.107456 0.579432
0 0.258772 0.57713 0.257675 0.577897 0.256579 0.577897 0.254386 0.579432 0.254386 0.5802 0.256579 0.581734 0.257675 0.581734 0.258772 0.580967 0.260965 0.580967 0.264254 0.578665 0.264254 0.577897 0.263158 0.57713
0 0.208333 0.57713 0.207237 0.577897 0.205044 0.577897 0.201754 0.5802 0.201754 0.582502 0.200658 0.583269 0.201754 0.584037 0.201754 0.586339 0.202851 0.587107 0.207237 0.587107 0.208333 0.586339 0.210526 0.586339 0.214912 0.583269 0.214912 0.582502 0.216009 0.581734 0.214912 0.580967 0.214912 0.579432 0.213816 0.578665 0.212719 0.578665 0.211623 0.577897 0.20943 0.577897
0 0.712719 0.569455 0.712719 0.570223 0.713816 0.57099 0.713816 0.570223
0 0.126096 0.557943 0.125 0.558711 0.125 0.560246 0.126096 0.561013 0.128289 0.561013 0.129386 0.560246 0.129386 0.559478 0.128289 0.558711 0.127193 0.558711
0 0.10636 0.556408 0.104167 0.557943 0.10307 0.557943 0.101974 0.558711 0.101974 0.559478 0.10307 0.558711 0.104167 0.558711 0.105263 0.557943 0.107456 0.557943 0.108553 0.558711 0.109649 0.558711 0.110746 0.559478 0.112939 0.559478 0.114035 0.558711 0.111842 0.557176 0.110746 0.557176 0.109649 0.556408
0 0.241228 0.555641 0.240132 0.556408 0.240132 0.557943 0.242325 0.556408 0.242325 0.555641
0 0.302632 0.548734 0.302632 0.550269 0.303728 0.550269 0.303728 0.548734
0 0.321272 0.539524 0.321272 0.540292 0.320175 0.541059 0.320175 0.542594 0.321272 0.543361 0.322368 0.543361 0.323465 0.542594 0.323465 0.541059
0 0.723684 0.534919 0.724781 0.535687 0.724781 0.537222 0.726974 0.538757 0.726974 0.539524 0.729167 0.539524 0.725877 0.537222 0.725877 0.536454
0 0.714912 0.521105 0.714912 0.52264 0.716009 0.52264 0.716009 0.521105
0 0.282895 0.520338 0.281798 0.521105 0.280702 0.521105 0.280702 0.521873 0.279605 0.52264 0.280702 0.523408 0.280702 0.524175 0.281798 0.524942 0.283991 0.524942 0.285088 0.524175 0.285088 0.521873
0 0.711623 0.514965 0.712719 0.515733 0.712719 0.514965
0 0.129386 0.513431 0.129386 0.514198 0.130482 0.514965 0.130482 0.514198
0 0.294956 0.510361 0.29386 0.511128 0.292763 0.511128 0.291667 0.511896 0.291667 0.513431 0.292763 0.514198 0.292763 0.514965 0.29386 0.515733 0.294956 0.515733 0.296053 0.5165 0.299342 0.5165 0.300439 0.515733 0.302632 0.515733 0.303728 0.514965 0.303728 0.512663 0.300439 0.510361
0 0.148026 0.505756 0.14693 0.506523 0.14693 0.508058 0.149123 0.508058 0.149123 0.506523
0 0.680921 0.48043 0.680921 0.482732 0.682018 0.4835 0.686404 0.4835 0.686404 0.481197 0.685307 0.481197 0.684211 0.48043
0 0.345395 0.479662 0.344298 0.48043 0.341009 0.48043 0.341009 0.481197 0.338816 0.482732 0.338816 0.4835 0.337719 0.484267 0.337719 0.485802 0.335526 0.487337 0.335526 0.493477 0.336623 0.494244 0.336623 0.495012 0.338816 0.496546 0.338816 0.497314 0.339912 0.498081 0.341009 0.498081 0.343202 0.499616 0.343202 0.500384 0.345395 0.500384 0.346491 0.501151 0.347588 0.501151 0.348684 0.501919 0.348684 0.502686 0.349781 0.503454 0.350877 0.503454 0.351974 0.504221 0.35307 0.503454 0.355263 0.503454 0.35636 0.504221 0.357456 0.504221 0.358553 0.503454 0.359649 0.503454 0.359649 0.499616 0.360746 0.498849 0.360746 0.496546 0.359649 0.495779 0.359649 0.495012 0.358553 0.494244 0.358553 0.492709 0.357456 0.491942 0.357456 0.488872 0.35636 0.488104 0.35636 0.487337 0.355263 0.486569 0.355263 0.485802 0.354167 0.485035 0.354167 0.484267 0.35307 0.4835 0.35307 0.482732 0.350877 0.481197 0.349781 0.481197 0.348684 0.48043 0.346491 0.48043
0 0.105263 0.478895 0.105263 0.479662 0.10636 0.479662
0 0.237939 0.468918 0.237939 0.47122 0.239035 0.471988 0.239035 0.473523 0.241228 0.475058 0.241228 0.475825 0.244518 0.478127 0.244518 0.478895 0.246711 0.48043 0.246711 0.481197 0.248904 0.482732 0.248904 0.484267 0.25 0.485035 0.25 0.485802 0.253289 0.488104 0.253289 0.488872 0.258772 0.492709 0.259868 0.492709 0.265351 0.496546 0.266447 0.496546 0.267544 0.497314 0.26864 0.497314 0.269737 0.498081 0.270833 0.498081 0.27193 0.498849 0.275219 0.498849 0.276316 0.499616 0.278509 0.499616 0.279605 0.500384 0.281798 0.500384 0.282895 0.501151 0.286184 0.501151 0.287281 0.501919 0.29057 0.501919 0.291667 0.501151 0.294956 0.501151 0.296053 0.500384 0.297149 0.500384 0.298246 0.499616 0.297149 0.498849 0.297149 0.498081 0.29386 0.495779 0.292763 0.495779 0.29057 0.494244 0.289474 0.494244 0.288377 0.493477 0.286184 0.493477 0.285088 0.492709 0.283991 0.492709 0.282895 0.491942 0.281798 0.491942 0.280702 0.491174 0.278509 0.491174 0.276316 0.489639 0.275219 0.489639 0.274123 0.488872 0.273026 0.488872 0.27193 0.488104 0.270833 0.488104 0.26864 0.486569 0.267544 0.486569 0.260965 0.481965 0.260965 0.48043 0.259868 0.479662 0.259868 0.478895 0.258772 0.478127 0.258772 0.476592 0.257675 0.475825 0.257675 0.475058 0.256579 0.47429 0.256579 0.472755 0.254386 0.47122 0.254386 0.470453 0.253289 0.469685 0.241228 0.469685 0.240132 0.468918
0 0.260965 0.458941 0.259868 0.459708 0.259868 0.460476 0.258772 0.461243 0.258772 0.462011 0.259868 0.462778 0.259868 0.463546 0.260965 0.464313 0.263158 0.464313 0.264254 0.463546 0.264254 0.460476 0.262061 0.458941
0 0.150219 0.458173 0.149123 0.458941 0.149123 0.460476 0.150219 0.461243 0.153509 0.461243 0.153509 0.459708 0.151316 0.458173
0 0.144737 0.455871 0.145833 0.456639 0.14693 0.456639 0.14693 0.455871
0 0.172149 0.454336 0.171053 0.455104 0.171053 0.455871 0.172149 0.455104
0 0.698465 0.451266 0.698465 0.452801 0.699561 0.453569 0.699561 0.454336 0.701754 0.454336 0.701754 0.452034 0.700658 0.451266
0 0.128289 0.448196 0.128289 0.448964 0.129386 0.448964
0 0.678728 0.4198 0.678728 0.42287 0.680921 0.424405 0.683114 0.424405 0.683114 0.42287 0.684211 0.422103 0.683114 0.421335 0.683114 0.420568 0.682018 0.4198
0 0.226974 0.4198 0.226974 0.420568 0.22807 0.421335 0.232456 0.421335 0.232456 0.420568 0.23136 0.420568 0.230263 0.4198
0 0.700658 0.415196 0.699561 0.415963 0.700658 0.416731 0.701754 0.416731 0.701754 0.415963
0 0.302632 0.406754 0.301535 0.407521 0.301535 0.408289 0.302632 0.409056 0.302632 0.409823 0.303728 0.410591 0.303728 0.411358 0.305921 0.412893 0.307018 0.412893 0.308114 0.412126 0.308114 0.409823 0.304825 0.407521 0.303728 0.407521
0 0.523026 0.402149 0.523026 0.402916 0.52193 0.403684 0.52193 0.405986 0.520833 0.406754 0.520833 0.409056 0.519737 0.409823 0.519737 0.411358 0.51864 0.412126 0.51864 0.412893 0.517544 0.413661 0.517544 0.414428 0.515351 0.415963 0.515351 0.416731 0.513158 0.418266 0.513158 0.419033 0.509868 0.421335 0.509868 0.422103 0.512061 0.420568 0.513158 0.420568 0.514254 0.4198 0.52193 0.4198 0.523026 0.420568 0.527412 0.420568 0.528509 0.4198 0.528509 0.419033 0.529605 0.418266 0.529605 0.417498 0.530702 0.416731 0.530702 0.413661 0.531798 0.412893 0.531798 0.409823 0.530702 0.409056 0.530702 0.407521 0.529605 0.406754 0.529605 0.405986 0.524123 0.402149
0 0.560307 0.37145 0.559211 0.372218 0.558114 0.372218 0.557018 0.372985 0.557018 0.373753 0.553728 0.376055 0.553728 0.376823 0.548246 0.38066 0.548246 0.381427 0.547149 0.382195 0.547149 0.382962 0.546053 0.38373 0.546053 0.385265 0.544956 0.386032 0.544956 0.3868 0.54386 0.387567 0.54386 0.389102 0.542763 0.38987 0.542763 0.391404 0.541667 0.392172 0.541667 0.397544 0.542763 0.398312 0.542763 0.399847 0.544956 0.401381 0.544956 0.402149 0.546053 0.402916 0.550439 0.402916 0.552632 0.401381 0.552632 0.399847 0.553728 0.399079 0.553728 0.398312 0.554825 0.397544 0.554825 0.396009 0.555921 0.395242 0.555921 0.394474 0.557018 0.393707 0.557018 0.392939 0.558114 0.392172 0.558114 0.390637 0.559211 0.38987 0.559211 0.389102 0.560307 0.388335 0.560307 0.387567 0.561404 0.3868 0.561404 0.384497 0.5625 0.38373 0.5625 0.382195 0.563596 0.381427 0.563596 0.379125 0.564693 0.378358 0.564693 0.375288 0.565789 0.37452 0.565789 0.372985 0.564693 0.372218 0.563596 0.372218 0.5625 0.37145
0 0.25 0.37145 0.247807 0.372985 0.247807 0.376055 0.247807 0.373753 0.25 0.372218 0.251096 0.372218 0.252193 0.372985 0.254386 0.372985 0.255482 0.373753 0.256579 0.373753 0.257675 0.37452 0.258772 0.37452 0.259868 0.375288 0.260965 0.375288 0.262061 0.376055 0.263158 0.376055 0.262061 0.376055 0.258772 0.373753 0.257675 0.373753 0.256579 0.372985 0.255482 0.372985 0.254386 0.372218 0.251096 0.372218
0 0.246711 0.350729 0.245614 0.351497 0.244518 0.351497 0.243421 0.352264 0.242325 0.352264 0.242325 0.353031 0.243421 0.353031 0.245614 0.351497 0.247807 0.351497 0.248904 0.352264 0.25 0.352264 0.251096 0.353031 0.252193 0.353031 0.252193 0.351497 0.251096 0.351497 0.25 0.350729
0 0.712719 0.345357 0.712719 0.346892 0.710526 0.348427 0.70943 0.347659 0.70943 0.346892 0.708333 0.346892 0.707237 0.346124 0.705044 0.346124 0.705044 0.346892 0.70614 0.347659 0.70614 0.348427 0.70943 0.350729 0.710526 0.350729 0.711623 0.349962 0.714912 0.349962 0.714912 0.349194 0.716009 0.348427 0.716009 0.347659 0.714912 0.346892 0.714912 0.346124 0.713816 0.345357
0 0.619518 0.345357 0.619518 0.346124 0.615132 0.349194 0.614035 0.349194 0.612939 0.349962 0.608553 0.349962 0.60636 0.348427 0.605263 0.348427 0.60307 0.349962 0.601974 0.349962 0.600877 0.350729 0.597588 0.350729 0.596491 0.351497 0.594298 0.351497 0.589912 0.354566 0.588816 0.354566 0.588816 0.355334 0.587719 0.356101 0.587719 0.356869 0.585526 0.358404 0.58443 0.358404 0.583333 0.359171 0.580044 0.359171 0.578947 0.358404 0.577851 0.358404 0.576754 0.357636 0.573465 0.357636 0.573465 0.358404 0.574561 0.359171 0.575658 0.359171 0.576754 0.359939 0.578947 0.359939 0.580044 0.360706 0.58443 0.360706 0.585526 0.359939 0.587719 0.359939 0.588816 0.360706 0.588816 0.361474 0.589912 0.362241 0.589912 0.365311 0.591009 0.366078 0.591009 0.368381 0.592105 0.369148 0.592105 0.370683 0.593202 0.37145 0.593202 0.375288 0.595395 0.375288 0.595395 0.37452 0.596491 0.373753 0.595395 0.372985 0.595395 0.37145 0.594298 0.370683 0.594298 0.369148 0.593202 0.368381 0.593202 0.367613 0.592105 0.366846 0.592105 0.360706 0.591009 0.359939 0.591009 0.359171 0.592105 0.358404 0.592105 0.357636 0.597588 0.353799 0.601974 0.353799 0.60307 0.354566 0.605263 0.354566 0.60636 0.355334 0.609649 0.355334 0.611842 0.356869 0.616228 0.356869 0.617325 0.357636 0.619518 0.357636 0.619518 0.356869 0.622807 0.354566 0.622807 0.350729 0.623904 0.349962 0.623904 0.349194 0.625 0.348427 0.623904 0.347659 0.623904 0.346892 0.622807 0.346124 0.621711 0.346124 0.620614 0.345357
0 0.774123 0.327705 0.773026 0.328473 0.77193 0.328473 0.774123 0.328473 0.775219 0.327705
0 0.598684 0.324635 0.598684 0.325403 0.597588 0.32617 0.597588 0.333078 0.598684 0.333078 0.599781 0.333845 0.600877 0.333845 0.600877 0.333078 0.601974 0.33231 0.601974 0.32924 0.60307 0.328473 0.60307 0.325403 0.601974 0.325403 0.600877 0.324635
0 0.60636 0.318496 0.605263 0.319263 0.605263 0.320031 0.60636 0.320798 0.60636 0.321566 0.608553 0.323101 0.610746 0.323101 0.610746 0.322333 0.611842 0.321566 0.611842 0.320031 0.610746 0.319263 0.610746 0.318496
0 0.702851 0.313124 0.700658 0.314658 0.700658 0.315426 0.699561 0.316193 0.699561 0.320031 0.697368 0.321566 0.697368 0.322333 0.699561 0.323868 0.699561 0.324635 0.700658 0.324635 0.700658 0.321566 0.702851 0.320031 0.705044 0.320031 0.707237 0.318496 0.707237 0.316193 0.70614 0.315426 0.70614 0.313891 0.705044 0.313124
0 0.629386 0.303147 0.628289 0.303914 0.627193 0.303914 0.627193 0.304682 0.626096 0.305449 0.628289 0.306984 0.630482 0.306984 0.631579 0.306216 0.631579 0.303914 0.630482 0.303147
0 0.469298 0.302379 0.468202 0.303147 0.466009 0.303147 0.466009 0.303914 0.464912 0.304682 0.464912 0.305449 0.463816 0.306216 0.463816 0.307751 0.464912 0.308519 0.466009 0.308519 0.467105 0.309286 0.467105 0.310054 0.468202 0.310821 0.468202 0.311589 0.467105 0.312356 0.467105 0.318496 0.466009 0.319263 0.466009 0.320031 0.464912 0.320798 0.464912 0.323101 0.466009 0.323868 0.466009 0.325403 0.464912 0.32617 0.464912 0.326938 0.466009 0.327705 0.466009 0.32924 0.467105 0.330008 0.467105 0.333845 0.468202 0.334612 0.468202 0.33538 0.469298 0.336147 0.469298 0.336915 0.470395 0.337682 0.470395 0.339217 0.471491 0.339985 0.471491 0.343822 0.472588 0.344589 0.472588 0.345357 0.474781 0.346892 0.474781 0.347659 0.475877 0.348427 0.475877 0.349962 0.476974 0.349962 0.476974 0.349194 0.475877 0.348427 0.475877 0.346124 0.474781 0.345357 0.474781 0.344589 0.473684 0.343822 0.473684 0.343054 0.472588 0.342287 0.472588 0.339217 0.475877 0.336915 0.473684 0.33538 0.473684 0.331543 0.474781 0.330775 0.474781 0.32617 0.473684 0.325403 0.473684 0.323101 0.474781 0.322333 0.474781 0.320798 0.475877 0.320031 0.475877 0.317728 0.476974 0.316961 0.476974 0.311589 0.474781 0.310054 0.474781 0.309286 0.473684 0.308519 0.473684 0.307751 0.474781 0.306984 0.474781 0.306216
0 0.615132 0.297774 0.615132 0.300844 0.614035 0.301612 0.614035 0.303147 0.612939 0.303914 0.612939 0.306216 0.611842 0.306984 0.611842 0.309286 0.614035 0.309286 0.614035 0.308519 0.615132 0.307751 0.615132 0.306984 0.618421 0.304682 0.618421 0.303914 0.617325 0.303147 0.617325 0.302379 0.616228 0.301612 0.616228 0.298542
0 0.260965 0.297007 0.264254 0.299309 0.265351 0.299309 0.266447 0.300077 0.267544 0.300077 0.269737 0.301612 0.270833 0.301612 0.270833 0.300844 0.26864 0.299309 0.267544 0.299309 0.266447 0.298542 0.265351 0.298542 0.263158 0.297007
0 0.661184 0.289332 0.661184 0.290867 0.660088 0.291635 0.660088 0.293937 0.662281 0.292402 0.662281 0.289332
0 0.442982 0.263239 0.438596 0.266309 0.439693 0.267076 0.439693 0.268611 0.440789 0.269378 0.440789 0.270913 0.442982 0.272448 0.442982 0.273983 0.445175 0.275518 0.445175 0.277053 0.446272 0.27782 0.446272 0.283193 0.447368 0.28396 0.448465 0.28396 0.449561 0.284728 0.450658 0.28396 0.450658 0.283193 0.451754 0.282425 0.451754 0.281658 0.450658 0.28089 0.450658 0.276285 0.449561 0.275518 0.449561 0.273983 0.448465 0.273216 0.448465 0.272448 0.447368 0.271681 0.447368 0.270913 0.446272 0.270146 0.446272 0.269378 0.445175 0.268611 0.445175 0.267843 0.444079 0.267076 0.444079 0.265541 0.442982 0.264774
0 0.725877 0.230238 0.721491 0.233308 0.721491 0.234075 0.720395 0.234843 0.720395 0.23561 0.722588 0.23561 0.725877 0.233308
0 0.448465 0.22947 0.448465 0.230238 0.449561 0.231005 0.452851 0.231005 0.451754 0.231005 0.450658 0.230238 0.449561 0.230238
0 0.744518 0.227168 0.743421 0.227936 0.737939 0.227936 0.739035 0.228703 0.752193 0.228703 0.751096 0.228703 0.75 0.227936 0.745614 0.227936
0 0.440789 0.221028 0.441886 0.221796 0.442982 0.221796 0.441886 0.221028
0 0.432018 0.221028 0.432018 0.223331 0.433114 0.224098 0.433114 0.225633 0.434211 0.226401 0.433114 0.227168 0.432018 0.227168 0.432018 0.227936 0.433114 0.228703 0.433114 0.22947 0.434211 0.228703 0.434211 0.225633 0.435307 0.224866 0.435307 0.222563 0.433114 0.221028
0 0.362939 0.205679 0.362939 0.207214 0.361842 0.207982 0.361842 0.208749 0.360746 0.209517 0.360746 0.210284 0.361842 0.210284 0.361842 0.208749 0.362939 0.207982
0 0.326754 0.203377 0.326754 0.204144 0.327851 0.204912 0.327851 0.204144
0 0.368421 0.201842 0.367325 0.202609 0.366228 0.202609 0.368421 0.202609 0.369518 0.203377 0.371711 0.203377 0.372807 0.202609 0.371711 0.202609 0.370614 0.201842
0 0.379386 0.19954 0.379386 0.201074 0.381579 0.201074
0 0.487939 0.195702 0.485746 0.197237 0.485746 0.200307 0.486842 0.201074 0.486842 0.207214 0.487939 0.207982 0.487939 0.214889 0.486842 0.215656 0.486842 0.224098 0.485746 0.224866 0.485746 0.226401 0.484649 0.227168 0.484649 0.227936 0.483553 0.228703 0.483553 0.230238 0.484649 0.22947 0.485746 0.22947 0.485746 0.228703 0.486842 0.227936 0.486842 0.227168 0.487939 0.226401 0.487939 0.223331 0.486842 0.222563 0.486842 0.215656 0.487939 0.214889 0.487939 0.212586 0.489035 0.211819 0.489035 0.206447 0.490132 0.205679 0.490132 0.198772 0.489035 0.198005 0.489035 0.195702
0 0.391447 0.181888 0.389254 0.183423 0.389254 0.185725 0.390351 0.186493 0.391447 0.186493 0.39364 0.184958 0.39364 0.18419 0.392544 0.183423 0.392544 0.182655
0 0.392544 0.176516 0.392544 0.177283 0.39364 0.178051 0.39364 0.178818 0.394737 0.178818 0.394737 0.178051 0.39364 0.177283 0.39364 0.176516
0 0.375 0.176516 0.375 0.177283 0.376096 0.178051 0.376096 0.176516
0 0.671053 0.175748 0.667763 0.178051 0.671053 0.180353 0.671053 0.18112 0.672149 0.18112 0.673246 0.181888 0.677632 0.181888 0.678728 0.18112 0.679825 0.18112 0.680921 0.180353 0.680921 0.179586 0.678728 0.178051 0.677632 0.178051 0.675439 0.176516 0.674342 0.176516 0.673246 0.175748
0 0.484649 0.158864 0.484649 0.165004 0.483553 0.165771 0.483553 0.170376 0.484649 0.171144 0.484649 0.171911 0.485746 0.171144 0.485746 0.170376 0.486842 0.169609 0.486842 0.167306 0.485746 0.166539 0.485746 0.159632
0 0.472588 0.128933 0.473684 0.129701 0.473684 0.137375 0.474781 0.138143 0.474781 0.137375 0.475877 0.136608 0.475877 0.132771 0.474781 0.132003 0.474781 0.130468 0.473684 0.129701 0.473684 0.128933
0 0.452851 0.124328 0.452851 0.125096 0.453947 0.125096 0.455044 0.125863 0.458333 0.125863 0.45943 0.125096 0.460526 0.125096 0.460526 0.124328 0.458333 0.124328 0.457237 0.125096 0.453947 0.125096
0 0.448465 0.117421 0.448465 0.118189 0.447368 0.118956 0.447368 0.119724 0.448465 0.120491 0.448465 0.121259 0.450658 0.122794 0.449561 0.122026 0.449561 0.119724 0.448465 0.118956
0 0.615132 0.115119 0.611842 0.117421 0.611842 0.118189 0.610746 0.118956 0.610746 0.122026 0.614035 0.124328 0.615132 0.124328 0.616228 0.125096 0.617325 0.125096 0.618421 0.125863 0.619518 0.125096 0.620614 0.125096 0.620614 0.124328 0.621711 0.123561 0.621711 0.122794 0.620614 0.122026 0.620614 0.118189 0.616228 0.115119
0 0.525219 0.110514 0.524123 0.111282 0.523026 0.111282 0.523026 0.112817 0.524123 0.113584 0.529605 0.113584 0.530702 0.112817 0.530702 0.112049 0.529605 0.111282 0.528509 0.111282 0.527412 0.110514
0 0.608553 0.108212 0.607456 0.108979 0.60636 0.108979 0.60636 0.109747 0.605263 0.110514 0.605263 0.112049 0.60636 0.112817 0.607456 0.112049 0.608553 0.112049 0.609649 0.111282 0.609649 0.110514 0.610746 0.109747 0.611842 0.109747 0.610746 0.108979 0.610746 0.108212
0 0.557018 0.106677 0.557018 0.108979 0.558114 0.108979 0.558114 0.107444
0 0.60307 0.0874904 0.60307 0.0890253 0.604167 0.0890253 0.605263 0.0882579 0.605263 0.0874904
0 0.583333 0.085188 0.583333 0.0859555 0.58443 0.0867229 0.58443 0.0859555
0 0.536184 0.0790483 0.535088 0.0798158 0.536184 0.0805833 0.537281 0.0805833 0.537281 0.0798158
0 0.585526 0.0752111 0.583333 0.076746 0.583333 0.0782809 0.582237 0.0790483 0.582237 0.0798158 0.583333 0.0790483 0.583333 0.0782809 0.58443 0.0775134 0.58443 0.076746 0.585526 0.0759785
0 0.610746 0.066769 0.610746 0.0675365 0.609649 0.0683039 0.609649 0.0690714 0.608553 0.0698388 0.608553 0.0713738 0.607456 0.0721412 0.607456 0.0744436 0.60636 0.0752111 0.60636 0.0759785 0.607456 0.076746 0.607456 0.0744436 0.608553 0.0736761 0.608553 0.0729087 0.609649 0.0721412 0.609649 0.0713738 0.610746 0.0706063 0.610746 0.0690714 0.611842 0.0683039 0.611842 0.066769
