0 0.389254 0.932464 0.387061 0.933998 0.385965 0.933231 0.387061 0.933998 0.387061 0.935533 0.385965 0.936301 0.385965 0.937836 0.387061 0.937068 0.387061 0.936301 0.388158 0.935533 0.389254 0.935533
0 0.382675 0.931696 0.382675 0.932464 0.381579 0.933231 0.382675 0.933998 0.383772 0.933998 0.382675 0.933231
0 0.387061 0.927091 0.387061 0.927859 0.384868 0.929394 0.384868 0.930161 0.384868 0.929394 0.385965 0.928626 0.387061 0.929394 0.388158 0.929394 0.389254 0.930161 0.389254 0.930929 0.389254 0.930161 0.388158 0.929394 0.388158 0.928626 0.387061 0.927859
0 0.413377 0.913277 0.413377 0.914045 0.41557 0.914045 0.414474 0.914045
0 0.383772 0.907137 0.383772 0.907905 0.384868 0.907137
0 0.389254 0.90637 0.389254 0.907137 0.388158 0.907905 0.388158 0.908672 0.387061 0.90944 0.387061 0.913277 0.387061 0.910207 0.388158 0.90944 0.388158 0.907905 0.389254 0.907137
0 0.326754 0.90637 0.325658 0.907137 0.323465 0.907137 0.322368 0.907905 0.320175 0.907905 0.320175 0.908672 0.319079 0.90944 0.315789 0.90944 0.315789 0.910207 0.313596 0.911742 0.3125 0.911742 0.311404 0.910975 0.309211 0.910975 0.308114 0.910207 0.307018 0.910207 0.305921 0.90944 0.305921 0.910207 0.307018 0.910975 0.307018 0.914812 0.308114 0.915579 0.309211 0.915579 0.3125 0.917882 0.3125 0.918649 0.314693 0.920184 0.314693 0.920952 0.315789 0.921719 0.315789 0.922487 0.316886 0.923254 0.316886 0.924021 0.317982 0.924789 0.317982 0.925556 0.319079 0.926324 0.319079 0.927091 0.320175 0.927859 0.320175 0.929394 0.321272 0.930161 0.321272 0.932464 0.368421 0.932464 0.368421 0.931696 0.367325 0.930929 0.367325 0.929394 0.366228 0.928626 0.366228 0.927859 0.365132 0.927091 0.365132 0.926324 0.361842 0.924021 0.361842 0.922487 0.358553 0.920184 0.358553 0.919417 0.357456 0.918649 0.35636 0.918649 0.35307 0.916347 0.351974 0.916347 0.346491 0.91251 0.346491 0.911742 0.343202 0.90944 0.343202 0.907905 0.341009 0.907905 0.339912 0.908672 0.338816 0.907905 0.335526 0.907905 0.33443 0.907137 0.33114 0.907137 0.330044 0.90637
0 0.422149 0.894858 0.422149 0.895625 0.417763 0.898695 0.416667 0.898695 0.416667 0.899463 0.412281 0.902533 0.412281 0.9033 0.410088 0.904835 0.410088 0.905602 0.408991 0.90637 0.408991 0.907137 0.407895 0.907905 0.407895 0.908672 0.406798 0.90944 0.406798 0.91251 0.405702 0.913277 0.405702 0.915579 0.404605 0.916347 0.404605 0.927091 0.405702 0.927091 0.405702 0.926324 0.404605 0.925556 0.404605 0.924789 0.405702 0.924021 0.406798 0.924789 0.407895 0.924789 0.408991 0.925556 0.408991 0.926324 0.408991 0.924789 0.407895 0.924021 0.407895 0.923254 0.408991 0.922487 0.407895 0.921719 0.408991 0.920952 0.411184 0.920952 0.408991 0.920952 0.407895 0.920184 0.408991 0.919417 0.408991 0.918649 0.410088 0.917882 0.411184 0.918649 0.411184 0.919417 0.411184 0.916347 0.412281 0.915579 0.411184 0.914812 0.411184 0.914045 0.410088 0.913277 0.412281 0.911742 0.414474 0.911742 0.413377 0.910975 0.414474 0.910207 0.4375 0.910207 0.436404 0.90944 0.436404 0.904835 0.435307 0.904068 0.435307 0.900998 0.434211 0.90023 0.434211 0.897928 0.433114 0.89716 0.429825 0.89716 0.427632 0.895625 0.426535 0.896393 0.425439 0.895625 0.424342 0.895625 0.423246 0.894858
0 0.383772 0.892556 0.382675 0.893323 0.381579 0.893323 0.381579 0.894091 0.376096 0.897928 0.378289 0.896393 0.380482 0.896393 0.382675 0.894858 0.383772 0.894858 0.382675 0.894858 0.381579 0.894091
0 0.387061 0.889486 0.387061 0.893323 0.388158 0.892556 0.389254 0.892556 0.389254 0.891788 0.388158 0.891021 0.388158 0.890253 0.389254 0.889486
0 0.110746 0.801228 0.110746 0.801995 0.111842 0.802763 0.112939 0.802763 0.112939 0.801995 0.111842 0.801995
0 0.0986842 0.796623 0.0986842 0.797391 0.0975877 0.798158 0.0997807 0.798158 0.0997807 0.797391
0 0.173246 0.785879 0.172149 0.786646 0.173246 0.787414 0.174342 0.787414 0.174342 0.786646
0 0.201754 0.775134 0.201754 0.776669 0.202851 0.777437 0.202851 0.780507 0.203947 0.781274 0.202851 0.780507 0.202851 0.776669 0.201754 0.775902
0 0.155702 0.768227 0.154605 0.768995 0.154605 0.769762 0.155702 0.77053 0.156798 0.77053 0.156798 0.768227
0 0.588816 0.739831 0.589912 0.740599 0.589912 0.742134 0.591009 0.742901 0.591009 0.744436 0.592105 0.745203 0.592105 0.745971 0.593202 0.746738 0.593202 0.745971 0.592105 0.745203 0.592105 0.743668 0.591009 0.742901 0.591009 0.742134 0.589912 0.741366 0.589912 0.740599
0 0.626096 0.734459 0.625 0.735226 0.625 0.735994 0.626096 0.735226 0.627193 0.735226 0.628289 0.735994 0.629386 0.735994 0.630482 0.736761 0.631579 0.736761 0.632675 0.737529 0.633772 0.737529 0.634868 0.738296 0.637061 0.738296 0.638158 0.739064 0.640351 0.739064 0.640351 0.738296 0.637061 0.738296 0.635965 0.737529 0.633772 0.737529 0.632675 0.736761 0.631579 0.736761 0.630482 0.735994 0.629386 0.735994 0.627193 0.734459
0 0.183114 0.734459 0.183114 0.735226 0.184211 0.735994 0.184211 0.734459
0 0.525219 0.726017 0.523026 0.727552 0.523026 0.729087 0.525219 0.727552 0.526316 0.727552 0.527412 0.726784 0.527412 0.726017
0 0.20614 0.721412 0.20614 0.72218 0.207237 0.722947 0.208333 0.722947 0.207237 0.72218 0.207237 0.721412
0 0.155702 0.719877 0.155702 0.722947 0.155702 0.72218 0.156798 0.721412 0.156798 0.719877
0 0.148026 0.71604 0.149123 0.716807 0.149123 0.717575 0.150219 0.718342 0.150219 0.71911 0.151316 0.71911 0.150219 0.718342 0.150219 0.717575 0.149123 0.716807 0.149123 0.71604
0 0.593202 0.715272 0.593202 0.71604 0.595395 0.71604 0.594298 0.715272
0 0.225877 0.707598 0.225877 0.708365 0.224781 0.709133 0.225877 0.7099 0.226974 0.709133 0.226974 0.707598
0 0.607456 0.702993 0.60636 0.703761 0.607456 0.703761 0.608553 0.704528 0.608553 0.703761
0 0.121711 0.702993 0.120614 0.703761 0.119518 0.703761 0.119518 0.704528 0.116228 0.70683 0.116228 0.708365 0.118421 0.708365 0.120614 0.70683 0.120614 0.706063 0.122807 0.704528 0.123904 0.704528 0.123904 0.703761 0.122807 0.702993
0 0.536184 0.702226 0.536184 0.702993 0.535088 0.703761 0.535088 0.707598 0.536184 0.708365 0.536184 0.709133 0.537281 0.7099 0.538377 0.709133 0.538377 0.708365 0.539474 0.707598 0.539474 0.704528 0.538377 0.703761 0.538377 0.702993 0.537281 0.702226
0 0.179825 0.700691 0.178728 0.701458 0.177632 0.701458 0.177632 0.702226 0.176535 0.702993 0.179825 0.705295 0.180921 0.704528 0.182018 0.704528 0.183114 0.703761 0.180921 0.702226 0.180921 0.701458
0 0.550439 0.693784 0.550439 0.694551 0.551535 0.695318 0.550439 0.696086 0.549342 0.696086 0.549342 0.698388 0.550439 0.699156 0.552632 0.697621 0.552632 0.696853 0.553728 0.696086 0.555921 0.696086 0.560307 0.699156 0.560307 0.699923 0.563596 0.702226 0.565789 0.702226 0.565789 0.700691 0.564693 0.699923 0.564693 0.699156 0.563596 0.698388 0.563596 0.697621 0.5625 0.696853 0.560307 0.696853 0.559211 0.696086 0.558114 0.696086 0.557018 0.695318 0.555921 0.695318 0.554825 0.694551 0.553728 0.694551 0.552632 0.693784
0 0.442982 0.693016 0.441886 0.693784 0.442982 0.694551 0.442982 0.695318 0.444079 0.695318 0.444079 0.693016
0 0.330044 0.683039 0.328947 0.683807 0.327851 0.683807 0.326754 0.684574 0.324561 0.684574 0.321272 0.686876 0.320175 0.686876 0.319079 0.687644 0.315789 0.687644 0.314693 0.688411 0.314693 0.689179 0.313596 0.689946 0.313596 0.691481 0.3125 0.692249 0.3125 0.693016 0.311404 0.693784 0.311404 0.694551 0.309211 0.696086 0.309211 0.696853 0.305921 0.699156 0.304825 0.699156 0.302632 0.700691 0.302632 0.701458 0.301535 0.702226 0.301535 0.703761 0.300439 0.704528 0.300439 0.705295 0.298246 0.70683 0.297149 0.70683 0.297149 0.707598 0.294956 0.709133 0.294956 0.710668 0.29386 0.711435 0.29386 0.712203 0.288377 0.71604 0.288377 0.718342 0.285088 0.720645 0.285088 0.722947 0.283991 0.723715 0.283991 0.725249 0.278509 0.729087 0.277412 0.729087 0.276316 0.729854 0.276316 0.730622 0.275219 0.731389 0.275219 0.732157 0.274123 0.732924 0.274123 0.733691 0.273026 0.734459 0.273026 0.735226 0.27193 0.735994 0.270833 0.735994 0.270833 0.736761 0.269737 0.737529 0.269737 0.739064 0.26864 0.739831 0.26864 0.740599 0.267544 0.741366 0.267544 0.743668 0.263158 0.746738 0.263158 0.750576 0.262061 0.751343 0.262061 0.752111 0.260965 0.752878 0.260965 0.757483 0.259868 0.75825 0.259868 0.759785 0.256579 0.762087 0.256579 0.763622 0.255482 0.76439 0.255482 0.76746 0.254386 0.768227 0.254386 0.769762 0.253289 0.77053 0.253289 0.775902 0.251096 0.777437 0.251096 0.778204 0.252193 0.778972 0.252193 0.784344 0.253289 0.785111 0.252193 0.785879 0.253289 0.786646 0.253289 0.787414 0.254386 0.788181 0.254386 0.790483 0.255482 0.791251 0.255482 0.792786 0.256579 0.793553 0.256579 0.794321 0.255482 0.795088 0.255482 0.795856 0.257675 0.797391 0.257675 0.798158 0.258772 0.798926 0.258772 0.80046 0.262061 0.802763 0.263158 0.801995 0.266447 0.801995 0.26864 0.80353 0.27193 0.80353 0.273026 0.802763 0.275219 0.802763 0.276316 0.80353 0.280702 0.80353 0.281798 0.804298 0.285088 0.804298 0.286184 0.80353 0.287281 0.80353 0.289474 0.801995 0.29057 0.802763 0.291667 0.802763 0.294956 0.80046 0.294956 0.798926 0.296053 0.798158 0.296053 0.797391 0.297149 0.796623 0.297149 0.794321 0.298246 0.793553 0.298246 0.790483 0.299342 0.789716 0.299342 0.787414 0.298246 0.786646 0.299342 0.785879 0.299342 0.785111 0.300439 0.784344 0.300439 0.782809 0.302632 0.781274 0.302632 0.780507 0.301535 0.779739 0.301535 0.778972 0.302632 0.778204 0.300439 0.776669 0.300439 0.775902 0.301535 0.775134 0.300439 0.774367 0.301535 0.773599 0.301535 0.768995 0.302632 0.768227 0.301535 0.76746 0.301535 0.762087 0.302632 0.76132 0.302632 0.760553 0.303728 0.759785 0.303728 0.75825 0.304825 0.757483 0.304825 0.756715 0.305921 0.755948 0.305921 0.75518 0.307018 0.754413 0.307018 0.753645 0.308114 0.752878 0.308114 0.747506 0.309211 0.746738 0.309211 0.742134 0.310307 0.741366 0.310307 0.739831 0.311404 0.739064 0.311404 0.738296 0.3125 0.737529 0.3125 0.735994 0.313596 0.735226 0.313596 0.733691 0.314693 0.732924 0.314693 0.732157 0.315789 0.731389 0.315789 0.729854 0.316886 0.729087 0.316886 0.726784 0.317982 0.726017 0.317982 0.722947 0.319079 0.72218 0.319079 0.721412 0.320175 0.720645 0.320175 0.719877 0.321272 0.71911 0.321272 0.718342 0.322368 0.717575 0.322368 0.71604 0.323465 0.715272 0.323465 0.713738 0.324561 0.71297 0.324561 0.710668 0.325658 0.7099 0.325658 0.706063 0.326754 0.705295 0.326754 0.703761 0.327851 0.702993 0.327851 0.701458 0.328947 0.700691 0.328947 0.699923 0.330044 0.699156 0.330044 0.698388 0.33114 0.697621 0.33114 0.696086 0.332237 0.695318 0.332237 0.689946 0.333333 0.689179 0.333333 0.686876 0.33443 0.686109 0.33443 0.685342 0.33114 0.683039
0 0.176535 0.680737 0.176535 0.682272 0.177632 0.683039 0.177632 0.684574 0.178728 0.685342 0.179825 0.684574 0.179825 0.683807 0.180921 0.683039 0.177632 0.680737
0 0.469298 0.66462 0.469298 0.665388 0.468202 0.666155 0.468202 0.666922 0.467105 0.66769 0.468202 0.668457 0.466009 0.669992 0.466009 0.671527 0.464912 0.672295 0.464912 0.673062 0.463816 0.67383 0.463816 0.674597 0.462719 0.675365 0.462719 0.676899 0.461623 0.677667 0.461623 0.681504 0.462719 0.682272 0.466009 0.682272 0.466009 0.681504 0.467105 0.680737 0.467105 0.679969 0.468202 0.679202 0.468202 0.677667 0.469298 0.676899 0.469298 0.675365 0.470395 0.674597 0.470395 0.67383 0.471491 0.673062 0.471491 0.67076 0.472588 0.669992 0.472588 0.666155 0.470395 0.66462
0 0.275219 0.663085 0.275219 0.66462 0.276316 0.66462 0.276316 0.663085
0 0.455044 0.66155 0.453947 0.662318 0.451754 0.662318 0.450658 0.663085 0.450658 0.665388 0.449561 0.666155 0.449561 0.666922 0.450658 0.66769 0.451754 0.66769 0.453947 0.666155 0.455044 0.666155 0.455044 0.665388 0.45614 0.66462 0.45614 0.663085 0.457237 0.662318 0.45614 0.66155
0 0.544956 0.65848 0.544956 0.660015 0.546053 0.660015 0.547149 0.659248 0.547149 0.65848
0 0.445175 0.649271 0.444079 0.650038 0.442982 0.650038 0.439693 0.652341 0.440789 0.653108 0.442982 0.653108 0.445175 0.651573 0.448465 0.651573 0.450658 0.653108 0.453947 0.653108 0.453947 0.652341 0.452851 0.651573 0.452851 0.650806 0.451754 0.650038 0.449561 0.650038 0.448465 0.649271
0 0.598684 0.646969 0.598684 0.649271 0.599781 0.650038 0.599781 0.650806 0.600877 0.650806 0.607456 0.655411 0.607456 0.656178 0.608553 0.656946 0.611842 0.656946 0.611842 0.654643 0.608553 0.652341 0.608553 0.651573 0.601974 0.646969
0 0.508772 0.646201 0.506579 0.647736 0.504386 0.647736 0.494518 0.654643 0.494518 0.655411 0.493421 0.656178 0.493421 0.657713 0.492325 0.65848 0.492325 0.659248 0.491228 0.660015 0.491228 0.660783 0.490132 0.66155 0.490132 0.662318 0.489035 0.663085 0.489035 0.663853 0.486842 0.665388 0.486842 0.666155 0.484649 0.66769 0.484649 0.668457 0.483553 0.669225 0.483553 0.671527 0.482456 0.672295 0.482456 0.673062 0.48136 0.67383 0.48136 0.676132 0.480263 0.676899 0.480263 0.682272 0.479167 0.683039 0.480263 0.683807 0.479167 0.684574 0.479167 0.686876 0.47807 0.687644 0.47807 0.688411 0.476974 0.689179 0.476974 0.691481 0.475877 0.692249 0.475877 0.693784 0.474781 0.694551 0.474781 0.704528 0.475877 0.705295 0.475877 0.709133 0.476974 0.7099 0.476974 0.710668 0.47807 0.711435 0.47807 0.71297 0.479167 0.71297 0.480263 0.713738 0.480263 0.714505 0.48136 0.714505 0.483553 0.71604 0.484649 0.71604 0.485746 0.715272 0.489035 0.715272 0.489035 0.714505 0.495614 0.7099 0.495614 0.709133 0.497807 0.707598 0.497807 0.70683 0.498904 0.706063 0.498904 0.705295 0.5 0.704528 0.5 0.703761 0.501096 0.702993 0.501096 0.702226 0.502193 0.701458 0.502193 0.700691 0.504386 0.699156 0.504386 0.698388 0.505482 0.697621 0.505482 0.696853 0.506579 0.696086 0.506579 0.695318 0.507675 0.694551 0.507675 0.693016 0.508772 0.692249 0.508772 0.691481 0.509868 0.690714 0.509868 0.687644 0.510965 0.686876 0.510965 0.684574 0.512061 0.683807 0.512061 0.678434 0.513158 0.677667 0.513158 0.675365 0.512061 0.674597 0.512061 0.67383 0.513158 0.673062 0.513158 0.672295 0.515351 0.67076 0.515351 0.669992 0.516447 0.669225 0.516447 0.668457 0.519737 0.666155 0.519737 0.66462 0.520833 0.663853 0.520833 0.66155 0.52193 0.660783 0.520833 0.660015 0.520833 0.659248 0.519737 0.660015 0.51864 0.660015 0.517544 0.660783 0.514254 0.65848 0.514254 0.656946 0.513158 0.656178 0.513158 0.654643 0.512061 0.653876 0.512061 0.650038 0.510965 0.649271 0.510965 0.648503 0.509868 0.647736 0.509868 0.646201
0 0.162281 0.644666 0.158991 0.646969 0.158991 0.647736 0.160088 0.647736 0.162281 0.646201
0 0.494518 0.643131 0.493421 0.643899 0.493421 0.646201 0.494518 0.646201
0 0.14364 0.640061 0.142544 0.640829 0.142544 0.643131 0.144737 0.644666 0.145833 0.644666 0.14693 0.645434 0.148026 0.645434 0.149123 0.644666 0.149123 0.643131 0.148026 0.642364 0.148026 0.641596 0.14693 0.640829 0.145833 0.640829 0.144737 0.640061
0 0.127193 0.637759 0.126096 0.638526 0.126096 0.639294 0.128289 0.640829 0.128289 0.640061 0.129386 0.639294
0 0.138158 0.636224 0.138158 0.636992 0.139254 0.636992
0 0.157895 0.633154 0.155702 0.634689 0.155702 0.637759 0.156798 0.638526 0.156798 0.639294 0.157895 0.640061 0.161184 0.640061 0.163377 0.638526 0.163377 0.637759 0.162281 0.636992 0.162281 0.634689 0.160088 0.633154
0 0.264254 0.631619 0.264254 0.632387 0.266447 0.632387 0.266447 0.631619
0 0.576754 0.627782 0.574561 0.629317 0.575658 0.630084 0.575658 0.633154 0.576754 0.633922 0.576754 0.634689 0.577851 0.635457 0.58114 0.635457 0.58114 0.633154 0.582237 0.632387 0.582237 0.630084 0.58114 0.629317 0.58114 0.62855 0.580044 0.62855 0.578947 0.627782
0 0.252193 0.620107 0.25 0.621642 0.251096 0.62241 0.253289 0.62241 0.254386 0.621642
0 0.319079 0.617805 0.317982 0.618573 0.317982 0.61934 0.319079 0.618573
0 0.470395 0.617038 0.470395 0.61934 0.471491 0.61934 0.470395 0.618573 0.471491 0.617805 0.471491 0.617038
0 0.745614 0.614735 0.745614 0.615503 0.746711 0.615503 0.751096 0.618573 0.751096 0.617805 0.747807 0.615503 0.746711 0.615503
0 0.698465 0.61013 0.699561 0.610898 0.699561 0.61013
0 0.583333 0.607061 0.580044 0.609363 0.580044 0.612433 0.578947 0.6132 0.578947 0.614735 0.576754 0.61627 0.576754 0.617805 0.575658 0.618573 0.575658 0.620875 0.576754 0.620875 0.577851 0.621642 0.578947 0.621642 0.580044 0.620875 0.58114 0.620875 0.582237 0.620107 0.583333 0.620107 0.585526 0.618573 0.585526 0.617805 0.586623 0.617038 0.586623 0.61627 0.587719 0.615503 0.587719 0.614735 0.586623 0.613968 0.586623 0.611665 0.585526 0.610898 0.585526 0.61013 0.58443 0.609363 0.585526 0.608596 0.585526 0.607828 0.58443 0.607061
0 0.173246 0.603991 0.171053 0.605526 0.171053 0.606293 0.169956 0.607061 0.169956 0.6132 0.172149 0.614735 0.174342 0.614735 0.175439 0.613968 0.175439 0.611665 0.174342 0.610898 0.174342 0.608596 0.176535 0.607061 0.176535 0.604758 0.175439 0.603991
0 0.570175 0.600921 0.569079 0.601688 0.566886 0.601688 0.565789 0.602456 0.5625 0.602456 0.561404 0.603223 0.560307 0.603223 0.557018 0.605526 0.557018 0.606293 0.554825 0.607828 0.554825 0.609363 0.555921 0.61013 0.555921 0.610898 0.560307 0.613968 0.5625 0.613968 0.565789 0.611665 0.566886 0.611665 0.569079 0.61013 0.570175 0.61013 0.570175 0.609363 0.571272 0.608596 0.571272 0.607828 0.572368 0.607061 0.572368 0.605526 0.573465 0.604758 0.573465 0.603223 0.575658 0.601688 0.576754 0.602456 0.576754 0.603223 0.577851 0.603223 0.576754 0.602456 0.576754 0.601688 0.575658 0.600921
0 0.10636 0.597851 0.10636 0.598619 0.107456 0.598619 0.107456 0.597851
0 0.20614 0.594781 0.203947 0.596316 0.203947 0.597084 0.201754 0.598619 0.200658 0.598619 0.199561 0.599386 0.200658 0.600153 0.201754 0.599386 0.202851 0.599386 0.203947 0.598619 0.208333 0.598619 0.208333 0.596316 0.207237 0.595549 0.207237 0.594781
0 0.717105 0.580967 0.716009 0.581734 0.717105 0.582502 0.718202 0.582502 0.718202 0.581734
0 0.267544 0.57406 0.265351 0.575595 0.265351 0.57713 0.266447 0.577897 0.27193 0.577897 0.27193 0.57713 0.273026 0.576362 0.273026 0.574827 0.27193 0.574827 0.270833 0.57406
0 0.213816 0.57406 0.212719 0.574827 0.210526 0.574827 0.210526 0.575595 0.207237 0.577897 0.207237 0.579432 0.20614 0.5802 0.20614 0.580967 0.207237 0.581734 0.207237 0.582502 0.208333 0.583269 0.208333 0.584037 0.216009 0.584037 0.219298 0.586339 0.220395 0.586339 0.221491 0.587107 0.22807 0.587107 0.22807 0.585572 0.226974 0.584804 0.225877 0.584804 0.222588 0.582502 0.222588 0.579432 0.223684 0.578665 0.223684 0.57713 0.220395 0.574827 0.216009 0.574827 0.214912 0.57406
0 0.710526 0.570223 0.711623 0.57099 0.712719 0.57099 0.712719 0.570223
0 0.129386 0.556408 0.129386 0.557943 0.131579 0.557943 0.131579 0.557176 0.130482 0.556408
0 0.280702 0.554873 0.280702 0.556408 0.281798 0.555641 0.281798 0.554873
0 0.301535 0.553338 0.301535 0.554873 0.302632 0.554873 0.303728 0.554106 0.302632 0.553338
0 0.323465 0.544896 0.323465 0.547966 0.325658 0.547966 0.325658 0.544896
0 0.262061 0.539524 0.260965 0.540292 0.259868 0.540292 0.258772 0.541059 0.257675 0.541059 0.256579 0.541827 0.255482 0.541827 0.254386 0.542594 0.254386 0.543361 0.253289 0.544129 0.254386 0.544896 0.255482 0.544129 0.255482 0.543361 0.256579 0.542594 0.257675 0.542594 0.257675 0.541827 0.258772 0.541059 0.259868 0.541059
0 0.112939 0.536454 0.112939 0.537989 0.114035 0.538757 0.114035 0.539524 0.116228 0.539524 0.116228 0.537989 0.114035 0.536454
0 0.10307 0.536454 0.101974 0.537222 0.100877 0.537222 0.100877 0.537989 0.10307 0.537989 0.104167 0.537222 0.104167 0.536454
0 0.282895 0.523408 0.282895 0.524175 0.281798 0.524942 0.282895 0.52571 0.282895 0.527245 0.283991 0.528012 0.287281 0.528012 0.287281 0.524942 0.285088 0.523408
0 0.714912 0.51957 0.713816 0.520338 0.714912 0.521105 0.717105 0.521105 0.717105 0.51957
0 0.747807 0.517268 0.746711 0.518035 0.745614 0.518035 0.746711 0.518803 0.747807 0.518803 0.748904 0.518035 0.75 0.518035 0.748904 0.518035
0 0.296053 0.513431 0.294956 0.514198 0.296053 0.514965 0.296053 0.5165 0.297149 0.517268 0.297149 0.518035 0.299342 0.51957 0.300439 0.51957 0.301535 0.520338 0.303728 0.520338 0.304825 0.521105 0.305921 0.521105 0.307018 0.520338 0.308114 0.520338 0.308114 0.51957 0.309211 0.518803 0.309211 0.518035 0.308114 0.517268 0.308114 0.5165 0.305921 0.514965 0.305921 0.514198 0.304825 0.513431
0 0.128289 0.512663 0.128289 0.513431 0.129386 0.513431 0.129386 0.512663
0 0.160088 0.485802 0.160088 0.487337 0.157895 0.488872 0.157895 0.489639 0.156798 0.490407 0.156798 0.491174 0.155702 0.491942 0.154605 0.491942 0.153509 0.492709 0.152412 0.492709 0.149123 0.495012 0.148026 0.495012 0.144737 0.497314 0.144737 0.498849 0.145833 0.499616 0.145833 0.498081 0.148026 0.496546 0.151316 0.496546 0.152412 0.495779 0.153509 0.495779 0.154605 0.495012 0.154605 0.494244 0.156798 0.492709 0.156798 0.491942 0.157895 0.491174 0.158991 0.491174 0.160088 0.490407 0.161184 0.490407 0.162281 0.489639 0.162281 0.488104 0.163377 0.487337 0.162281 0.486569 0.162281 0.485802
0 0.350877 0.4835 0.348684 0.485035 0.347588 0.485035 0.346491 0.485802 0.345395 0.485802 0.342105 0.488104 0.342105 0.490407 0.341009 0.491174 0.341009 0.492709 0.339912 0.493477 0.339912 0.498849 0.341009 0.499616 0.341009 0.500384 0.342105 0.501151 0.342105 0.502686 0.343202 0.502686 0.344298 0.503454 0.344298 0.504221 0.347588 0.506523 0.347588 0.507291 0.348684 0.508058 0.349781 0.508058 0.354167 0.511128 0.355263 0.511128 0.35636 0.511896 0.357456 0.511896 0.358553 0.512663 0.366228 0.512663 0.366228 0.511896 0.367325 0.511128 0.367325 0.504988 0.366228 0.504221 0.366228 0.501919 0.365132 0.501151 0.365132 0.498849 0.364035 0.498081 0.364035 0.496546 0.362939 0.495779 0.362939 0.493477 0.361842 0.492709 0.361842 0.491942 0.360746 0.491174 0.360746 0.490407 0.359649 0.489639 0.359649 0.488872 0.358553 0.488104 0.358553 0.486569 0.357456 0.485802 0.35636 0.485802 0.35307 0.4835
0 0.109649 0.481197 0.109649 0.481965 0.112939 0.481965 0.114035 0.482732 0.116228 0.482732 0.116228 0.481965 0.112939 0.481965 0.111842 0.481197
0 0.683114 0.479662 0.682018 0.48043 0.679825 0.48043 0.679825 0.481965 0.680921 0.482732 0.680921 0.4835 0.683114 0.485035 0.684211 0.485035 0.685307 0.485802 0.6875 0.485802 0.688596 0.485035 0.688596 0.484267 0.6875 0.4835 0.6875 0.482732 0.686404 0.481965 0.686404 0.481197 0.685307 0.48043 0.684211 0.48043
0 0.714912 0.475825 0.713816 0.476592 0.716009 0.476592 0.717105 0.475825
0 0.333333 0.46815 0.332237 0.468918 0.33114 0.468918 0.328947 0.470453 0.327851 0.470453 0.326754 0.47122 0.326754 0.471988 0.322368 0.475058 0.322368 0.475825 0.321272 0.476592 0.321272 0.47736 0.319079 0.478895 0.319079 0.479662 0.315789 0.481965 0.316886 0.482732 0.316886 0.4835 0.317982 0.484267 0.320175 0.484267 0.321272 0.4835 0.322368 0.4835 0.324561 0.481965 0.325658 0.481965 0.326754 0.481197 0.326754 0.48043 0.330044 0.478127 0.330044 0.47736 0.332237 0.475825 0.332237 0.47429 0.33443 0.472755 0.33443 0.471988 0.335526 0.47122 0.335526 0.468918 0.33443 0.46815
0 0.16557 0.46815 0.163377 0.469685 0.163377 0.471988 0.162281 0.472755 0.162281 0.475825 0.163377 0.476592 0.164474 0.475825 0.164474 0.475058 0.166667 0.473523 0.166667 0.471988 0.167763 0.47122 0.166667 0.470453 0.167763 0.469685 0.166667 0.468918 0.166667 0.46815
0 0.163377 0.458941 0.162281 0.459708 0.163377 0.459708 0.164474 0.460476 0.16557 0.459708 0.16557 0.458941
0 0.148026 0.457406 0.14693 0.458173 0.14693 0.458941 0.145833 0.459708 0.148026 0.461243 0.149123 0.460476 0.150219 0.460476 0.151316 0.459708 0.151316 0.458941 0.149123 0.457406
0 0.255482 0.452801 0.254386 0.453569 0.254386 0.455104 0.257675 0.457406 0.258772 0.457406 0.260965 0.458941 0.262061 0.458941 0.263158 0.458173 0.263158 0.455871 0.260965 0.454336 0.259868 0.454336 0.258772 0.453569 0.257675 0.453569 0.256579 0.452801
0 0.139254 0.451266 0.139254 0.452034 0.140351 0.452801 0.140351 0.452034
0 0.217105 0.449731 0.216009 0.450499 0.212719 0.450499 0.213816 0.451266 0.213816 0.452801 0.219298 0.456639 0.220395 0.456639 0.226974 0.461243 0.22807 0.461243 0.23136 0.463546 0.23136 0.464313 0.245614 0.47429 0.245614 0.476592 0.246711 0.47736 0.246711 0.478127 0.253289 0.482732 0.253289 0.484267 0.254386 0.485035 0.254386 0.485802 0.255482 0.486569 0.255482 0.487337 0.256579 0.488104 0.256579 0.488872 0.260965 0.491942 0.262061 0.491942 0.266447 0.495012 0.269737 0.495012 0.270833 0.495779 0.276316 0.495779 0.277412 0.495012 0.276316 0.494244 0.276316 0.493477 0.273026 0.491174 0.273026 0.490407 0.265351 0.485035 0.265351 0.484267 0.260965 0.481197 0.259868 0.481197 0.257675 0.479662 0.255482 0.479662 0.254386 0.478895 0.253289 0.478895 0.252193 0.478127 0.252193 0.476592 0.247807 0.473523 0.247807 0.46815 0.245614 0.466616 0.245614 0.465848 0.243421 0.464313 0.243421 0.463546 0.242325 0.462778 0.242325 0.461243 0.239035 0.458941 0.237939 0.458941 0.235746 0.457406 0.234649 0.457406 0.226974 0.452034 0.225877 0.452034 0.223684 0.450499 0.222588 0.450499 0.221491 0.449731
0 0.132675 0.449731 0.132675 0.451266 0.133772 0.451266 0.133772 0.449731
0 0.711623 0.446662 0.710526 0.447429 0.707237 0.447429 0.703947 0.449731 0.703947 0.450499 0.705044 0.451266 0.70614 0.451266 0.707237 0.450499 0.708333 0.450499 0.710526 0.448964 0.711623 0.448964 0.713816 0.447429 0.714912 0.447429 0.714912 0.446662
0 0.235746 0.425173 0.235746 0.42594 0.23136 0.42901 0.23136 0.429777 0.230263 0.430545 0.232456 0.43208 0.233553 0.431312 0.233553 0.430545 0.235746 0.42901 0.235746 0.428243 0.236842 0.427475 0.236842 0.426708 0.239035 0.425173 0.240132 0.425173
0 0.213816 0.423638 0.213816 0.424405 0.214912 0.425173 0.214912 0.424405
0 0.695175 0.418266 0.694079 0.419033 0.696272 0.420568 0.697368 0.4198 0.697368 0.419033 0.696272 0.418266
0 0.682018 0.418266 0.680921 0.419033 0.680921 0.4198 0.679825 0.420568 0.679825 0.422103 0.680921 0.422103 0.682018 0.42287 0.684211 0.42287 0.686404 0.421335 0.686404 0.4198 0.685307 0.419033 0.685307 0.418266
0 0.233553 0.417498 0.234649 0.418266 0.234649 0.419033 0.235746 0.419033 0.236842 0.4198 0.236842 0.419033 0.235746 0.418266 0.234649 0.418266
0 0.225877 0.413661 0.22807 0.415196 0.22807 0.414428 0.226974 0.414428
0 0.51864 0.409056 0.51864 0.412126 0.517544 0.412893 0.517544 0.413661 0.51864 0.414428 0.517544 0.415196 0.516447 0.415196 0.516447 0.416731 0.515351 0.417498 0.515351 0.418266 0.514254 0.419033 0.514254 0.4198 0.512061 0.421335 0.512061 0.422103 0.507675 0.425173 0.507675 0.42594 0.506579 0.426708 0.506579 0.427475 0.505482 0.428243 0.505482 0.42901 0.504386 0.429777 0.504386 0.43208 0.504386 0.431312 0.512061 0.42594 0.513158 0.42594 0.514254 0.425173 0.516447 0.425173 0.517544 0.424405 0.519737 0.424405 0.520833 0.425173 0.52193 0.424405 0.523026 0.424405 0.524123 0.423638 0.524123 0.42287 0.525219 0.422103 0.525219 0.421335 0.526316 0.420568 0.526316 0.4198 0.527412 0.419033 0.527412 0.415196 0.526316 0.414428 0.527412 0.413661 0.526316 0.413661 0.523026 0.411358 0.52193 0.411358
0 0.218202 0.408289 0.218202 0.409056 0.219298 0.409823 0.219298 0.410591 0.220395 0.411358 0.221491 0.411358 0.222588 0.412126 0.222588 0.411358
0 0.29386 0.405219 0.292763 0.405986 0.291667 0.405986 0.29057 0.406754 0.29057 0.407521 0.291667 0.407521 0.292763 0.408289 0.298246 0.408289 0.299342 0.409056 0.300439 0.409056 0.300439 0.405986 0.299342 0.405219
0 0.164474 0.396009 0.164474 0.396777 0.16557 0.397544 0.166667 0.397544
0 0.549342 0.391404 0.548246 0.392172 0.547149 0.392172 0.542763 0.395242 0.542763 0.396009 0.54057 0.397544 0.54057 0.398312 0.539474 0.399079 0.539474 0.399847 0.538377 0.400614 0.538377 0.403684 0.539474 0.404451 0.539474 0.405986 0.54057 0.406754 0.54057 0.409056 0.541667 0.409823 0.541667 0.412126 0.544956 0.414428 0.549342 0.414428 0.550439 0.413661 0.550439 0.412126 0.551535 0.411358 0.551535 0.410591 0.552632 0.409823 0.552632 0.406754 0.553728 0.405986 0.553728 0.402916 0.554825 0.402149 0.554825 0.400614 0.555921 0.399847 0.555921 0.397544 0.557018 0.396777 0.557018 0.395242 0.555921 0.394474 0.555921 0.392172 0.554825 0.392172 0.553728 0.391404
0 0.229167 0.388335 0.229167 0.389102 0.235746 0.393707 0.235746 0.392172 0.23136 0.389102 0.230263 0.389102
0 0.601974 0.378358 0.600877 0.379125 0.600877 0.379893 0.601974 0.38066 0.605263 0.38066 0.607456 0.379125 0.60636 0.378358
0 0.564693 0.353799 0.563596 0.354566 0.563596 0.355334 0.565789 0.356869 0.569079 0.356869 0.569079 0.355334 0.567982 0.354566 0.566886 0.354566 0.565789 0.353799
0 0.697368 0.344589 0.696272 0.345357 0.696272 0.349962 0.698465 0.351497 0.699561 0.350729 0.700658 0.350729 0.701754 0.351497 0.703947 0.351497 0.703947 0.348427 0.699561 0.345357 0.699561 0.344589
0 0.639254 0.343054 0.638158 0.343822 0.633772 0.343822 0.632675 0.344589 0.631579 0.344589 0.630482 0.345357 0.630482 0.346124 0.629386 0.346892 0.628289 0.346892 0.625 0.349194 0.625 0.353031 0.623904 0.353799 0.623904 0.354566 0.626096 0.356101 0.628289 0.356101 0.628289 0.355334 0.629386 0.354566 0.629386 0.353031 0.631579 0.351497 0.633772 0.351497 0.633772 0.350729 0.634868 0.349962 0.635965 0.349962 0.637061 0.350729 0.64364 0.346124 0.64364 0.345357 0.644737 0.344589 0.64364 0.343822 0.640351 0.343822
0 0.601974 0.343054 0.598684 0.345357 0.599781 0.346124 0.600877 0.345357 0.601974 0.345357 0.60307 0.344589 0.60307 0.343054
0 0.671053 0.34152 0.669956 0.342287 0.66886 0.342287 0.66886 0.343822 0.672149 0.343822 0.673246 0.343054
0 0.600877 0.333845 0.600877 0.336147 0.601974 0.336147 0.601974 0.334612
0 0.464912 0.333845 0.464912 0.33538 0.463816 0.336147 0.466009 0.337682 0.466009 0.342287 0.467105 0.343054 0.467105 0.344589 0.468202 0.345357 0.468202 0.349194 0.467105 0.349962 0.466009 0.349962 0.463816 0.351497 0.463816 0.353031 0.462719 0.353799 0.462719 0.361474 0.461623 0.362241 0.461623 0.363776 0.462719 0.364543 0.462719 0.367613 0.461623 0.368381 0.461623 0.369148 0.462719 0.369916 0.462719 0.37145 0.461623 0.372218 0.461623 0.372985 0.462719 0.372985 0.463816 0.373753 0.464912 0.373753 0.468202 0.376055 0.468202 0.37759 0.467105 0.378358 0.468202 0.379125 0.469298 0.379125 0.474781 0.382962 0.47807 0.382962 0.47807 0.381427 0.479167 0.38066 0.479167 0.379893 0.475877 0.37759 0.475877 0.37452 0.476974 0.373753 0.476974 0.372985 0.475877 0.372218 0.475877 0.366846 0.476974 0.366078 0.476974 0.364543 0.47807 0.363776 0.476974 0.363008 0.476974 0.356869 0.475877 0.356101 0.475877 0.355334 0.473684 0.353799 0.473684 0.353031 0.472588 0.352264 0.472588 0.349962 0.471491 0.349962 0.469298 0.348427 0.469298 0.346892 0.468202 0.346124 0.468202 0.345357 0.467105 0.344589 0.467105 0.339985 0.468202 0.339217 0.468202 0.33845 0.470395 0.336915 0.470395 0.336147 0.467105 0.333845
0 0.696272 0.327705 0.694079 0.32924 0.690789 0.32924 0.689693 0.328473 0.688596 0.328473 0.6875 0.32924 0.685307 0.32924 0.684211 0.330008 0.682018 0.330008 0.680921 0.330775 0.678728 0.330775 0.677632 0.331543 0.677632 0.33231 0.676535 0.333078 0.676535 0.333845 0.678728 0.33538 0.683114 0.33538 0.684211 0.334612 0.6875 0.334612 0.688596 0.333845 0.690789 0.333845 0.691886 0.333078 0.695175 0.333078 0.696272 0.33231 0.697368 0.33231 0.698465 0.331543 0.698465 0.327705
0 0.739035 0.323101 0.739035 0.323868 0.740132 0.323868 0.740132 0.323101
0 0.60307 0.323101 0.601974 0.323868 0.601974 0.325403 0.60307 0.32617 0.60307 0.326938 0.604167 0.327705 0.60636 0.327705 0.60636 0.326938 0.607456 0.32617 0.607456 0.325403 0.60636 0.324635 0.60636 0.323868 0.605263 0.323101
0 0.256579 0.314658 0.256579 0.315426 0.258772 0.315426 0.259868 0.316193 0.262061 0.316193 0.260965 0.315426 0.259868 0.315426 0.258772 0.314658
0 0.660088 0.310054 0.660088 0.315426 0.661184 0.316193 0.661184 0.316961 0.661184 0.316193 0.662281 0.315426 0.662281 0.312356 0.661184 0.311589 0.661184 0.310821
0 0.474781 0.310054 0.473684 0.310821 0.473684 0.311589 0.476974 0.313891 0.47807 0.313891 0.480263 0.312356 0.480263 0.311589 0.479167 0.310821 0.476974 0.310821 0.475877 0.310054
0 0.468202 0.301612 0.469298 0.302379 0.469298 0.301612
0 0.248904 0.2901 0.248904 0.290867 0.25 0.291635 0.25 0.292402 0.251096 0.292402 0.251096 0.290867 0.25 0.2901
0 0.626096 0.28396 0.625 0.284728 0.623904 0.284728 0.623904 0.285495 0.621711 0.28703 0.621711 0.287797 0.619518 0.289332 0.619518 0.291635 0.618421 0.292402 0.619518 0.292402 0.620614 0.291635 0.620614 0.290867 0.623904 0.288565 0.623904 0.287797 0.626096 0.286262 0.626096 0.285495 0.627193 0.284728 0.627193 0.28396
0 0.664474 0.27782 0.663377 0.278588 0.663377 0.280123 0.664474 0.280123
0 0.439693 0.254797 0.438596 0.255564 0.4375 0.255564 0.436404 0.256332 0.436404 0.259401 0.4375 0.260169 0.436404 0.260936 0.438596 0.262471 0.438596 0.264006 0.4375 0.264774 0.4375 0.270913 0.441886 0.273983 0.442982 0.273983 0.442982 0.273216 0.444079 0.272448 0.444079 0.270913 0.445175 0.270146 0.445175 0.264774 0.444079 0.264006 0.444079 0.257866 0.442982 0.257099 0.442982 0.256332 0.440789 0.254797
0 0.669956 0.250192 0.66886 0.250959 0.667763 0.250959 0.666667 0.251727 0.66557 0.251727 0.66557 0.252494 0.663377 0.254029 0.663377 0.256332 0.664474 0.257099 0.663377 0.257866 0.663377 0.258634 0.662281 0.259401 0.662281 0.261704 0.661184 0.262471 0.662281 0.263239 0.660088 0.264774 0.658991 0.264774 0.657895 0.264006 0.656798 0.264774 0.655702 0.264774 0.654605 0.265541 0.653509 0.265541 0.651316 0.264006 0.649123 0.264006 0.648026 0.264774 0.645833 0.264774 0.640351 0.268611 0.640351 0.269378 0.639254 0.270146 0.639254 0.271681 0.637061 0.273216 0.637061 0.273983 0.638158 0.274751 0.638158 0.275518 0.639254 0.275518 0.639254 0.274751 0.640351 0.273983 0.640351 0.272448 0.641447 0.271681 0.641447 0.270913 0.64364 0.269378 0.64364 0.268611 0.645833 0.267076 0.648026 0.267076 0.649123 0.266309 0.651316 0.266309 0.652412 0.267076 0.661184 0.267076 0.661184 0.265541 0.662281 0.264774 0.663377 0.264774 0.663377 0.264006 0.664474 0.263239 0.664474 0.260169 0.66557 0.259401 0.66557 0.257866 0.666667 0.257099 0.666667 0.256332 0.667763 0.255564 0.667763 0.254797 0.671053 0.252494 0.672149 0.252494 0.672149 0.251727 0.673246 0.250959 0.672149 0.250192
0 0.433114 0.234843 0.432018 0.23561 0.432018 0.23868 0.433114 0.239447 0.433114 0.24175 0.435307 0.24175 0.4375 0.240215 0.4375 0.237145 0.434211 0.234843
0 0.757675 0.227168 0.757675 0.227936 0.758772 0.227936 0.758772 0.227168
0 0.426535 0.211819 0.426535 0.214889 0.427632 0.215656 0.427632 0.216424 0.428728 0.217191 0.429825 0.217191 0.430921 0.217959 0.432018 0.217959 0.433114 0.218726 0.435307 0.218726 0.436404 0.219493 0.439693 0.219493 0.439693 0.218726 0.436404 0.216424 0.435307 0.216424 0.434211 0.215656 0.432018 0.215656 0.430921 0.214889 0.429825 0.214889 0.428728 0.214121 0.428728 0.213354
0 0.321272 0.201842 0.321272 0.202609 0.323465 0.202609 0.323465 0.201842
0 0.422149 0.194935 0.421053 0.195702 0.421053 0.197237 0.422149 0.198005 0.422149 0.201842 0.423246 0.202609 0.423246 0.204912 0.425439 0.206447 0.425439 0.207214 0.425439 0.205679 0.424342 0.204912 0.424342 0.198772 0.423246 0.198005 0.423246 0.195702
0 0.384868 0.19033 0.384868 0.191865 0.383772 0.192632 0.383772 0.198772 0.385965 0.200307 0.385965 0.201074 0.389254 0.203377 0.390351 0.203377 0.394737 0.206447 0.394737 0.207214 0.395833 0.207214 0.39693 0.207982 0.398026 0.207982 0.399123 0.208749 0.400219 0.208749 0.401316 0.207982 0.403509 0.207982 0.403509 0.204144 0.400219 0.201842 0.398026 0.201842 0.395833 0.200307 0.394737 0.200307 0.39364 0.19954 0.390351 0.19954 0.389254 0.198772 0.388158 0.198772 0.385965 0.197237 0.385965 0.19647 0.384868 0.195702 0.384868 0.1934 0.385965 0.192632 0.385965 0.19033
0 0.486842 0.184958 0.485746 0.185725 0.485746 0.191865 0.486842 0.192632 0.486842 0.186493 0.487939 0.185725 0.487939 0.184958
0 0.658991 0.174981 0.657895 0.175748 0.657895 0.179586 0.660088 0.18112 0.663377 0.18112 0.66557 0.179586 0.66557 0.177283 0.662281 0.174981
0 0.373904 0.169609 0.373904 0.171144 0.375 0.171911 0.376096 0.171144 0.376096 0.170376 0.375 0.169609
0 0.399123 0.168841 0.399123 0.169609 0.400219 0.169609 0.401316 0.170376 0.402412 0.170376 0.400219 0.168841
0 0.474781 0.142748 0.474781 0.144282 0.475877 0.14505 0.475877 0.147352 0.475877 0.143515
0 0.612939 0.118189 0.611842 0.118956 0.611842 0.119724 0.610746 0.120491 0.610746 0.124328 0.614035 0.126631 0.616228 0.126631 0.617325 0.127398 0.619518 0.125863 0.619518 0.122794 0.618421 0.122026 0.618421 0.120491 0.617325 0.120491 0.614035 0.118189
0 0.536184 0.110514 0.535088 0.111282 0.535088 0.114351 0.537281 0.114351 0.538377 0.113584 0.538377 0.112049
0 0.655702 0.109747 0.654605 0.110514 0.653509 0.110514 0.652412 0.111282 0.651316 0.111282 0.650219 0.112049 0.650219 0.112817 0.652412 0.112817 0.654605 0.111282 0.655702 0.111282
0 0.554825 0.107444 0.554825 0.108979 0.555921 0.108979 0.555921 0.107444
0 0.664474 0.102072 0.664474 0.10284 0.663377 0.103607 0.663377 0.104375 0.664474 0.103607
0 0.645833 0.0897928 0.645833 0.0905602 0.644737 0.0913277 0.644737 0.0928626 0.645833 0.0920952
0 0.592105 0.0859555 0.592105 0.0867229 0.593202 0.0867229 0.594298 0.0874904 0.594298 0.0859555
0 0.54057 0.0805833 0.541667 0.0813507 0.541667 0.0805833
