0 0.387061 0.924789 0.387061 0.927091 0.388158 0.927859 0.388158 0.930929 0.388158 0.926324 0.387061 0.925556
0 0.387061 0.921719 0.385965 0.922487 0.384868 0.922487 0.385965 0.922487 0.387061 0.923254
0 0.388158 0.91251 0.388158 0.915579 0.388158 0.913277 0.389254 0.91251
0 0.428728 0.887951 0.427632 0.888718 0.421053 0.888718 0.419956 0.889486 0.419956 0.890253 0.41886 0.891021 0.41886 0.892556 0.414474 0.895625 0.414474 0.896393 0.411184 0.898695 0.411184 0.899463 0.410088 0.90023 0.410088 0.900998 0.408991 0.901765 0.408991 0.905602 0.407895 0.90637 0.407895 0.908672 0.406798 0.90944 0.406798 0.911742 0.405702 0.91251 0.405702 0.921719 0.406798 0.922487 0.406798 0.923254 0.407895 0.924021 0.407895 0.927091 0.410088 0.928626 0.410088 0.930161 0.412281 0.931696 0.412281 0.930929 0.411184 0.930161 0.411184 0.929394 0.410088 0.928626 0.410088 0.927091 0.413377 0.924789 0.413377 0.924021 0.412281 0.924789 0.412281 0.925556 0.411184 0.926324 0.410088 0.925556 0.410088 0.926324 0.408991 0.927091 0.407895 0.926324 0.407895 0.924789 0.410088 0.923254 0.411184 0.923254 0.412281 0.922487 0.411184 0.921719 0.411184 0.920184 0.410088 0.920184 0.407895 0.918649 0.408991 0.917882 0.410088 0.917882 0.411184 0.917114 0.411184 0.915579 0.412281 0.914812 0.412281 0.910975 0.413377 0.910207 0.446272 0.910207 0.447368 0.910975 0.448465 0.910207 0.448465 0.90944 0.447368 0.908672 0.447368 0.90637 0.448465 0.905602 0.448465 0.904835 0.447368 0.904068 0.447368 0.9033 0.448465 0.902533 0.448465 0.900998 0.447368 0.90023 0.447368 0.899463 0.448465 0.898695 0.447368 0.897928 0.447368 0.896393 0.444079 0.894091 0.444079 0.893323 0.442982 0.892556 0.441886 0.892556 0.440789 0.891788 0.440789 0.891021 0.439693 0.890253 0.439693 0.889486 0.438596 0.888718 0.4375 0.888718 0.436404 0.887951 0.434211 0.887951 0.433114 0.888718 0.430921 0.888718 0.429825 0.887951
0 0.315789 0.887183 0.314693 0.887951 0.311404 0.887951 0.309211 0.889486 0.308114 0.888718 0.305921 0.890253 0.304825 0.890253 0.304825 0.891788 0.305921 0.892556 0.305921 0.896393 0.304825 0.89716 0.304825 0.897928 0.303728 0.898695 0.303728 0.899463 0.301535 0.900998 0.300439 0.900998 0.299342 0.90023 0.298246 0.90023 0.298246 0.901765 0.297149 0.902533 0.299342 0.904068 0.299342 0.905602 0.300439 0.90637 0.300439 0.908672 0.301535 0.90944 0.301535 0.910207 0.304825 0.91251 0.304825 0.913277 0.305921 0.914045 0.305921 0.914812 0.309211 0.917114 0.309211 0.917882 0.3125 0.920184 0.3125 0.920952 0.313596 0.921719 0.313596 0.922487 0.314693 0.923254 0.314693 0.924021 0.316886 0.925556 0.316886 0.926324 0.320175 0.928626 0.320175 0.929394 0.322368 0.930929 0.322368 0.931696 0.323465 0.932464 0.370614 0.932464 0.369518 0.931696 0.369518 0.930161 0.368421 0.929394 0.368421 0.928626 0.367325 0.927859 0.367325 0.927091 0.365132 0.925556 0.365132 0.924789 0.364035 0.924021 0.364035 0.922487 0.360746 0.920184 0.361842 0.919417 0.362939 0.919417 0.360746 0.919417 0.359649 0.918649 0.359649 0.917882 0.358553 0.917114 0.359649 0.916347 0.360746 0.916347 0.359649 0.915579 0.359649 0.914812 0.357456 0.914812 0.35636 0.914045 0.35636 0.91251 0.355263 0.911742 0.35636 0.910975 0.355263 0.910207 0.354167 0.910207 0.35307 0.90944 0.354167 0.908672 0.355263 0.908672 0.354167 0.908672 0.351974 0.907137 0.351974 0.90637 0.350877 0.905602 0.350877 0.904835 0.349781 0.904835 0.345395 0.901765 0.345395 0.900998 0.344298 0.90023 0.343202 0.90023 0.341009 0.898695 0.341009 0.897928 0.339912 0.89716 0.339912 0.896393 0.338816 0.895625 0.339912 0.894858 0.337719 0.894858 0.336623 0.894091 0.336623 0.893323 0.335526 0.893323 0.333333 0.891788 0.333333 0.891021 0.332237 0.890253 0.332237 0.888718 0.327851 0.888718 0.326754 0.887951 0.323465 0.887951 0.322368 0.887183 0.319079 0.887183 0.317982 0.887951 0.316886 0.887951
0 0.389254 0.885649 0.388158 0.886416 0.388158 0.887183 0.387061 0.887951 0.387061 0.888718 0.384868 0.890253 0.383772 0.890253 0.380482 0.892556 0.379386 0.892556 0.379386 0.894091 0.380482 0.894091 0.380482 0.893323 0.383772 0.891021 0.385965 0.891021 0.385965 0.889486 0.387061 0.888718 0.387061 0.887951 0.388158 0.887183 0.389254 0.887951
0 0.141447 0.787414 0.141447 0.788181 0.140351 0.788949 0.141447 0.788949 0.142544 0.788181 0.142544 0.787414
0 0.178728 0.780507 0.178728 0.781274 0.177632 0.782041 0.178728 0.782041 0.179825 0.781274 0.179825 0.780507
0 0.196272 0.773599 0.195175 0.774367 0.195175 0.775134 0.196272 0.774367 0.197368 0.774367 0.197368 0.773599
0 0.267544 0.765157 0.267544 0.765925 0.266447 0.766692 0.266447 0.768227 0.266447 0.76746 0.267544 0.766692
0 0.160088 0.76439 0.158991 0.765157 0.158991 0.765925 0.160088 0.766692 0.161184 0.765925 0.161184 0.76439
0 0.523026 0.735226 0.52193 0.735994 0.52193 0.737529 0.523026 0.736761
0 0.185307 0.732924 0.185307 0.733691 0.184211 0.734459 0.185307 0.735226 0.186404 0.735226 0.186404 0.733691
0 0.305921 0.71911 0.304825 0.719877 0.303728 0.719877 0.303728 0.72218 0.302632 0.722947 0.302632 0.723715 0.299342 0.726017 0.298246 0.726017 0.297149 0.726784 0.297149 0.728319 0.296053 0.729087 0.296053 0.733691 0.294956 0.734459 0.294956 0.735226 0.29057 0.738296 0.289474 0.738296 0.29057 0.739064 0.29057 0.741366 0.289474 0.742134 0.289474 0.742901 0.288377 0.743668 0.288377 0.744436 0.285088 0.746738 0.282895 0.746738 0.282895 0.747506 0.281798 0.748273 0.279605 0.748273 0.277412 0.749808 0.277412 0.750576 0.276316 0.751343 0.276316 0.752878 0.275219 0.753645 0.274123 0.752878 0.274123 0.753645 0.273026 0.754413 0.273026 0.755948 0.27193 0.756715 0.27193 0.75825 0.270833 0.759018 0.270833 0.759785 0.26864 0.76132 0.26864 0.763622 0.270833 0.763622 0.273026 0.765157 0.273026 0.76746 0.26864 0.77053 0.267544 0.77053 0.266447 0.769762 0.265351 0.77053 0.265351 0.771297 0.264254 0.772064 0.264254 0.773599 0.263158 0.774367 0.263158 0.775902 0.262061 0.776669 0.260965 0.776669 0.256579 0.779739 0.256579 0.780507 0.255482 0.781274 0.255482 0.782809 0.254386 0.783576 0.254386 0.785111 0.253289 0.785879 0.254386 0.786646 0.254386 0.787414 0.255482 0.788181 0.254386 0.788949 0.254386 0.794321 0.255482 0.795088 0.255482 0.801228 0.256579 0.801995 0.256579 0.80353 0.257675 0.804298 0.257675 0.805065 0.258772 0.805833 0.258772 0.808903 0.259868 0.808903 0.260965 0.80967 0.262061 0.80967 0.263158 0.810437 0.264254 0.810437 0.266447 0.811972 0.267544 0.811205 0.270833 0.811205 0.27193 0.811972 0.273026 0.811205 0.274123 0.811972 0.279605 0.811972 0.280702 0.811205 0.281798 0.811205 0.282895 0.811972 0.286184 0.811972 0.288377 0.813507 0.289474 0.813507 0.289474 0.81274 0.29057 0.811972 0.292763 0.811972 0.29386 0.811205 0.294956 0.811205 0.296053 0.810437 0.298246 0.810437 0.298246 0.80967 0.299342 0.808903 0.300439 0.808903 0.300439 0.808135 0.301535 0.807368 0.302632 0.808135 0.302632 0.808903 0.302632 0.808135 0.301535 0.807368 0.303728 0.805833 0.303728 0.805065 0.304825 0.804298 0.304825 0.802763 0.305921 0.801995 0.305921 0.801228 0.307018 0.80046 0.307018 0.799693 0.307018 0.80046 0.305921 0.801228 0.303728 0.799693 0.304825 0.798926 0.304825 0.796623 0.303728 0.795856 0.303728 0.793553 0.305921 0.792018 0.305921 0.791251 0.307018 0.790483 0.305921 0.789716 0.307018 0.788949 0.307018 0.788181 0.305921 0.787414 0.307018 0.786646 0.307018 0.785111 0.308114 0.784344 0.308114 0.783576 0.307018 0.782809 0.308114 0.782041 0.308114 0.781274 0.307018 0.780507 0.307018 0.779739 0.308114 0.778972 0.308114 0.776669 0.307018 0.775902 0.307018 0.775134 0.308114 0.774367 0.307018 0.773599 0.308114 0.772832 0.308114 0.772064 0.307018 0.771297 0.307018 0.769762 0.308114 0.768995 0.308114 0.768227 0.307018 0.76746 0.307018 0.759018 0.308114 0.75825 0.308114 0.756715 0.309211 0.755948 0.309211 0.751343 0.310307 0.750576 0.310307 0.749041 0.311404 0.748273 0.311404 0.745971 0.3125 0.745203 0.3125 0.737529 0.313596 0.736761 0.313596 0.734459 0.314693 0.733691 0.314693 0.723715 0.315789 0.722947 0.315789 0.71911
0 0.219298 0.718342 0.219298 0.719877 0.220395 0.720645 0.220395 0.718342
0 0.596491 0.716807 0.597588 0.717575 0.597588 0.716807
0 0.538377 0.716807 0.537281 0.717575 0.537281 0.719877 0.538377 0.720645 0.539474 0.720645 0.539474 0.719877 0.54057 0.71911 0.539474 0.718342 0.539474 0.717575
0 0.207237 0.71604 0.207237 0.717575 0.208333 0.717575 0.20943 0.716807 0.208333 0.71604
0 0.617325 0.710668 0.617325 0.711435 0.616228 0.712203 0.616228 0.71297 0.617325 0.713738
0 0.116228 0.710668 0.115132 0.711435 0.115132 0.71297 0.117325 0.71297 0.117325 0.710668
0 0.169956 0.708365 0.169956 0.711435 0.172149 0.711435 0.172149 0.709133 0.171053 0.708365
0 0.570175 0.707598 0.570175 0.7099 0.571272 0.710668 0.571272 0.711435 0.572368 0.712203 0.572368 0.713738 0.573465 0.714505 0.573465 0.715272 0.575658 0.715272 0.577851 0.716807 0.577851 0.717575 0.576754 0.718342 0.575658 0.718342 0.575658 0.71911 0.576754 0.719877 0.576754 0.720645 0.578947 0.72218 0.578947 0.719877 0.577851 0.71911 0.577851 0.716807 0.576754 0.71604 0.576754 0.714505 0.575658 0.713738 0.575658 0.71297 0.574561 0.712203 0.574561 0.711435 0.572368 0.7099 0.572368 0.708365 0.571272 0.707598
0 0.549342 0.706063 0.549342 0.70683 0.548246 0.707598 0.549342 0.708365 0.548246 0.709133 0.548246 0.7099 0.549342 0.710668 0.549342 0.711435 0.551535 0.71297 0.551535 0.712203 0.552632 0.711435 0.552632 0.709133 0.551535 0.708365 0.551535 0.707598 0.550439 0.70683 0.550439 0.706063
0 0.133772 0.700691 0.132675 0.701458 0.131579 0.701458 0.129386 0.702993 0.129386 0.704528 0.132675 0.704528 0.133772 0.703761
0 0.442982 0.699923 0.442982 0.701458 0.444079 0.702226 0.445175 0.702226 0.445175 0.700691 0.444079 0.699923
0 0.179825 0.697621 0.179825 0.698388 0.178728 0.699156 0.178728 0.699923 0.179825 0.700691 0.179825 0.701458 0.180921 0.701458 0.182018 0.702226 0.183114 0.702226 0.183114 0.698388 0.182018 0.697621
0 0.446272 0.693784 0.446272 0.694551 0.447368 0.694551 0.447368 0.693784
0 0.177632 0.688411 0.177632 0.691481 0.178728 0.692249 0.179825 0.692249 0.180921 0.693016 0.182018 0.693016 0.182018 0.690714 0.180921 0.689946 0.180921 0.689179 0.179825 0.688411
0 0.467105 0.678434 0.464912 0.679969 0.464912 0.680737 0.463816 0.681504 0.463816 0.682272 0.462719 0.683039 0.462719 0.684574 0.461623 0.685342 0.461623 0.686109 0.460526 0.686876 0.460526 0.688411 0.461623 0.689179 0.461623 0.689946 0.463816 0.691481 0.466009 0.691481 0.467105 0.690714 0.468202 0.690714 0.468202 0.688411 0.469298 0.687644 0.469298 0.684574 0.470395 0.683807 0.470395 0.681504 0.469298 0.680737 0.469298 0.679969
0 0.139254 0.674597 0.137061 0.676132 0.137061 0.679202 0.138158 0.679969 0.138158 0.682272 0.139254 0.681504 0.140351 0.681504 0.141447 0.680737 0.141447 0.679202 0.142544 0.678434 0.142544 0.674597
0 0.694079 0.673062 0.694079 0.67383 0.695175 0.674597 0.697368 0.674597 0.695175 0.673062
0 0.497807 0.669992 0.496711 0.67076 0.495614 0.67076 0.493421 0.672295 0.492325 0.672295 0.491228 0.673062 0.491228 0.67383 0.486842 0.676899 0.486842 0.678434 0.485746 0.679202 0.485746 0.679969 0.484649 0.680737 0.484649 0.681504 0.483553 0.682272 0.483553 0.683807 0.482456 0.684574 0.482456 0.686876 0.48136 0.687644 0.48136 0.690714 0.480263 0.691481 0.480263 0.693784 0.479167 0.694551 0.479167 0.696853 0.47807 0.697621 0.47807 0.699156 0.476974 0.699923 0.476974 0.702993 0.475877 0.703761 0.475877 0.713738 0.476974 0.714505 0.476974 0.717575 0.47807 0.718342 0.47807 0.720645 0.479167 0.720645 0.480263 0.721412 0.48136 0.721412 0.482456 0.72218 0.483553 0.72218 0.484649 0.722947 0.484649 0.723715 0.486842 0.723715 0.487939 0.722947 0.490132 0.722947 0.491228 0.72218 0.491228 0.721412 0.492325 0.720645 0.493421 0.720645 0.493421 0.719877 0.5 0.715272 0.5 0.714505 0.501096 0.713738 0.502193 0.713738 0.502193 0.71297 0.504386 0.711435 0.504386 0.710668 0.505482 0.7099 0.505482 0.709133 0.507675 0.707598 0.507675 0.705295 0.508772 0.704528 0.508772 0.702226 0.509868 0.701458 0.509868 0.700691 0.510965 0.699923 0.510965 0.692249 0.509868 0.691481 0.509868 0.689946 0.508772 0.689179 0.508772 0.686876 0.507675 0.686109 0.507675 0.683807 0.506579 0.683039 0.506579 0.680737 0.505482 0.679969 0.505482 0.676899 0.504386 0.676132 0.504386 0.674597 0.503289 0.67383 0.503289 0.672295 0.501096 0.67076 0.501096 0.669992
0 0.474781 0.669992 0.475877 0.67076 0.475877 0.669992
0 0.151316 0.666922 0.151316 0.66769 0.150219 0.668457 0.150219 0.669225 0.149123 0.669992 0.149123 0.673062 0.150219 0.673062 0.151316 0.672295
0 0.617325 0.663085 0.617325 0.665388 0.618421 0.666155 0.618421 0.666922 0.620614 0.668457 0.627193 0.668457 0.628289 0.66769 0.628289 0.666922 0.627193 0.666922 0.626096 0.66769 0.625 0.66769 0.623904 0.666922 0.621711 0.666922 0.620614 0.666155 0.620614 0.665388
0 0.547149 0.660015 0.547149 0.66155 0.548246 0.662318 0.549342 0.66155 0.549342 0.660783 0.548246 0.660015
0 0.279605 0.660015 0.279605 0.660783 0.280702 0.66155 0.282895 0.66155 0.282895 0.660783 0.281798 0.660015
0 0.455044 0.656178 0.453947 0.656946 0.453947 0.657713 0.455044 0.65848 0.45614 0.65848 0.45614 0.656178
0 0.438596 0.655411 0.438596 0.656946 0.439693 0.657713 0.440789 0.657713 0.441886 0.656946 0.441886 0.656178 0.440789 0.655411 0.439693 0.656178
0 0.529605 0.646969 0.527412 0.648503 0.527412 0.649271 0.526316 0.650038 0.526316 0.651573 0.525219 0.652341 0.525219 0.654643 0.523026 0.656178 0.52193 0.656178 0.52193 0.656946 0.520833 0.657713 0.520833 0.66155 0.52193 0.662318 0.52193 0.663085 0.523026 0.662318 0.524123 0.662318 0.524123 0.66155 0.526316 0.660015 0.526316 0.659248 0.529605 0.656946 0.529605 0.654643 0.530702 0.653876 0.530702 0.653108 0.531798 0.652341 0.531798 0.650038 0.532895 0.649271 0.532895 0.648503 0.531798 0.647736 0.531798 0.646969
0 0.596491 0.643899 0.596491 0.644666 0.595395 0.645434 0.595395 0.646969 0.596491 0.647736 0.598684 0.647736 0.600877 0.646201 0.600877 0.645434 0.599781 0.644666 0.599781 0.643899
0 0.132675 0.632387 0.132675 0.633154 0.133772 0.633154 0.135965 0.634689 0.135965 0.635457 0.137061 0.636224 0.137061 0.637759 0.139254 0.639294 0.140351 0.639294 0.141447 0.640061 0.144737 0.640061 0.144737 0.637759 0.141447 0.635457 0.140351 0.635457 0.137061 0.633154 0.135965 0.633154 0.134868 0.632387
0 0.58114 0.629317 0.578947 0.630852 0.578947 0.634689 0.580044 0.635457 0.580044 0.636224 0.58114 0.636992 0.583333 0.636992 0.58443 0.636224 0.58443 0.635457 0.585526 0.634689 0.585526 0.631619 0.58443 0.630852 0.58443 0.630084 0.583333 0.629317
0 0.275219 0.623945 0.274123 0.624712 0.274123 0.62548 0.273026 0.626247 0.273026 0.627015 0.274123 0.627015 0.276316 0.62548 0.276316 0.623945
0 0.260965 0.617038 0.259868 0.617805 0.258772 0.617805 0.258772 0.61934 0.259868 0.620107 0.260965 0.620107 0.263158 0.618573 0.263158 0.617805 0.262061 0.617038
0 0.473684 0.613968 0.473684 0.615503 0.474781 0.615503 0.474781 0.614735
0 0.696272 0.607828 0.696272 0.608596 0.697368 0.608596 0.697368 0.607828
0 0.577851 0.602456 0.576754 0.603223 0.570175 0.603223 0.569079 0.603991 0.567982 0.603991 0.565789 0.605526 0.565789 0.607828 0.566886 0.608596 0.571272 0.608596 0.574561 0.610898 0.575658 0.610898 0.576754 0.611665 0.577851 0.611665 0.578947 0.612433 0.580044 0.612433 0.58114 0.6132 0.582237 0.6132 0.583333 0.613968 0.585526 0.613968 0.586623 0.614735 0.591009 0.614735 0.592105 0.615503 0.594298 0.613968 0.594298 0.610898 0.593202 0.61013 0.593202 0.609363 0.589912 0.607061 0.588816 0.607061 0.583333 0.603223 0.58114 0.603223 0.580044 0.602456
0 0.737939 0.600921 0.737939 0.601688 0.739035 0.602456 0.739035 0.601688
0 0.114035 0.597084 0.112939 0.597851 0.115132 0.597851 0.115132 0.597084
0 0.198465 0.595549 0.197368 0.596316 0.195175 0.596316 0.194079 0.597084 0.192982 0.597084 0.191886 0.597851 0.190789 0.597851 0.190789 0.598619 0.189693 0.599386 0.188596 0.599386 0.185307 0.601688 0.184211 0.601688 0.184211 0.602456 0.182018 0.603991 0.182018 0.604758 0.180921 0.605526 0.182018 0.606293 0.182018 0.610898 0.180921 0.611665 0.180921 0.615503 0.179825 0.61627 0.179825 0.61934 0.178728 0.620107 0.178728 0.621642 0.177632 0.62241 0.177632 0.623945 0.175439 0.62548 0.175439 0.626247 0.174342 0.627015 0.172149 0.627015 0.171053 0.627782 0.16886 0.627782 0.167763 0.62855 0.161184 0.62855 0.160088 0.629317 0.158991 0.629317 0.157895 0.630084 0.157895 0.632387 0.158991 0.633154 0.162281 0.633154 0.163377 0.632387 0.166667 0.632387 0.167763 0.633154 0.16886 0.633154 0.169956 0.633922 0.169956 0.634689 0.171053 0.635457 0.169956 0.636224 0.169956 0.643131 0.173246 0.640829 0.173246 0.639294 0.174342 0.638526 0.174342 0.637759 0.175439 0.636992 0.175439 0.636224 0.177632 0.634689 0.177632 0.633922 0.182018 0.630852 0.183114 0.630852 0.184211 0.630084 0.184211 0.629317 0.186404 0.627782 0.186404 0.627015 0.1875 0.626247 0.1875 0.624712 0.188596 0.623945 0.188596 0.62241 0.189693 0.621642 0.188596 0.620875 0.188596 0.620107 0.1875 0.61934 0.1875 0.618573 0.186404 0.617805 0.186404 0.61627 0.1875 0.615503 0.1875 0.611665 0.188596 0.610898 0.188596 0.607828 0.1875 0.607061 0.1875 0.604758 0.188596 0.603991 0.195175 0.603991 0.196272 0.603223 0.197368 0.603223 0.200658 0.600921 0.200658 0.600153 0.201754 0.599386 0.201754 0.597084 0.199561 0.595549
0 0.210526 0.591711 0.207237 0.594014 0.207237 0.598619 0.208333 0.599386 0.208333 0.600153 0.20943 0.600921 0.212719 0.598619 0.213816 0.598619 0.214912 0.599386 0.216009 0.599386 0.217105 0.600153 0.219298 0.598619 0.219298 0.597084 0.220395 0.596316 0.220395 0.594781 0.219298 0.594781 0.218202 0.594014 0.217105 0.594014 0.216009 0.593246 0.214912 0.593246 0.212719 0.591711
0 0.712719 0.582502 0.712719 0.583269 0.713816 0.584037 0.714912 0.584037 0.714912 0.583269 0.713816 0.582502
0 0.219298 0.575595 0.217105 0.57713 0.217105 0.577897 0.216009 0.578665 0.216009 0.579432 0.218202 0.580967 0.219298 0.580967 0.220395 0.581734 0.220395 0.582502 0.224781 0.585572 0.226974 0.585572 0.22807 0.584804 0.229167 0.585572 0.229167 0.586339 0.232456 0.586339 0.232456 0.585572 0.235746 0.583269 0.235746 0.582502 0.239035 0.5802 0.239035 0.579432 0.240132 0.578665 0.240132 0.57713 0.239035 0.576362 0.237939 0.576362 0.236842 0.575595
0 0.70614 0.57099 0.70614 0.572525 0.707237 0.572525 0.708333 0.571757 0.708333 0.57099
0 0.282895 0.56792 0.281798 0.568688 0.280702 0.568688 0.278509 0.570223 0.277412 0.570223 0.274123 0.572525 0.274123 0.57406 0.275219 0.574827 0.277412 0.574827 0.278509 0.57406 0.279605 0.57406 0.281798 0.572525 0.281798 0.571757 0.286184 0.568688 0.286184 0.56792
0 0.317982 0.565618 0.319079 0.566385 0.319079 0.565618
0 0.301535 0.557176 0.300439 0.557943 0.301535 0.558711 0.302632 0.558711 0.302632 0.557943
0 0.127193 0.554106 0.127193 0.555641 0.128289 0.555641 0.129386 0.554873 0.129386 0.554106
0 0.326754 0.550269 0.325658 0.551036 0.325658 0.553338 0.327851 0.554873 0.328947 0.554106 0.328947 0.553338 0.327851 0.552571 0.327851 0.550269
0 0.117325 0.546431 0.117325 0.547966 0.120614 0.550269 0.121711 0.550269 0.122807 0.551036 0.122807 0.550269 0.120614 0.548734 0.120614 0.547966 0.118421 0.546431
0 0.0953947 0.538757 0.0953947 0.539524 0.0964912 0.539524 0.0964912 0.538757
0 0.285088 0.52878 0.283991 0.529547 0.283991 0.530315 0.282895 0.531082 0.282895 0.53185 0.283991 0.532617 0.283991 0.533384 0.285088 0.534152 0.286184 0.534152 0.287281 0.534919 0.288377 0.534919 0.289474 0.534152 0.289474 0.532617 0.288377 0.53185 0.288377 0.531082
0 0.716009 0.520338 0.714912 0.521105 0.714912 0.52264 0.718202 0.52264 0.718202 0.521105 0.717105 0.521105
0 0.300439 0.518803 0.300439 0.52264 0.301535 0.523408 0.301535 0.524175 0.303728 0.52571 0.303728 0.526477 0.307018 0.52878 0.311404 0.52878 0.313596 0.527245 0.313596 0.524175 0.3125 0.523408 0.3125 0.52264 0.311404 0.52264 0.309211 0.521105 0.308114 0.521105 0.307018 0.520338 0.305921 0.520338 0.304825 0.51957 0.303728 0.51957 0.302632 0.518803
0 0.733553 0.508826 0.733553 0.510361 0.734649 0.509593 0.734649 0.508826
0 0.689693 0.488872 0.689693 0.491942 0.690789 0.492709 0.694079 0.492709 0.694079 0.491942 0.695175 0.491174 0.691886 0.488872
0 0.128289 0.479662 0.128289 0.481197 0.130482 0.481197
0 0.309211 0.478895 0.309211 0.479662 0.307018 0.481197 0.307018 0.484267 0.305921 0.485035 0.305921 0.486569 0.307018 0.487337 0.307018 0.488104 0.308114 0.488104 0.309211 0.488872 0.3125 0.488872 0.314693 0.487337 0.314693 0.484267 0.313596 0.4835 0.3125 0.4835 0.310307 0.481965 0.310307 0.478895
0 0.347588 0.478127 0.346491 0.478895 0.345395 0.478895 0.344298 0.479662 0.344298 0.48043 0.343202 0.481197 0.343202 0.484267 0.344298 0.485035 0.344298 0.490407 0.345395 0.491174 0.345395 0.494244 0.346491 0.495012 0.345395 0.495779 0.345395 0.498081 0.344298 0.498849 0.344298 0.503454 0.343202 0.504221 0.343202 0.506523 0.344298 0.507291 0.344298 0.508058 0.346491 0.509593 0.346491 0.511128 0.347588 0.511896 0.347588 0.512663 0.348684 0.512663 0.355263 0.517268 0.35636 0.517268 0.357456 0.518035 0.358553 0.518035 0.359649 0.518803 0.360746 0.518803 0.364035 0.521105 0.366228 0.521105 0.367325 0.520338 0.371711 0.520338 0.371711 0.51957 0.372807 0.518803 0.372807 0.513431 0.371711 0.512663 0.371711 0.510361 0.370614 0.509593 0.370614 0.507291 0.369518 0.506523 0.369518 0.503454 0.368421 0.502686 0.368421 0.501151 0.367325 0.500384 0.367325 0.498849 0.361842 0.495012 0.361842 0.494244 0.360746 0.493477 0.360746 0.491942 0.359649 0.491174 0.360746 0.490407 0.360746 0.488872 0.359649 0.488104 0.359649 0.484267 0.358553 0.4835 0.358553 0.482732 0.359649 0.481965 0.358553 0.481197 0.358553 0.48043 0.35636 0.48043 0.355263 0.479662 0.354167 0.479662 0.35307 0.478895 0.351974 0.478895 0.350877 0.478127
0 0.337719 0.467383 0.336623 0.46815 0.335526 0.46815 0.333333 0.469685 0.333333 0.470453 0.335526 0.471988 0.337719 0.471988
0 0.320175 0.460476 0.319079 0.461243 0.319079 0.462011 0.317982 0.462778 0.317982 0.463546 0.316886 0.464313 0.316886 0.465848 0.315789 0.466616 0.315789 0.467383 0.314693 0.46815 0.314693 0.468918 0.315789 0.469685 0.316886 0.469685 0.317982 0.468918 0.317982 0.46815 0.316886 0.467383 0.316886 0.465848 0.317982 0.465081 0.317982 0.464313 0.319079 0.463546 0.319079 0.462011 0.320175 0.461243
0 0.169956 0.459708 0.167763 0.461243 0.167763 0.463546 0.16886 0.463546 0.169956 0.464313 0.171053 0.463546 0.171053 0.459708
0 0.161184 0.455104 0.160088 0.455871 0.157895 0.455871 0.152412 0.459708 0.151316 0.459708 0.149123 0.461243 0.149123 0.462011 0.148026 0.462778 0.148026 0.463546 0.149123 0.464313 0.149123 0.465081 0.152412 0.467383 0.153509 0.466616 0.153509 0.464313 0.155702 0.462778 0.157895 0.462778 0.158991 0.462011 0.160088 0.462011 0.162281 0.460476 0.162281 0.459708 0.163377 0.458941 0.163377 0.457406 0.164474 0.456639 0.164474 0.455871 0.163377 0.455104
0 0.25 0.448964 0.25 0.449731 0.251096 0.449731 0.251096 0.448964
0 0.720395 0.445127 0.720395 0.445894 0.721491 0.446662 0.723684 0.446662 0.724781 0.445894 0.724781 0.445127
0 0.207237 0.442824 0.207237 0.443592 0.203947 0.445894 0.203947 0.446662 0.202851 0.447429 0.203947 0.448196 0.203947 0.450499 0.208333 0.453569 0.210526 0.453569 0.211623 0.454336 0.212719 0.454336 0.213816 0.455104 0.218202 0.455104 0.221491 0.457406 0.223684 0.457406 0.224781 0.458173 0.22807 0.458173 0.229167 0.457406 0.229167 0.455871 0.22807 0.455104 0.22807 0.454336 0.226974 0.453569 0.225877 0.453569 0.222588 0.451266 0.222588 0.450499 0.221491 0.450499 0.218202 0.448196 0.218202 0.447429 0.212719 0.443592 0.211623 0.443592 0.210526 0.442824
0 0.76864 0.441289 0.770833 0.441289 0.77193 0.442057 0.775219 0.442057 0.776316 0.442824 0.778509 0.442824 0.777412 0.442824 0.775219 0.441289
0 0.232456 0.436685 0.232456 0.437452 0.239035 0.442057 0.239035 0.442824 0.240132 0.442824 0.243421 0.445127 0.244518 0.445127 0.246711 0.446662 0.247807 0.446662 0.248904 0.447429 0.248904 0.445894 0.247807 0.445127 0.247807 0.444359 0.246711 0.444359 0.245614 0.443592 0.245614 0.442824 0.244518 0.442824 0.237939 0.438219 0.236842 0.438219 0.235746 0.437452 0.234649 0.437452 0.233553 0.436685
0 0.751096 0.434382 0.752193 0.43515 0.752193 0.434382
0 0.324561 0.431312 0.324561 0.433615 0.325658 0.434382 0.325658 0.435917 0.326754 0.436685 0.326754 0.433615 0.325658 0.432847 0.325658 0.43208
0 0.344298 0.42287 0.344298 0.423638 0.342105 0.425173 0.343202 0.42594 0.343202 0.430545 0.344298 0.431312 0.344298 0.433615 0.345395 0.434382 0.345395 0.43515 0.346491 0.435917 0.346491 0.441289 0.345395 0.442057 0.345395 0.444359 0.344298 0.445127 0.345395 0.445894 0.345395 0.446662 0.344298 0.447429 0.344298 0.448964 0.343202 0.449731 0.343202 0.458941 0.342105 0.459708 0.342105 0.460476 0.338816 0.462778 0.338816 0.465848 0.342105 0.465848 0.343202 0.466616 0.346491 0.466616 0.348684 0.46815 0.349781 0.46815 0.351974 0.469685 0.354167 0.469685 0.35636 0.46815 0.35636 0.464313 0.357456 0.463546 0.357456 0.462778 0.35636 0.462011 0.35636 0.459708 0.355263 0.458941 0.355263 0.457406 0.354167 0.456639 0.354167 0.455104 0.355263 0.454336 0.355263 0.452801 0.35636 0.452034 0.35636 0.446662 0.357456 0.445894 0.357456 0.437452 0.35636 0.436685 0.35636 0.433615 0.355263 0.432847 0.355263 0.431312 0.354167 0.430545 0.354167 0.429777 0.35307 0.42901 0.35307 0.428243 0.351974 0.427475 0.351974 0.425173 0.350877 0.424405 0.349781 0.424405 0.347588 0.42287
0 0.203947 0.420568 0.205044 0.421335 0.20614 0.421335 0.207237 0.422103 0.207237 0.421335 0.20614 0.420568
0 0.515351 0.415963 0.515351 0.416731 0.514254 0.417498 0.514254 0.419033 0.513158 0.4198 0.513158 0.420568 0.512061 0.421335 0.512061 0.424405 0.510965 0.425173 0.510965 0.426708 0.504386 0.431312 0.504386 0.43208 0.502193 0.433615 0.502193 0.434382 0.501096 0.43515 0.501096 0.438219 0.5 0.438987 0.501096 0.439754 0.501096 0.440522 0.502193 0.440522 0.502193 0.439754 0.503289 0.438987 0.503289 0.438219 0.504386 0.437452 0.504386 0.436685 0.505482 0.435917 0.505482 0.43515 0.512061 0.430545 0.513158 0.430545 0.515351 0.42901 0.516447 0.42901 0.52193 0.425173 0.52193 0.4198 0.520833 0.419033 0.520833 0.418266 0.51864 0.416731 0.517544 0.416731 0.516447 0.415963
0 0.684211 0.413661 0.683114 0.414428 0.683114 0.416731 0.684211 0.417498 0.686404 0.417498 0.686404 0.416731 0.6875 0.415963 0.6875 0.414428 0.686404 0.414428 0.685307 0.413661
0 0.300439 0.412126 0.300439 0.412893 0.302632 0.412893 0.301535 0.412126
0 0.179825 0.407521 0.182018 0.409056 0.183114 0.408289 0.182018 0.407521
0 0.276316 0.406754 0.280702 0.409823 0.281798 0.409823 0.281798 0.409056 0.280702 0.408289 0.279605 0.408289 0.277412 0.406754
0 0.547149 0.402916 0.544956 0.404451 0.54386 0.404451 0.542763 0.405219 0.541667 0.405219 0.538377 0.407521 0.538377 0.408289 0.537281 0.409056 0.537281 0.411358 0.538377 0.412126 0.537281 0.412893 0.537281 0.415963 0.538377 0.416731 0.538377 0.417498 0.539474 0.418266 0.539474 0.4198 0.54057 0.420568 0.54057 0.421335 0.541667 0.422103 0.541667 0.42287 0.542763 0.42287 0.544956 0.424405 0.546053 0.423638 0.548246 0.423638 0.549342 0.42287 0.549342 0.422103 0.551535 0.420568 0.551535 0.418266 0.552632 0.417498 0.552632 0.415196 0.551535 0.414428 0.552632 0.413661 0.552632 0.406754 0.551535 0.405986 0.551535 0.405219 0.550439 0.404451 0.550439 0.403684 0.549342 0.402916
0 0.240132 0.402916 0.242325 0.404451 0.243421 0.404451 0.244518 0.405219 0.245614 0.405219 0.246711 0.405986 0.25 0.405986 0.251096 0.406754 0.252193 0.406754 0.256579 0.409823 0.257675 0.409823 0.260965 0.412126 0.260965 0.412893 0.263158 0.414428 0.263158 0.415196 0.264254 0.415963 0.264254 0.417498 0.265351 0.418266 0.265351 0.419033 0.266447 0.4198 0.266447 0.420568 0.267544 0.4198 0.267544 0.419033 0.266447 0.418266 0.266447 0.417498 0.264254 0.415963 0.264254 0.415196 0.263158 0.414428 0.263158 0.413661 0.260965 0.412126 0.260965 0.411358 0.259868 0.410591 0.259868 0.409823 0.258772 0.409823 0.253289 0.405986 0.252193 0.405986 0.251096 0.405219 0.248904 0.405219 0.247807 0.404451 0.244518 0.404451 0.243421 0.403684 0.242325 0.403684 0.241228 0.402916
0 0.269737 0.395242 0.269737 0.399847 0.27193 0.401381 0.27193 0.402149 0.273026 0.402149 0.273026 0.401381 0.27193 0.400614 0.27193 0.399079 0.270833 0.398312 0.270833 0.396777 0.269737 0.396009
0 0.254386 0.38373 0.256579 0.385265 0.258772 0.385265 0.257675 0.385265 0.256579 0.384497 0.255482 0.384497
0 0.616228 0.379125 0.615132 0.379893 0.616228 0.38066 0.616228 0.381427 0.618421 0.381427 0.618421 0.379893 0.617325 0.379125
0 0.461623 0.37759 0.460526 0.378358 0.45943 0.378358 0.458333 0.379125 0.460526 0.38066 0.460526 0.381427 0.462719 0.382962 0.462719 0.38373 0.463816 0.384497 0.463816 0.386032 0.466009 0.387567 0.466009 0.38987 0.468202 0.391404 0.469298 0.391404 0.470395 0.392172 0.471491 0.392172 0.472588 0.392939 0.473684 0.392939 0.474781 0.393707 0.47807 0.393707 0.479167 0.392939 0.47807 0.392172 0.479167 0.391404 0.479167 0.390637 0.47807 0.38987 0.479167 0.389102 0.479167 0.387567 0.47807 0.387567 0.475877 0.386032 0.475877 0.385265 0.474781 0.385265 0.473684 0.384497 0.473684 0.38373 0.472588 0.382962 0.471491 0.382962 0.470395 0.382195 0.470395 0.381427 0.466009 0.378358 0.463816 0.378358 0.462719 0.37759
0 0.257675 0.369916 0.257675 0.370683 0.259868 0.372218 0.259868 0.372985 0.263158 0.375288 0.263158 0.376055 0.267544 0.379125 0.26864 0.379125 0.266447 0.37759 0.266447 0.376823 0.265351 0.376823 0.263158 0.375288 0.264254 0.37452 0.263158 0.375288 0.260965 0.373753 0.262061 0.372985 0.262061 0.372218 0.258772 0.369916
0 0.270833 0.356869 0.27193 0.357636 0.274123 0.357636 0.273026 0.357636 0.27193 0.356869
0 0.283991 0.350729 0.283991 0.352264 0.285088 0.353031 0.285088 0.356101 0.282895 0.357636 0.281798 0.357636 0.283991 0.357636 0.285088 0.356869 0.285088 0.355334 0.286184 0.354566 0.286184 0.353799 0.285088 0.353031 0.285088 0.351497
0 0.561404 0.349962 0.560307 0.350729 0.560307 0.351497 0.561404 0.352264 0.561404 0.353031 0.563596 0.353031 0.563596 0.351497
0 0.591009 0.348427 0.589912 0.349194 0.589912 0.349962 0.591009 0.349962 0.592105 0.349194 0.592105 0.348427
0 0.759868 0.336147 0.758772 0.336915 0.757675 0.336915 0.757675 0.337682 0.759868 0.337682 0.762061 0.339217 0.760965 0.33845 0.760965 0.337682 0.759868 0.336915 0.760965 0.336147
0 0.705044 0.336147 0.705044 0.337682 0.70943 0.340752 0.710526 0.340752 0.711623 0.34152 0.713816 0.34152 0.714912 0.340752 0.713816 0.339985 0.713816 0.339217 0.712719 0.33845 0.711623 0.33845 0.710526 0.337682 0.70943 0.337682 0.707237 0.336147
0 0.679825 0.33538 0.679825 0.340752 0.683114 0.343054 0.683114 0.343822 0.685307 0.345357 0.686404 0.345357 0.6875 0.346124 0.689693 0.346124 0.690789 0.346892 0.694079 0.346892 0.694079 0.344589 0.686404 0.339217 0.683114 0.339217 0.682018 0.33845 0.682018 0.336915 0.680921 0.336147 0.680921 0.33538
0 0.662281 0.333845 0.662281 0.336147 0.661184 0.336915 0.661184 0.337682 0.654605 0.342287 0.653509 0.34152 0.652412 0.34152 0.651316 0.340752 0.650219 0.340752 0.649123 0.339985 0.648026 0.339985 0.64693 0.340752 0.645833 0.340752 0.644737 0.34152 0.64364 0.34152 0.642544 0.342287 0.641447 0.342287 0.640351 0.343054 0.639254 0.343054 0.638158 0.343822 0.637061 0.343822 0.637061 0.349194 0.638158 0.349962 0.638158 0.350729 0.640351 0.350729 0.641447 0.349962 0.642544 0.349962 0.64364 0.349194 0.64693 0.349194 0.648026 0.348427 0.649123 0.348427 0.650219 0.347659 0.652412 0.347659 0.653509 0.346892 0.654605 0.347659 0.655702 0.347659 0.656798 0.348427 0.657895 0.348427 0.658991 0.347659 0.660088 0.347659 0.661184 0.346892 0.662281 0.346892 0.664474 0.345357 0.666667 0.345357 0.666667 0.343054 0.66886 0.34152 0.669956 0.34152 0.671053 0.340752 0.671053 0.337682 0.669956 0.336915 0.669956 0.336147 0.666667 0.333845
0 0.737939 0.33231 0.736842 0.333078 0.737939 0.333845 0.740132 0.333845 0.741228 0.333078 0.740132 0.333078 0.739035 0.33231
0 0.601974 0.32924 0.601974 0.330008 0.60307 0.330775 0.60307 0.32924
0 0.739035 0.328473 0.737939 0.32924 0.737939 0.330775 0.740132 0.32924
0 0.270833 0.323101 0.269737 0.323868 0.27193 0.323868 0.27193 0.323101
0 0.658991 0.321566 0.657895 0.322333 0.657895 0.324635 0.658991 0.324635 0.660088 0.323868 0.660088 0.321566
0 0.605263 0.318496 0.60307 0.320031 0.60307 0.320798 0.604167 0.321566 0.604167 0.323868 0.605263 0.324635 0.60636 0.324635 0.60636 0.323868 0.607456 0.323101 0.607456 0.320798 0.60636 0.320031 0.60636 0.319263
0 0.479167 0.317728 0.47807 0.318496 0.47807 0.319263 0.480263 0.319263 0.480263 0.317728
0 0.280702 0.314658 0.276316 0.317728 0.276316 0.318496 0.277412 0.318496 0.278509 0.317728 0.279605 0.317728 0.283991 0.314658 0.285088 0.314658 0.286184 0.315426 0.287281 0.315426 0.289474 0.316961 0.289474 0.317728 0.29057 0.318496 0.291667 0.318496 0.291667 0.316961 0.29057 0.316193 0.29057 0.315426 0.289474 0.314658
0 0.474781 0.312356 0.474781 0.313124 0.473684 0.313891 0.473684 0.314658 0.475877 0.313124 0.475877 0.312356
0 0.655702 0.303914 0.654605 0.304682 0.655702 0.305449 0.656798 0.305449 0.657895 0.304682 0.656798 0.304682
0 0.213816 0.298542 0.212719 0.299309 0.214912 0.299309 0.216009 0.300077 0.217105 0.299309 0.218202 0.299309 0.218202 0.298542
0 0.47807 0.297007 0.47807 0.297774 0.480263 0.299309 0.480263 0.305449 0.483553 0.307751 0.483553 0.308519 0.484649 0.309286 0.484649 0.310821 0.485746 0.310054 0.484649 0.309286 0.484649 0.306984 0.483553 0.306216 0.483553 0.302379 0.482456 0.301612 0.482456 0.300844 0.479167 0.298542 0.480263 0.297774 0.479167 0.297007
0 0.470395 0.293937 0.470395 0.294705 0.471491 0.294705 0.472588 0.295472 0.472588 0.294705 0.471491 0.293937
0 0.25 0.283193 0.248904 0.28396 0.25 0.284728 0.251096 0.284728 0.251096 0.28396
0 0.683114 0.267076 0.682018 0.267843 0.678728 0.267843 0.677632 0.268611 0.676535 0.268611 0.674342 0.270146 0.676535 0.270146 0.677632 0.269378 0.678728 0.269378 0.679825 0.268611 0.680921 0.268611
0 0.711623 0.261704 0.710526 0.262471 0.708333 0.262471 0.717105 0.262471 0.717105 0.261704
0 0.4375 0.240982 0.436404 0.24175 0.436404 0.243285 0.435307 0.244052 0.435307 0.245587 0.432018 0.247889 0.432018 0.249424 0.433114 0.250192 0.433114 0.250959 0.434211 0.251727 0.434211 0.254029 0.435307 0.254797 0.435307 0.257099 0.436404 0.257866 0.436404 0.260936 0.4375 0.261704 0.4375 0.262471 0.438596 0.263239 0.440789 0.263239 0.442982 0.261704 0.442982 0.260936 0.444079 0.260169 0.444079 0.255564 0.442982 0.254797 0.442982 0.252494 0.440789 0.250959 0.440789 0.250192 0.438596 0.248657 0.438596 0.247122 0.439693 0.246355 0.439693 0.24482 0.440789 0.244052 0.440789 0.24175 0.439693 0.240982
0 0.441886 0.234843 0.441886 0.23561 0.442982 0.23561 0.442982 0.234843
0 0.447368 0.22947 0.447368 0.231005 0.448465 0.231773 0.448465 0.230238
0 0.743421 0.211051 0.744518 0.211819 0.744518 0.211051
0 0.403509 0.204912 0.402412 0.205679 0.402412 0.210284 0.403509 0.211051 0.403509 0.211819 0.404605 0.212586 0.404605 0.213354 0.405702 0.214121 0.406798 0.214121 0.408991 0.212586 0.408991 0.211819 0.410088 0.211051 0.410088 0.207982 0.408991 0.207214 0.408991 0.206447 0.406798 0.204912
0 0.70943 0.198005 0.70943 0.198772 0.710526 0.198772 0.710526 0.198005
0 0.719298 0.195702 0.718202 0.19647 0.721491 0.19647 0.720395 0.195702
0 0.41886 0.188795 0.417763 0.189563 0.41886 0.19033 0.41886 0.191097 0.419956 0.191097 0.419956 0.189563
0 0.713816 0.18112 0.712719 0.181888 0.711623 0.181888 0.710526 0.182655 0.70943 0.182655 0.707237 0.18419 0.70943 0.18419 0.711623 0.182655 0.712719 0.182655 0.713816 0.181888
0 0.485746 0.18112 0.483553 0.182655 0.484649 0.183423 0.485746 0.183423
0 0.661184 0.174213 0.660088 0.174981 0.658991 0.174981 0.658991 0.178051 0.661184 0.179586 0.664474 0.179586 0.664474 0.178818 0.66557 0.178051 0.66557 0.177283 0.664474 0.176516 0.664474 0.175748 0.663377 0.174981 0.662281 0.174981
0 0.703947 0.130468 0.705044 0.131236 0.70614 0.131236 0.70614 0.130468
0 0.612939 0.121259 0.611842 0.122026 0.611842 0.125863 0.612939 0.126631 0.612939 0.128166 0.614035 0.128933 0.614035 0.129701 0.615132 0.130468 0.617325 0.130468 0.617325 0.126631 0.616228 0.125863 0.616228 0.123561 0.615132 0.122794 0.615132 0.122026 0.614035 0.121259
0 0.629386 0.117421 0.628289 0.118189 0.628289 0.118956 0.627193 0.119724 0.627193 0.122794 0.626096 0.123561 0.626096 0.125096 0.627193 0.125863 0.627193 0.130468 0.628289 0.131236 0.630482 0.131236 0.631579 0.130468 0.631579 0.124328 0.630482 0.123561 0.630482 0.120491 0.629386 0.119724 0.629386 0.118189 0.630482 0.117421
0 0.66557 0.115886 0.66557 0.117421 0.666667 0.118189 0.666667 0.116654
0 0.631579 0.112049 0.631579 0.115886 0.632675 0.115886 0.633772 0.115119 0.633772 0.112049
0 0.554825 0.105909 0.554825 0.107444 0.553728 0.108212 0.554825 0.108212 0.555921 0.107444 0.555921 0.106677
0 0.542763 0.10284 0.541667 0.103607 0.541667 0.105142 0.54386 0.106677 0.546053 0.106677 0.548246 0.105142 0.548246 0.104375 0.546053 0.10284
0 0.645833 0.0966999 0.645833 0.0982348 0.64693 0.0990023 0.64693 0.0974674
0 0.547149 0.0936301 0.547149 0.095165 0.548246 0.0959325 0.548246 0.0966999 0.551535 0.0990023 0.553728 0.0990023 0.554825 0.0982348 0.553728 0.0974674 0.550439 0.0974674 0.549342 0.0966999 0.549342 0.0959325 0.548246 0.095165 0.548246 0.0943975
0 0.561404 0.0928626 0.561404 0.0936301 0.563596 0.0936301 0.5625 0.0928626
0 0.588816 0.0867229 0.588816 0.0882579 0.589912 0.0890253 0.589912 0.0897928 0.589912 0.0867229
0 0.546053 0.085188 0.544956 0.0859555 0.544956 0.0874904 0.546053 0.0882579
