0 0.462719 0.835764 0.461623 0.836531 0.45943 0.836531 0.458333 0.837299 0.455044 0.837299 0.452851 0.838833 0.450658 0.838833 0.445175 0.842671 0.445175 0.843438 0.441886 0.845741 0.441886 0.846508 0.440789 0.847276 0.439693 0.847276 0.439693 0.848043 0.438596 0.84881 0.438596 0.851113 0.4375 0.85188 0.4375 0.85495 0.436404 0.855718 0.436404 0.857252 0.435307 0.85802 0.435307 0.858787 0.434211 0.859555 0.434211 0.860322 0.433114 0.86109 0.433114 0.861857 0.434211 0.862625 0.434211 0.874137 0.433114 0.874904 0.433114 0.883346 0.434211 0.884114 0.434211 0.888718 0.435307 0.889486 0.435307 0.892556 0.439693 0.895625 0.439693 0.89716 0.440789 0.897928 0.441886 0.897928 0.444079 0.899463 0.444079 0.90023 0.448465 0.90023 0.450658 0.901765 0.451754 0.901765 0.452851 0.902533 0.453947 0.902533 0.455044 0.901765 0.461623 0.901765 0.462719 0.900998 0.463816 0.900998 0.463816 0.90023 0.464912 0.899463 0.466009 0.899463 0.466009 0.898695 0.468202 0.89716 0.470395 0.89716 0.47807 0.891788 0.47807 0.891021 0.479167 0.890253 0.479167 0.889486 0.480263 0.888718 0.480263 0.887951 0.48136 0.887183 0.482456 0.887183 0.482456 0.886416 0.484649 0.884881 0.484649 0.883346 0.485746 0.882579 0.486842 0.882579 0.486842 0.881044 0.489035 0.879509 0.489035 0.877974 0.490132 0.877206 0.490132 0.876439 0.493421 0.874137 0.493421 0.873369 0.494518 0.872602 0.494518 0.868764 0.495614 0.867997 0.495614 0.867229 0.496711 0.866462 0.496711 0.865695 0.497807 0.864927 0.496711 0.86416 0.496711 0.863392 0.498904 0.861857 0.497807 0.86109 0.497807 0.860322 0.496711 0.859555 0.496711 0.857252 0.497807 0.856485 0.496711 0.855718 0.496711 0.85495 0.495614 0.854183 0.495614 0.853415 0.493421 0.85188 0.493421 0.848043 0.492325 0.847276 0.492325 0.846508 0.489035 0.844206 0.487939 0.844206 0.480263 0.838833 0.47807 0.838833 0.476974 0.838066 0.475877 0.838066 0.474781 0.837299 0.473684 0.837299 0.472588 0.836531 0.464912 0.836531 0.463816 0.835764
0 0.236842 0.795856 0.239035 0.797391 0.239035 0.796623 0.237939 0.795856
0 0.23136 0.785111 0.23136 0.787414 0.233553 0.788949 0.233553 0.789716 0.234649 0.789716 0.235746 0.790483 0.236842 0.789716 0.236842 0.788181 0.235746 0.787414 0.235746 0.786646 0.233553 0.785111
0 0.175439 0.785111 0.175439 0.785879 0.176535 0.786646 0.177632 0.786646 0.177632 0.785111
0 0.123904 0.778972 0.123904 0.779739 0.125 0.779739 0.125 0.778972
0 0.131579 0.775134 0.130482 0.775902 0.130482 0.777437 0.132675 0.777437 0.132675 0.775134
0 0.161184 0.75825 0.161184 0.759785 0.162281 0.760553 0.163377 0.760553 0.163377 0.759785
0 0.513158 0.741366 0.512061 0.742134 0.508772 0.742134 0.507675 0.742901 0.506579 0.742901 0.505482 0.743668 0.502193 0.743668 0.498904 0.745971 0.498904 0.746738 0.496711 0.748273 0.496711 0.749041 0.495614 0.749808 0.495614 0.750576 0.493421 0.752111 0.493421 0.752878 0.490132 0.75518 0.490132 0.756715 0.486842 0.759018 0.486842 0.759785 0.485746 0.760553 0.485746 0.76132 0.48136 0.76439 0.48136 0.765157 0.47807 0.76746 0.47807 0.768227 0.476974 0.768995 0.476974 0.769762 0.475877 0.77053 0.475877 0.774367 0.476974 0.775134 0.476974 0.775902 0.47807 0.776669 0.47807 0.777437 0.479167 0.778204 0.479167 0.778972 0.482456 0.781274 0.482456 0.782041 0.489035 0.786646 0.490132 0.786646 0.491228 0.787414 0.497807 0.787414 0.498904 0.788181 0.5 0.787414 0.504386 0.787414 0.504386 0.786646 0.507675 0.784344 0.507675 0.783576 0.508772 0.782809 0.508772 0.782041 0.509868 0.781274 0.509868 0.780507 0.510965 0.779739 0.510965 0.777437 0.512061 0.776669 0.512061 0.774367 0.513158 0.773599 0.513158 0.772832 0.514254 0.772064 0.514254 0.771297 0.516447 0.769762 0.516447 0.768995 0.51864 0.76746 0.51864 0.766692 0.520833 0.765157 0.520833 0.76439 0.52193 0.763622 0.52193 0.757483 0.520833 0.756715 0.520833 0.754413 0.519737 0.753645 0.519737 0.752111 0.51864 0.751343 0.51864 0.749808 0.517544 0.749041 0.517544 0.745203 0.516447 0.744436 0.516447 0.743668 0.515351 0.742901 0.515351 0.742134 0.514254 0.741366
0 0.658991 0.732924 0.660088 0.733691 0.660088 0.732924
0 0.108553 0.715272 0.10636 0.716807 0.107456 0.716807 0.108553 0.71604 0.109649 0.71604 0.110746 0.715272
0 0.273026 0.712203 0.273026 0.71297 0.27193 0.713738 0.27193 0.714505 0.273026 0.714505 0.274123 0.713738 0.274123 0.712203
0 0.64693 0.70683 0.64693 0.712203 0.648026 0.712203 0.648026 0.70683
0 0.633772 0.702226 0.633772 0.703761 0.634868 0.703761 0.634868 0.702226
0 0.251096 0.702226 0.246711 0.705295 0.246711 0.706063 0.241228 0.7099 0.241228 0.710668 0.240132 0.711435 0.243421 0.713738 0.246711 0.713738 0.251096 0.710668 0.252193 0.710668 0.252193 0.7099 0.254386 0.708365 0.254386 0.707598 0.255482 0.70683 0.255482 0.706063 0.254386 0.705295 0.254386 0.702993 0.252193 0.702993
0 0.629386 0.693016 0.629386 0.694551 0.630482 0.695318 0.630482 0.696086 0.634868 0.699156 0.634868 0.699923 0.635965 0.699923 0.635965 0.698388 0.634868 0.697621 0.634868 0.696853 0.633772 0.696086 0.633772 0.695318 0.630482 0.693016
0 0.278509 0.689179 0.277412 0.689946 0.278509 0.689946
0 0.366228 0.684574 0.365132 0.685342 0.364035 0.685342 0.364035 0.686109 0.361842 0.687644 0.361842 0.689179 0.358553 0.691481 0.355263 0.691481 0.35307 0.693016 0.35307 0.693784 0.351974 0.694551 0.351974 0.695318 0.347588 0.698388 0.346491 0.698388 0.346491 0.699156 0.345395 0.699923 0.344298 0.699923 0.344298 0.700691 0.343202 0.701458 0.343202 0.702226 0.342105 0.702993 0.342105 0.703761 0.339912 0.705295 0.339912 0.706063 0.335526 0.709133 0.33443 0.709133 0.33443 0.710668 0.333333 0.711435 0.333333 0.712203 0.33114 0.713738 0.33114 0.715272 0.327851 0.717575 0.327851 0.721412 0.326754 0.72218 0.326754 0.722947 0.325658 0.723715 0.325658 0.724482 0.322368 0.726784 0.321272 0.726784 0.321272 0.727552 0.320175 0.728319 0.320175 0.729087 0.316886 0.731389 0.316886 0.734459 0.314693 0.735994 0.314693 0.736761 0.313596 0.737529 0.313596 0.738296 0.311404 0.739831 0.311404 0.742134 0.309211 0.743668 0.309211 0.745971 0.308114 0.746738 0.308114 0.747506 0.307018 0.748273 0.307018 0.749041 0.305921 0.749808 0.305921 0.752111 0.304825 0.752878 0.304825 0.755948 0.303728 0.756715 0.303728 0.757483 0.302632 0.75825 0.302632 0.762855 0.301535 0.763622 0.301535 0.76746 0.300439 0.768227 0.300439 0.769762 0.299342 0.77053 0.299342 0.775902 0.298246 0.776669 0.298246 0.780507 0.297149 0.781274 0.297149 0.783576 0.298246 0.784344 0.297149 0.785111 0.297149 0.788181 0.296053 0.788949 0.296053 0.789716 0.297149 0.790483 0.297149 0.801228 0.298246 0.801995 0.298246 0.802763 0.299342 0.80353 0.299342 0.804298 0.298246 0.805065 0.299342 0.805833 0.299342 0.808135 0.300439 0.808903 0.300439 0.80967 0.301535 0.810437 0.301535 0.81274 0.302632 0.813507 0.302632 0.818112 0.303728 0.81888 0.303728 0.825019 0.302632 0.825787 0.302632 0.826554 0.303728 0.827322 0.303728 0.828856 0.304825 0.829624 0.304825 0.830391 0.305921 0.831159 0.305921 0.831926 0.307018 0.832694 0.307018 0.834996 0.309211 0.836531 0.309211 0.838066 0.308114 0.838833 0.308114 0.840368 0.307018 0.841136 0.307018 0.841903 0.308114 0.842671 0.308114 0.843438 0.310307 0.844973 0.310307 0.848043 0.309211 0.84881 0.310307 0.849578 0.310307 0.850345 0.311404 0.851113 0.311404 0.85188 0.315789 0.85495 0.315789 0.856485 0.316886 0.857252 0.316886 0.858787 0.320175 0.86109 0.320175 0.861857 0.321272 0.862625 0.321272 0.865695 0.320175 0.866462 0.320175 0.867997 0.319079 0.868764 0.316886 0.868764 0.316886 0.869532 0.321272 0.869532 0.322368 0.870299 0.324561 0.870299 0.325658 0.871067 0.326754 0.871067 0.327851 0.871834 0.332237 0.871834 0.333333 0.872602 0.333333 0.871834 0.337719 0.868764 0.339912 0.868764 0.339912 0.865695 0.337719 0.86416 0.338816 0.863392 0.338816 0.862625 0.337719 0.861857 0.337719 0.856485 0.336623 0.856485 0.33443 0.85495 0.33443 0.853415 0.335526 0.852648 0.335526 0.848043 0.333333 0.846508 0.333333 0.844973 0.332237 0.844206 0.332237 0.843438 0.33114 0.842671 0.33114 0.836531 0.332237 0.835764 0.332237 0.834229 0.33114 0.833461 0.33114 0.829624 0.330044 0.828856 0.330044 0.828089 0.33114 0.827322 0.33114 0.824252 0.332237 0.823484 0.332237 0.81888 0.333333 0.818112 0.333333 0.816577 0.33443 0.81581 0.33443 0.815042 0.335526 0.814275 0.335526 0.813507 0.336623 0.81274 0.336623 0.811972 0.339912 0.80967 0.339912 0.808903 0.341009 0.808135 0.341009 0.8066 0.343202 0.805065 0.343202 0.804298 0.345395 0.802763 0.345395 0.801995 0.346491 0.801228 0.346491 0.798158 0.347588 0.797391 0.347588 0.793553 0.348684 0.792786 0.348684 0.791251 0.349781 0.790483 0.349781 0.786646 0.350877 0.785879 0.350877 0.783576 0.351974 0.782809 0.351974 0.782041 0.35307 0.781274 0.35307 0.779739 0.354167 0.778972 0.354167 0.776669 0.355263 0.775902 0.355263 0.773599 0.35636 0.772832 0.35636 0.769762 0.357456 0.768995 0.357456 0.765925 0.358553 0.765157 0.358553 0.763622 0.359649 0.762855 0.359649 0.755948 0.360746 0.75518 0.360746 0.751343 0.361842 0.750576 0.361842 0.749041 0.360746 0.748273 0.360746 0.742134 0.359649 0.741366 0.359649 0.737529 0.358553 0.736761 0.358553 0.735226 0.35636 0.733691 0.357456 0.732924 0.357456 0.732157 0.35636 0.731389 0.35636 0.729087 0.357456 0.728319 0.357456 0.725249 0.358553 0.724482 0.358553 0.719877 0.359649 0.71911 0.359649 0.71604 0.360746 0.715272 0.360746 0.714505 0.362939 0.71297 0.362939 0.7099 0.364035 0.709133 0.364035 0.707598 0.366228 0.706063 0.366228 0.705295 0.368421 0.703761 0.368421 0.696853 0.369518 0.696086 0.370614 0.696086 0.370614 0.695318 0.371711 0.694551 0.371711 0.693784 0.372807 0.693016 0.372807 0.689946 0.371711 0.689179 0.371711 0.688411 0.370614 0.687644 0.370614 0.686109 0.368421 0.686109 0.367325 0.686876 0.366228 0.686876 0.365132 0.686109 0.366228 0.685342
0 0.502193 0.681504 0.502193 0.683039 0.501096 0.683807 0.501096 0.685342 0.5 0.686109 0.5 0.689179 0.5 0.688411 0.501096 0.687644 0.501096 0.684574 0.502193 0.683807
0 0.626096 0.676899 0.625 0.677667 0.625 0.686109 0.626096 0.686876 0.626096 0.683807 0.627193 0.683039 0.627193 0.682272 0.628289 0.681504 0.628289 0.679969 0.627193 0.679202 0.627193 0.676899
0 0.549342 0.671527 0.548246 0.672295 0.548246 0.673062 0.549342 0.67383 0.549342 0.674597 0.550439 0.674597 0.550439 0.67383 0.551535 0.673062
0 0.632675 0.669225 0.632675 0.669992 0.633772 0.67076 0.633772 0.671527 0.634868 0.672295 0.635965 0.671527 0.634868 0.67076 0.634868 0.669992 0.633772 0.669225
0 0.577851 0.666155 0.576754 0.666922 0.576754 0.668457 0.578947 0.669992 0.58114 0.669992 0.58114 0.66769 0.578947 0.666155
0 0.544956 0.666155 0.54386 0.666922 0.54386 0.66769 0.544956 0.66769 0.547149 0.666155
0 0.699561 0.656178 0.699561 0.656946 0.700658 0.656946
0 0.654605 0.651573 0.654605 0.653108 0.655702 0.653876 0.657895 0.653876 0.657895 0.652341 0.656798 0.651573
0 0.296053 0.650806 0.294956 0.651573 0.29386 0.651573 0.292763 0.652341 0.291667 0.652341 0.29057 0.653108 0.289474 0.653108 0.288377 0.653876 0.288377 0.654643 0.287281 0.655411 0.286184 0.655411 0.278509 0.660783 0.277412 0.660783 0.274123 0.663085 0.274123 0.663853 0.273026 0.66462 0.273026 0.665388 0.269737 0.66769 0.269737 0.668457 0.266447 0.67076 0.265351 0.67076 0.264254 0.671527 0.264254 0.672295 0.260965 0.674597 0.259868 0.674597 0.258772 0.675365 0.258772 0.676132 0.257675 0.676899 0.257675 0.677667 0.255482 0.679202 0.254386 0.679202 0.252193 0.680737 0.251096 0.680737 0.251096 0.682272 0.245614 0.686109 0.244518 0.686109 0.243421 0.686876 0.240132 0.686876 0.239035 0.687644 0.237939 0.687644 0.236842 0.688411 0.236842 0.689946 0.237939 0.689946 0.240132 0.691481 0.241228 0.690714 0.248904 0.690714 0.255482 0.695318 0.255482 0.696086 0.256579 0.695318 0.256579 0.693016 0.260965 0.689946 0.262061 0.689946 0.266447 0.686876 0.267544 0.686876 0.26864 0.686109 0.26864 0.685342 0.270833 0.683807 0.270833 0.683039 0.274123 0.680737 0.274123 0.679969 0.276316 0.678434 0.276316 0.677667 0.277412 0.676899 0.277412 0.676132 0.278509 0.675365 0.278509 0.674597 0.279605 0.67383 0.279605 0.671527 0.280702 0.67076 0.280702 0.669992 0.282895 0.668457 0.282895 0.66769 0.285088 0.666155 0.286184 0.666155 0.286184 0.665388 0.288377 0.663853 0.288377 0.659248 0.294956 0.654643 0.294956 0.653876 0.297149 0.652341 0.297149 0.651573
0 0.652412 0.643899 0.652412 0.644666 0.651316 0.645434 0.651316 0.648503 0.653509 0.650038 0.655702 0.650038 0.655702 0.648503 0.656798 0.647736 0.656798 0.646201 0.655702 0.645434 0.655702 0.644666 0.654605 0.643899
0 0.350877 0.642364 0.351974 0.642364 0.35636 0.645434 0.35636 0.644666 0.355263 0.643899 0.355263 0.643131 0.354167 0.642364
0 0.676535 0.639294 0.676535 0.640061 0.674342 0.641596 0.674342 0.642364 0.673246 0.643131 0.673246 0.643899 0.675439 0.643899 0.676535 0.644666 0.677632 0.644666 0.679825 0.643131 0.679825 0.640061 0.678728 0.640061 0.677632 0.639294
0 0.710526 0.638526 0.70943 0.639294 0.707237 0.639294 0.70614 0.640061 0.705044 0.640061 0.705044 0.641596 0.703947 0.642364 0.703947 0.643131 0.705044 0.643899 0.707237 0.643899 0.708333 0.643131 0.710526 0.643131 0.713816 0.640829 0.714912 0.640829 0.716009 0.640061 0.714912 0.639294 0.714912 0.638526
0 0.328947 0.636992 0.327851 0.637759 0.326754 0.637759 0.326754 0.638526 0.325658 0.639294 0.320175 0.639294 0.319079 0.640061 0.317982 0.640061 0.316886 0.640829 0.315789 0.640829 0.314693 0.641596 0.314693 0.643131 0.315789 0.643131 0.316886 0.643899 0.323465 0.643899 0.325658 0.642364 0.328947 0.642364 0.330044 0.643131 0.33114 0.643131 0.332237 0.643899 0.335526 0.643899 0.337719 0.642364 0.339912 0.642364 0.339912 0.641596 0.33443 0.637759 0.333333 0.637759 0.332237 0.636992
0 0.126096 0.636992 0.126096 0.637759 0.127193 0.637759 0.127193 0.636992
0 0.722588 0.633922 0.722588 0.635457 0.723684 0.636224 0.724781 0.635457 0.723684 0.634689 0.723684 0.633922
0 0.527412 0.630084 0.526316 0.630852 0.525219 0.630852 0.524123 0.631619 0.52193 0.631619 0.520833 0.632387 0.519737 0.632387 0.51864 0.633154 0.517544 0.633154 0.516447 0.633922 0.516447 0.634689 0.515351 0.635457 0.515351 0.640061 0.516447 0.640829 0.516447 0.642364 0.517544 0.643131 0.519737 0.641596 0.519737 0.639294 0.51864 0.638526 0.51864 0.636992 0.517544 0.637759 0.516447 0.636992 0.516447 0.636224 0.517544 0.635457 0.520833 0.635457 0.52193 0.634689 0.523026 0.634689 0.524123 0.633922 0.528509 0.633922 0.531798 0.631619 0.530702 0.630852 0.529605 0.630852 0.528509 0.630084
0 0.532895 0.627015 0.532895 0.627782 0.533991 0.627782
0 0.630482 0.623177 0.629386 0.623945 0.628289 0.623945 0.627193 0.624712 0.627193 0.626247 0.628289 0.627015 0.628289 0.627782 0.629386 0.62855 0.629386 0.629317 0.631579 0.630852 0.632675 0.630852 0.633772 0.631619 0.638158 0.631619 0.639254 0.630852 0.640351 0.630852 0.641447 0.630084 0.641447 0.62855 0.642544 0.627782 0.642544 0.626247 0.641447 0.62548 0.639254 0.62548 0.638158 0.624712 0.637061 0.624712 0.635965 0.623945 0.634868 0.623945 0.633772 0.623177
0 0.765351 0.588642 0.765351 0.589409 0.767544 0.589409 0.766447 0.588642
0 0.756579 0.586339 0.756579 0.587107 0.757675 0.587107 0.758772 0.587874 0.760965 0.587874 0.760965 0.587107 0.758772 0.587107 0.757675 0.586339
0 0.351974 0.581734 0.350877 0.582502 0.349781 0.582502 0.347588 0.584037 0.347588 0.584804 0.346491 0.585572 0.346491 0.587107 0.345395 0.587874 0.345395 0.590944 0.346491 0.591711 0.346491 0.597084 0.347588 0.597851 0.347588 0.598619 0.348684 0.599386 0.348684 0.600921 0.349781 0.601688 0.349781 0.603223 0.350877 0.603991 0.350877 0.606293 0.351974 0.607061 0.351974 0.617038 0.350877 0.617805 0.350877 0.620875 0.351974 0.621642 0.351974 0.623177 0.350877 0.623945 0.350877 0.62548 0.351974 0.626247 0.351974 0.629317 0.35307 0.630084 0.35307 0.630852 0.354167 0.631619 0.354167 0.632387 0.357456 0.634689 0.360746 0.634689 0.361842 0.633922 0.361842 0.632387 0.362939 0.631619 0.362939 0.62855 0.364035 0.627782 0.364035 0.62548 0.365132 0.624712 0.365132 0.620107 0.366228 0.61934 0.366228 0.606293 0.365132 0.605526 0.365132 0.597084 0.364035 0.596316 0.364035 0.594014 0.362939 0.593246 0.362939 0.590944 0.361842 0.590177 0.361842 0.588642 0.360746 0.587874 0.360746 0.587107 0.358553 0.585572 0.358553 0.584037 0.355263 0.581734
0 0.724781 0.578665 0.723684 0.579432 0.724781 0.5802 0.724781 0.580967 0.725877 0.580967 0.726974 0.581734 0.72807 0.581734 0.729167 0.580967 0.729167 0.579432 0.72807 0.578665
0 0.723684 0.57099 0.723684 0.573292 0.725877 0.573292 0.726974 0.572525 0.726974 0.57099
0 0.70614 0.569455 0.705044 0.570223 0.703947 0.570223 0.703947 0.571757 0.70614 0.573292 0.707237 0.573292 0.708333 0.57406 0.70943 0.573292 0.70943 0.572525 0.710526 0.571757 0.70943 0.57099 0.70943 0.570223 0.708333 0.569455
0 0.746711 0.561781 0.746711 0.562548 0.747807 0.561781
0 0.149123 0.555641 0.149123 0.556408 0.150219 0.556408
0 0.736842 0.554873 0.736842 0.556408 0.739035 0.556408 0.739035 0.555641 0.737939 0.554873
0 0.361842 0.551804 0.361842 0.552571 0.358553 0.554873 0.358553 0.556408 0.359649 0.557176 0.359649 0.561013 0.360746 0.561781 0.359649 0.562548 0.360746 0.563315 0.360746 0.565618 0.361842 0.566385 0.361842 0.568688 0.364035 0.570223 0.364035 0.57099 0.365132 0.571757 0.365132 0.572525 0.366228 0.573292 0.366228 0.57406 0.367325 0.574827 0.367325 0.575595 0.373904 0.5802 0.376096 0.5802 0.379386 0.582502 0.381579 0.582502 0.382675 0.583269 0.385965 0.583269 0.387061 0.582502 0.388158 0.582502 0.389254 0.581734 0.389254 0.580967 0.392544 0.578665 0.392544 0.577897 0.39364 0.57713 0.39364 0.573292 0.392544 0.572525 0.392544 0.568688 0.391447 0.56792 0.391447 0.567153 0.390351 0.566385 0.390351 0.565618 0.388158 0.564083 0.388158 0.563315 0.385965 0.561781 0.385965 0.561013 0.380482 0.557176 0.379386 0.557176 0.375 0.554106 0.372807 0.554106 0.371711 0.553338 0.368421 0.553338 0.367325 0.552571 0.366228 0.552571 0.365132 0.551804
0 0.755482 0.541827 0.756579 0.542594 0.756579 0.543361 0.758772 0.544896 0.767544 0.544896 0.76864 0.544129 0.769737 0.544129 0.769737 0.543361 0.767544 0.543361 0.766447 0.544129 0.765351 0.543361 0.763158 0.543361 0.762061 0.544129 0.760965 0.544129 0.759868 0.543361 0.759868 0.542594 0.758772 0.542594 0.757675 0.541827
0 0.781798 0.541059 0.781798 0.541827 0.783991 0.541827 0.783991 0.541059
0 0.739035 0.531082 0.737939 0.53185 0.737939 0.532617 0.734649 0.534919 0.733553 0.534919 0.732456 0.535687 0.73136 0.535687 0.73136 0.536454 0.729167 0.537989 0.729167 0.538757 0.72807 0.539524 0.72807 0.542594 0.729167 0.543361 0.729167 0.544129 0.732456 0.546431 0.734649 0.544896 0.734649 0.542594 0.733553 0.541827 0.733553 0.541059 0.732456 0.540292 0.732456 0.537222 0.734649 0.535687 0.736842 0.535687 0.737939 0.534919 0.739035 0.534919 0.740132 0.534152 0.741228 0.534152 0.740132 0.533384 0.740132 0.532617 0.739035 0.53185
0 0.122807 0.505756 0.122807 0.506523 0.123904 0.506523
0 0.406798 0.501919 0.405702 0.502686 0.405702 0.503454 0.404605 0.504221 0.404605 0.504988 0.406798 0.506523 0.408991 0.504988 0.408991 0.501919
0 0.702851 0.496546 0.701754 0.497314 0.698465 0.497314 0.697368 0.498081 0.697368 0.498849 0.696272 0.499616 0.695175 0.499616 0.695175 0.500384 0.692982 0.501919 0.691886 0.501919 0.690789 0.502686 0.688596 0.502686 0.6875 0.503454 0.6875 0.504221 0.688596 0.504988 0.688596 0.505756 0.689693 0.506523 0.689693 0.508058 0.690789 0.508058 0.691886 0.508826 0.692982 0.508826 0.694079 0.509593 0.695175 0.508826 0.697368 0.508826 0.698465 0.508058 0.698465 0.507291 0.703947 0.503454 0.70614 0.503454 0.70943 0.501151 0.710526 0.501151 0.712719 0.499616 0.712719 0.498081 0.711623 0.497314 0.711623 0.496546
0 0.132675 0.489639 0.132675 0.490407 0.133772 0.490407 0.133772 0.489639
0 0.123904 0.488104 0.123904 0.488872 0.126096 0.488872 0.126096 0.488104
0 0.148026 0.485035 0.148026 0.487337 0.149123 0.487337 0.150219 0.488104 0.151316 0.488104 0.151316 0.485802 0.150219 0.485802 0.149123 0.485035
0 0.410088 0.46815 0.410088 0.469685 0.411184 0.470453 0.412281 0.469685 0.412281 0.46815
0 0.502193 0.465848 0.501096 0.466616 0.501096 0.46815 0.498904 0.469685 0.498904 0.470453 0.495614 0.472755 0.495614 0.473523 0.493421 0.475058 0.493421 0.47736 0.492325 0.478127 0.492325 0.48043 0.493421 0.481197 0.493421 0.481965 0.494518 0.482732 0.494518 0.4835 0.495614 0.4835 0.496711 0.484267 0.502193 0.484267 0.503289 0.4835 0.505482 0.4835 0.506579 0.482732 0.506579 0.481965 0.507675 0.481197 0.507675 0.48043 0.508772 0.479662 0.508772 0.476592 0.509868 0.475825 0.509868 0.47122 0.508772 0.470453 0.508772 0.469685 0.507675 0.468918 0.507675 0.467383 0.506579 0.467383 0.505482 0.466616 0.505482 0.465848
0 0.35307 0.463546 0.351974 0.464313 0.35307 0.464313 0.354167 0.465081 0.355263 0.464313 0.354167 0.463546
0 0.572368 0.458173 0.571272 0.458941 0.571272 0.459708 0.572368 0.460476 0.574561 0.460476 0.574561 0.458173
0 0.160088 0.458173 0.158991 0.458941 0.157895 0.458941 0.157895 0.459708 0.156798 0.460476 0.156798 0.467383 0.157895 0.46815 0.157895 0.473523 0.158991 0.47429 0.158991 0.475058 0.160088 0.475825 0.160088 0.476592 0.158991 0.47736 0.158991 0.478895 0.160088 0.479662 0.160088 0.481197 0.158991 0.481965 0.158991 0.4835 0.156798 0.485035 0.160088 0.485035 0.160088 0.484267 0.162281 0.482732 0.162281 0.481965 0.163377 0.481197 0.163377 0.48043 0.164474 0.479662 0.164474 0.47429 0.163377 0.473523 0.164474 0.472755 0.164474 0.46815 0.163377 0.467383 0.163377 0.461243 0.162281 0.460476 0.162281 0.458173
0 0.118421 0.452034 0.118421 0.452801 0.119518 0.452801 0.121711 0.454336 0.122807 0.454336 0.123904 0.455104 0.123904 0.454336 0.122807 0.454336 0.119518 0.452034
0 0.267544 0.448196 0.267544 0.448964 0.26864 0.449731 0.26864 0.448964
0 0.141447 0.448196 0.141447 0.449731 0.149123 0.455104 0.149123 0.455871 0.14693 0.457406 0.145833 0.457406 0.144737 0.458173 0.140351 0.458173 0.139254 0.457406 0.138158 0.457406 0.137061 0.456639 0.135965 0.456639 0.137061 0.457406 0.138158 0.457406 0.140351 0.458941 0.142544 0.458941 0.14364 0.458173 0.14693 0.458173 0.151316 0.455104 0.152412 0.455104 0.152412 0.453569 0.151316 0.453569 0.150219 0.454336 0.14693 0.452034 0.145833 0.452034 0.142544 0.449731 0.142544 0.448964
0 0.516447 0.442057 0.516447 0.442824 0.514254 0.444359 0.514254 0.445127 0.513158 0.445894 0.513158 0.455871 0.514254 0.456639 0.514254 0.458173 0.516447 0.458173 0.517544 0.457406 0.519737 0.457406 0.519737 0.456639 0.520833 0.455871 0.520833 0.454336 0.52193 0.453569 0.52193 0.452801 0.523026 0.452034 0.523026 0.450499 0.524123 0.449731 0.524123 0.448964 0.525219 0.448196 0.525219 0.446662 0.524123 0.445894 0.524123 0.445127 0.523026 0.444359 0.523026 0.443592 0.52193 0.443592 0.520833 0.442824 0.520833 0.442057
0 0.256579 0.436685 0.256579 0.437452 0.257675 0.438219 0.257675 0.439754 0.258772 0.440522 0.258772 0.441289 0.259868 0.442057 0.259868 0.442824 0.260965 0.443592 0.260965 0.440522 0.256579 0.437452
0 0.672149 0.43515 0.671053 0.435917 0.671053 0.437452 0.672149 0.438219 0.673246 0.438219 0.673246 0.437452 0.672149 0.436685 0.673246 0.435917
0 0.1875 0.42287 0.186404 0.423638 0.186404 0.425173 0.188596 0.426708 0.190789 0.426708 0.191886 0.427475 0.192982 0.426708 0.192982 0.424405 0.190789 0.42287
0 0.412281 0.413661 0.410088 0.415196 0.410088 0.415963 0.411184 0.416731 0.414474 0.416731 0.414474 0.414428 0.413377 0.413661
0 0.130482 0.413661 0.131579 0.414428 0.131579 0.413661
0 0.482456 0.406754 0.48136 0.407521 0.480263 0.407521 0.479167 0.408289 0.47807 0.408289 0.476974 0.409056 0.475877 0.409056 0.471491 0.412126 0.471491 0.413661 0.470395 0.414428 0.470395 0.415196 0.469298 0.415963 0.469298 0.419033 0.468202 0.4198 0.468202 0.424405 0.469298 0.425173 0.469298 0.43208 0.471491 0.433615 0.471491 0.434382 0.470395 0.43515 0.470395 0.435917 0.469298 0.436685 0.468202 0.436685 0.468202 0.438987 0.467105 0.439754 0.467105 0.442824 0.468202 0.443592 0.467105 0.444359 0.467105 0.445127 0.468202 0.445894 0.468202 0.446662 0.469298 0.447429 0.469298 0.449731 0.470395 0.449731 0.470395 0.446662 0.471491 0.445894 0.471491 0.444359 0.472588 0.443592 0.472588 0.442824 0.476974 0.439754 0.476974 0.438219 0.47807 0.437452 0.47807 0.435917 0.479167 0.43515 0.479167 0.434382 0.480263 0.433615 0.480263 0.432847 0.485746 0.42901 0.486842 0.42901 0.486842 0.428243 0.487939 0.427475 0.487939 0.425173 0.489035 0.424405 0.489035 0.419033 0.490132 0.418266 0.490132 0.416731 0.489035 0.415963 0.489035 0.414428 0.487939 0.413661 0.487939 0.412126 0.486842 0.412126 0.485746 0.411358 0.485746 0.410591 0.483553 0.409056 0.484649 0.408289 0.485746 0.408289 0.483553 0.406754
0 0.177632 0.406754 0.177632 0.407521 0.178728 0.407521 0.180921 0.409056 0.182018 0.409056 0.183114 0.409823 0.182018 0.409056 0.182018 0.406754
0 0.422149 0.404451 0.422149 0.405219 0.421053 0.405986 0.421053 0.407521 0.424342 0.407521 0.425439 0.406754 0.426535 0.406754 0.426535 0.405986 0.425439 0.405219 0.425439 0.404451
0 0.457237 0.402916 0.453947 0.405219 0.453947 0.408289 0.455044 0.409056 0.45614 0.409056 0.458333 0.410591 0.461623 0.410591 0.461623 0.409056 0.462719 0.408289 0.462719 0.407521 0.463816 0.406754 0.463816 0.405219 0.461623 0.403684 0.460526 0.403684 0.45943 0.402916
0 0.552632 0.398312 0.551535 0.399079 0.552632 0.399847 0.552632 0.400614 0.553728 0.400614 0.554825 0.399847 0.554825 0.398312
0 0.345395 0.386032 0.345395 0.3868 0.346491 0.387567 0.346491 0.3868
0 0.129386 0.386032 0.130482 0.386032 0.131579 0.3868 0.131579 0.386032
0 0.367325 0.384497 0.366228 0.385265 0.366228 0.386032 0.368421 0.387567 0.370614 0.387567 0.370614 0.386032 0.368421 0.384497
0 0.118421 0.379893 0.121711 0.382195 0.122807 0.382195 0.125 0.38373 0.126096 0.38373 0.123904 0.382195 0.122807 0.382195 0.121711 0.381427 0.120614 0.381427
0 0.188596 0.369916 0.188596 0.370683 0.189693 0.370683 0.189693 0.369916
0 0.205044 0.366846 0.205044 0.367613 0.20614 0.368381 0.207237 0.368381 0.207237 0.367613 0.20614 0.366846
0 0.553728 0.364543 0.552632 0.365311 0.553728 0.365311
0 0.453947 0.363776 0.453947 0.364543 0.455044 0.364543
0 0.430921 0.358404 0.430921 0.359939 0.432018 0.359939 0.432018 0.359171
0 0.736842 0.353031 0.736842 0.354566 0.739035 0.356101 0.739035 0.354566
0 0.383772 0.307751 0.383772 0.308519 0.384868 0.308519 0.384868 0.307751
0 0.279605 0.295472 0.279605 0.297007 0.280702 0.297774 0.281798 0.297007 0.281798 0.296239 0.280702 0.295472
0 0.304825 0.293937 0.305921 0.294705 0.305921 0.295472 0.305921 0.293937
0 0.354167 0.267076 0.355263 0.267843 0.355263 0.269378 0.35636 0.270146 0.35636 0.270913 0.357456 0.271681 0.357456 0.273216 0.358553 0.273983 0.358553 0.274751 0.359649 0.275518 0.359649 0.277053 0.360746 0.27782 0.360746 0.280123 0.361842 0.28089 0.361842 0.282425 0.362939 0.283193 0.362939 0.28703 0.362939 0.286262 0.364035 0.285495 0.364035 0.284728 0.362939 0.28396 0.362939 0.28089 0.361842 0.280123 0.361842 0.27782 0.360746 0.277053 0.360746 0.276285 0.359649 0.275518 0.359649 0.274751 0.358553 0.273983 0.358553 0.271681 0.357456 0.270913 0.358553 0.270146 0.357456 0.269378 0.357456 0.267843 0.35636 0.267076
0 0.373904 0.265541 0.373904 0.267076 0.375 0.267843 0.375 0.268611 0.375 0.267076 0.373904 0.266309
0 0.313596 0.254797 0.311404 0.256332 0.311404 0.257099 0.310307 0.257866 0.310307 0.258634 0.308114 0.260169 0.308114 0.260936 0.305921 0.262471 0.305921 0.263239 0.303728 0.264774 0.302632 0.264774 0.302632 0.265541 0.303728 0.266309 0.304825 0.266309 0.308114 0.264006 0.308114 0.263239 0.3125 0.260169 0.3125 0.257866 0.313596 0.257099 0.313596 0.255564 0.314693 0.254797
0 0.314693 0.246355 0.314693 0.250192 0.315789 0.250959 0.315789 0.251727 0.316886 0.250959 0.315789 0.250192 0.315789 0.247889 0.314693 0.247122
0 0.725877 0.224866 0.722588 0.227168 0.722588 0.227936 0.724781 0.227936 0.725877 0.227168
0 0.746711 0.219493 0.746711 0.220261 0.747807 0.220261 0.747807 0.219493
0 0.484649 0.214121 0.484649 0.214889 0.483553 0.215656 0.483553 0.224866 0.484649 0.224866 0.484649 0.223331 0.485746 0.222563 0.485746 0.214889
0 0.776316 0.208749 0.775219 0.209517 0.774123 0.209517 0.779605 0.209517 0.780702 0.208749 0.781798 0.208749
0 0.797149 0.205679 0.796053 0.206447 0.796053 0.207214 0.797149 0.206447 0.798246 0.206447 0.798246 0.205679
0 0.399123 0.203377 0.399123 0.204912 0.400219 0.205679 0.400219 0.204144
0 0.476974 0.185725 0.476974 0.186493 0.47807 0.18726 0.47807 0.188028 0.482456 0.191097 0.482456 0.192632 0.483553 0.1934 0.483553 0.194167 0.484649 0.194935 0.484649 0.198005 0.485746 0.198772 0.485746 0.19954 0.485746 0.194167 0.484649 0.1934 0.484649 0.191865 0.483553 0.191097 0.483553 0.189563 0.479167 0.186493 0.47807 0.186493
0 0.33443 0.178051 0.33443 0.178818 0.335526 0.179586 0.335526 0.18112 0.336623 0.181888 0.336623 0.183423 0.336623 0.180353 0.335526 0.179586 0.335526 0.178818
0 0.766447 0.175748 0.765351 0.176516 0.766447 0.176516 0.767544 0.175748
0 0.700658 0.174213 0.700658 0.174981 0.701754 0.174981
0 0.711623 0.169609 0.70943 0.171144 0.712719 0.171144 0.712719 0.169609
0 0.457237 0.161167 0.457237 0.161934 0.45943 0.163469 0.460526 0.163469 0.461623 0.164236 0.462719 0.164236 0.462719 0.163469 0.45943 0.161167
0 0.483553 0.160399 0.483553 0.161934 0.484649 0.162701 0.485746 0.162701 0.485746 0.161934 0.484649 0.161167 0.484649 0.160399
0 0.601974 0.149655 0.598684 0.151957 0.597588 0.151957 0.596491 0.152724 0.596491 0.155794 0.595395 0.156562 0.595395 0.164236 0.596491 0.165004 0.604167 0.165004 0.607456 0.162701 0.607456 0.161934 0.608553 0.161167 0.608553 0.159632 0.609649 0.158864 0.609649 0.154259 0.608553 0.153492 0.608553 0.152724 0.604167 0.149655
0 0.604167 0.135073 0.604167 0.13584 0.60307 0.136608 0.60307 0.137375 0.604167 0.137375
0 0.605263 0.121259 0.605263 0.123561 0.607456 0.123561 0.608553 0.122794 0.609649 0.122794 0.609649 0.122026 0.608553 0.121259
0 0.570175 0.110514 0.567982 0.112049 0.567982 0.116654 0.569079 0.117421 0.569079 0.118189 0.572368 0.118189 0.572368 0.117421 0.574561 0.115886 0.574561 0.114351 0.575658 0.113584 0.575658 0.112817 0.574561 0.112049 0.574561 0.111282 0.573465 0.110514
0 0.554825 0.108212 0.551535 0.110514 0.551535 0.111282 0.552632 0.112049 0.552632 0.112817 0.553728 0.113584 0.554825 0.113584 0.555921 0.114351 0.558114 0.114351 0.560307 0.112817 0.560307 0.110514 0.559211 0.109747 0.559211 0.108979 0.558114 0.108979 0.557018 0.108212
0 0.536184 0.103607 0.535088 0.104375 0.535088 0.105142 0.536184 0.105909 0.537281 0.105909 0.537281 0.105142 0.536184 0.104375
0 0.656798 0.0943975 0.657895 0.095165 0.657895 0.0943975
