0 0.466009 0.826554 0.464912 0.827322 0.45943 0.827322 0.458333 0.828089 0.457237 0.828089 0.45614 0.828856 0.455044 0.828856 0.455044 0.830391 0.451754 0.832694 0.450658 0.832694 0.449561 0.833461 0.449561 0.834229 0.445175 0.837299 0.445175 0.839601 0.442982 0.841136 0.442982 0.841903 0.439693 0.844206 0.439693 0.844973 0.438596 0.845741 0.438596 0.846508 0.4375 0.847276 0.4375 0.849578 0.438596 0.850345 0.4375 0.851113 0.4375 0.868764 0.438596 0.869532 0.438596 0.881044 0.439693 0.881811 0.439693 0.884114 0.440789 0.884881 0.440789 0.886416 0.441886 0.887183 0.441886 0.887951 0.444079 0.889486 0.444079 0.891021 0.447368 0.893323 0.449561 0.893323 0.450658 0.894091 0.45943 0.894091 0.460526 0.894858 0.463816 0.894858 0.464912 0.894091 0.467105 0.894091 0.467105 0.893323 0.469298 0.891788 0.470395 0.891788 0.471491 0.891021 0.472588 0.891021 0.473684 0.890253 0.474781 0.890253 0.474781 0.888718 0.47807 0.886416 0.479167 0.886416 0.482456 0.884114 0.483553 0.884114 0.493421 0.877206 0.494518 0.877206 0.495614 0.876439 0.495614 0.874904 0.496711 0.874137 0.496711 0.873369 0.497807 0.872602 0.497807 0.869532 0.502193 0.866462 0.501096 0.865695 0.502193 0.864927 0.502193 0.856485 0.503289 0.855718 0.503289 0.852648 0.502193 0.85188 0.502193 0.850345 0.501096 0.849578 0.501096 0.847276 0.5 0.846508 0.5 0.844973 0.498904 0.844206 0.498904 0.842671 0.496711 0.841136 0.496711 0.840368 0.495614 0.839601 0.495614 0.838833 0.494518 0.838066 0.493421 0.838066 0.490132 0.835764 0.490132 0.834229 0.489035 0.834229 0.487939 0.833461 0.486842 0.833461 0.485746 0.832694 0.485746 0.831926 0.484649 0.831159 0.482456 0.831159 0.480263 0.829624 0.479167 0.829624 0.47807 0.828856 0.473684 0.828856 0.472588 0.828089 0.470395 0.828089 0.469298 0.827322 0.468202 0.827322 0.467105 0.826554
0 0.242325 0.804298 0.242325 0.8066 0.244518 0.808135 0.244518 0.807368 0.243421 0.8066 0.243421 0.805065
0 0.173246 0.802763 0.173246 0.804298 0.174342 0.804298 0.174342 0.802763
0 0.178728 0.782041 0.177632 0.782809 0.178728 0.783576 0.178728 0.784344 0.179825 0.784344 0.180921 0.783576 0.180921 0.782809 0.179825 0.782809
0 0.229167 0.777437 0.229167 0.780507 0.230263 0.781274 0.230263 0.782041 0.232456 0.783576 0.233553 0.782809 0.233553 0.780507 0.232456 0.779739 0.232456 0.778972 0.230263 0.777437
0 0.138158 0.771297 0.138158 0.772832 0.139254 0.773599 0.140351 0.773599 0.141447 0.772832 0.142544 0.772832 0.142544 0.772064 0.141447 0.771297
0 0.166667 0.756715 0.16557 0.757483 0.16557 0.759018 0.167763 0.760553 0.16886 0.759785 0.169956 0.759785 0.169956 0.759018 0.16886 0.75825 0.16886 0.757483 0.167763 0.756715
0 0.508772 0.749808 0.506579 0.751343 0.505482 0.751343 0.503289 0.752878 0.502193 0.752878 0.502193 0.753645 0.501096 0.754413 0.5 0.754413 0.5 0.75518 0.496711 0.757483 0.496711 0.75825 0.493421 0.760553 0.493421 0.76132 0.490132 0.763622 0.490132 0.76439 0.482456 0.769762 0.48136 0.769762 0.479167 0.771297 0.47807 0.771297 0.47807 0.772064 0.476974 0.772832 0.475877 0.772832 0.475877 0.775134 0.474781 0.775902 0.474781 0.777437 0.475877 0.778204 0.475877 0.779739 0.47807 0.781274 0.47807 0.782809 0.480263 0.784344 0.480263 0.785111 0.491228 0.792786 0.492325 0.792786 0.493421 0.793553 0.494518 0.793553 0.495614 0.794321 0.496711 0.794321 0.497807 0.795088 0.508772 0.795088 0.509868 0.794321 0.510965 0.794321 0.512061 0.793553 0.512061 0.791251 0.514254 0.789716 0.514254 0.786646 0.515351 0.785879 0.515351 0.783576 0.516447 0.782809 0.516447 0.782041 0.517544 0.781274 0.517544 0.779739 0.51864 0.778972 0.51864 0.775902 0.520833 0.774367 0.520833 0.772832 0.52193 0.772064 0.52193 0.769762 0.523026 0.768995 0.523026 0.763622 0.52193 0.762855 0.52193 0.762087 0.520833 0.76132 0.520833 0.760553 0.519737 0.759785 0.519737 0.759018 0.51864 0.75825 0.51864 0.757483 0.517544 0.756715 0.517544 0.754413 0.516447 0.753645 0.516447 0.752878 0.515351 0.752111 0.515351 0.751343 0.513158 0.749808
0 0.246711 0.71297 0.244518 0.714505 0.244518 0.715272 0.243421 0.71604 0.243421 0.716807 0.242325 0.717575 0.242325 0.71911 0.241228 0.719877 0.241228 0.720645 0.240132 0.721412 0.240132 0.724482 0.242325 0.726017 0.244518 0.726017 0.245614 0.725249 0.245614 0.723715 0.247807 0.72218 0.247807 0.721412 0.248904 0.720645 0.248904 0.719877 0.25 0.71911 0.25 0.718342 0.248904 0.717575 0.248904 0.71604 0.247807 0.715272 0.247807 0.713738
0 0.117325 0.71297 0.117325 0.713738 0.118421 0.714505 0.118421 0.71297
0 0.641447 0.704528 0.641447 0.706063 0.64364 0.707598 0.64364 0.706063
0 0.275219 0.693784 0.275219 0.694551 0.274123 0.695318 0.275219 0.695318
0 0.496711 0.679202 0.496711 0.682272 0.497807 0.682272 0.497807 0.679202
0 0.64693 0.675365 0.645833 0.676132 0.644737 0.676132 0.644737 0.678434 0.645833 0.679202 0.645833 0.677667 0.64693 0.676899 0.648026 0.676899 0.648026 0.676132
0 0.537281 0.675365 0.536184 0.676132 0.537281 0.676899 0.538377 0.676132 0.538377 0.675365
0 0.551535 0.67383 0.551535 0.675365 0.552632 0.676132 0.554825 0.676132 0.554825 0.674597 0.553728 0.67383
0 0.580044 0.67076 0.580044 0.672295 0.582237 0.67383 0.583333 0.67383 0.58443 0.673062 0.58443 0.672295 0.582237 0.67076
0 0.387061 0.660015 0.383772 0.662318 0.382675 0.662318 0.382675 0.663085 0.381579 0.663853 0.381579 0.66462 0.378289 0.666922 0.378289 0.66769 0.377193 0.668457 0.376096 0.668457 0.376096 0.669225 0.375 0.669992 0.375 0.67076 0.371711 0.673062 0.371711 0.675365 0.370614 0.676132 0.370614 0.676899 0.369518 0.677667 0.369518 0.678434 0.368421 0.679202 0.368421 0.679969 0.366228 0.681504 0.365132 0.681504 0.364035 0.682272 0.364035 0.683039 0.361842 0.684574 0.361842 0.686109 0.360746 0.686876 0.360746 0.687644 0.358553 0.689179 0.358553 0.689946 0.35307 0.693784 0.351974 0.693784 0.35307 0.694551 0.35307 0.696086 0.351974 0.696853 0.351974 0.697621 0.350877 0.698388 0.349781 0.698388 0.346491 0.700691 0.346491 0.701458 0.345395 0.702226 0.345395 0.703761 0.344298 0.704528 0.344298 0.705295 0.339912 0.708365 0.338816 0.708365 0.336623 0.7099 0.33443 0.7099 0.333333 0.710668 0.333333 0.713738 0.332237 0.714505 0.332237 0.715272 0.33114 0.71604 0.33114 0.716807 0.327851 0.71911 0.327851 0.72218 0.326754 0.722947 0.326754 0.724482 0.322368 0.727552 0.322368 0.729087 0.320175 0.730622 0.320175 0.732924 0.319079 0.733691 0.319079 0.734459 0.317982 0.735226 0.317982 0.735994 0.316886 0.736761 0.316886 0.739064 0.315789 0.739831 0.315789 0.741366 0.313596 0.742901 0.313596 0.745971 0.3125 0.746738 0.3125 0.750576 0.310307 0.752111 0.310307 0.75825 0.309211 0.759018 0.309211 0.760553 0.308114 0.76132 0.308114 0.76746 0.307018 0.768227 0.307018 0.769762 0.308114 0.77053 0.308114 0.771297 0.307018 0.772064 0.307018 0.776669 0.308114 0.777437 0.308114 0.778204 0.307018 0.778972 0.307018 0.796623 0.308114 0.797391 0.308114 0.798926 0.309211 0.799693 0.309211 0.80046 0.310307 0.801228 0.310307 0.801995 0.311404 0.802763 0.311404 0.805065 0.313596 0.8066 0.313596 0.807368 0.316886 0.807368 0.320175 0.80967 0.320175 0.811205 0.321272 0.811972 0.321272 0.811205 0.323465 0.80967 0.324561 0.80967 0.326754 0.808135 0.327851 0.808903 0.328947 0.808135 0.328947 0.807368 0.33114 0.805833 0.33443 0.805833 0.33443 0.804298 0.335526 0.80353 0.335526 0.802763 0.338816 0.80046 0.338816 0.799693 0.339912 0.798926 0.339912 0.798158 0.344298 0.795088 0.344298 0.794321 0.346491 0.792786 0.346491 0.791251 0.347588 0.790483 0.347588 0.788181 0.348684 0.787414 0.348684 0.785879 0.350877 0.784344 0.350877 0.782809 0.35307 0.781274 0.35307 0.779739 0.355263 0.778204 0.355263 0.776669 0.35636 0.775902 0.35636 0.775134 0.357456 0.774367 0.357456 0.773599 0.361842 0.77053 0.361842 0.769762 0.362939 0.768995 0.362939 0.763622 0.364035 0.762855 0.364035 0.762087 0.365132 0.76132 0.365132 0.760553 0.368421 0.75825 0.368421 0.757483 0.369518 0.756715 0.369518 0.754413 0.370614 0.753645 0.370614 0.752878 0.371711 0.752111 0.371711 0.746738 0.372807 0.745971 0.372807 0.743668 0.373904 0.742901 0.373904 0.739064 0.375 0.738296 0.375 0.737529 0.373904 0.736761 0.375 0.735994 0.375 0.734459 0.376096 0.733691 0.376096 0.729854 0.377193 0.729087 0.377193 0.726017 0.376096 0.725249 0.376096 0.724482 0.377193 0.723715 0.378289 0.723715 0.378289 0.72218 0.379386 0.721412 0.379386 0.718342 0.378289 0.717575 0.378289 0.715272 0.379386 0.714505 0.379386 0.712203 0.380482 0.711435 0.380482 0.710668 0.381579 0.7099 0.381579 0.707598 0.382675 0.70683 0.382675 0.706063 0.383772 0.705295 0.383772 0.703761 0.384868 0.702993 0.384868 0.701458 0.385965 0.700691 0.385965 0.699923 0.387061 0.699156 0.387061 0.693784 0.388158 0.693016 0.388158 0.690714 0.389254 0.689946 0.389254 0.689179 0.388158 0.688411 0.388158 0.677667 0.389254 0.676899 0.389254 0.675365 0.390351 0.674597 0.390351 0.669225 0.391447 0.668457 0.391447 0.663853 0.390351 0.663085 0.389254 0.663085 0.387061 0.66155
0 0.118421 0.65848 0.118421 0.659248 0.119518 0.659248 0.120614 0.65848
0 0.689693 0.653108 0.688596 0.653876 0.686404 0.653876 0.686404 0.654643 0.691886 0.654643 0.692982 0.655411 0.696272 0.655411 0.695175 0.654643 0.694079 0.654643 0.692982 0.653876 0.691886 0.653876 0.690789 0.653108
0 0.663377 0.652341 0.662281 0.653108 0.660088 0.653108 0.660088 0.653876 0.661184 0.654643 0.661184 0.655411 0.663377 0.655411 0.664474 0.654643 0.66557 0.654643 0.666667 0.653876 0.666667 0.653108 0.66557 0.653108 0.664474 0.652341
0 0.729167 0.649271 0.733553 0.652341 0.735746 0.652341 0.735746 0.651573 0.733553 0.650038 0.73136 0.650038 0.730263 0.649271
0 0.513158 0.644666 0.512061 0.645434 0.512061 0.646201 0.513158 0.646201
0 0.720395 0.641596 0.720395 0.642364 0.721491 0.643131 0.722588 0.643131 0.722588 0.641596
0 0.506579 0.637759 0.506579 0.640829 0.507675 0.640829 0.507675 0.639294 0.508772 0.638526 0.508772 0.637759
0 0.664474 0.636224 0.663377 0.636992 0.663377 0.639294 0.662281 0.640061 0.662281 0.641596 0.661184 0.642364 0.661184 0.643131 0.660088 0.643899 0.660088 0.645434 0.657895 0.646969 0.653509 0.646969 0.653509 0.649271 0.654605 0.650038 0.657895 0.650038 0.658991 0.649271 0.660088 0.649271 0.661184 0.648503 0.662281 0.648503 0.662281 0.647736 0.663377 0.646969 0.663377 0.646201 0.664474 0.645434 0.664474 0.644666 0.66557 0.643899 0.672149 0.643899 0.672149 0.641596 0.671053 0.640829 0.671053 0.640061 0.669956 0.640061
0 0.523026 0.631619 0.52193 0.632387 0.52193 0.633154 0.523026 0.633922 0.524123 0.633922 0.525219 0.633154 0.525219 0.632387 0.524123 0.631619
0 0.128289 0.631619 0.128289 0.632387 0.129386 0.632387 0.129386 0.631619
0 0.528509 0.629317 0.528509 0.630852 0.529605 0.630852 0.529605 0.630084
0 0.637061 0.623945 0.635965 0.624712 0.634868 0.624712 0.634868 0.62548 0.633772 0.626247 0.633772 0.627015 0.632675 0.627782 0.632675 0.62855 0.634868 0.630084 0.635965 0.630084 0.637061 0.630852 0.639254 0.630852 0.640351 0.631619 0.642544 0.631619 0.64364 0.632387 0.644737 0.632387 0.645833 0.631619 0.64693 0.631619 0.652412 0.627782 0.653509 0.627782 0.654605 0.627015 0.655702 0.627015 0.653509 0.62548 0.652412 0.62548 0.651316 0.624712 0.64364 0.624712 0.642544 0.623945
0 0.357456 0.597851 0.355263 0.599386 0.355263 0.600153 0.354167 0.600921 0.354167 0.605526 0.35307 0.606293 0.35307 0.6132 0.354167 0.613968 0.354167 0.61627 0.35307 0.617038 0.35307 0.621642 0.351974 0.62241 0.351974 0.623177 0.350877 0.623945 0.350877 0.62548 0.349781 0.626247 0.349781 0.631619 0.348684 0.632387 0.348684 0.633922 0.346491 0.635457 0.341009 0.635457 0.339912 0.634689 0.335526 0.634689 0.33443 0.635457 0.333333 0.635457 0.332237 0.636224 0.33114 0.636224 0.330044 0.636992 0.328947 0.636992 0.326754 0.638526 0.325658 0.638526 0.324561 0.639294 0.323465 0.639294 0.322368 0.640061 0.319079 0.640061 0.317982 0.640829 0.315789 0.640829 0.314693 0.641596 0.313596 0.641596 0.3125 0.642364 0.311404 0.642364 0.310307 0.643131 0.309211 0.643131 0.307018 0.644666 0.305921 0.644666 0.300439 0.648503 0.299342 0.648503 0.294956 0.651573 0.29386 0.651573 0.292763 0.652341 0.29057 0.652341 0.285088 0.656178 0.285088 0.657713 0.283991 0.65848 0.283991 0.659248 0.280702 0.66155 0.280702 0.663085 0.279605 0.663853 0.279605 0.66462 0.278509 0.665388 0.278509 0.666155 0.279605 0.666922 0.282895 0.666922 0.283991 0.666155 0.285088 0.666155 0.287281 0.66462 0.289474 0.66462 0.29057 0.663853 0.29057 0.663085 0.298246 0.657713 0.298246 0.656946 0.301535 0.654643 0.302632 0.654643 0.303728 0.653876 0.303728 0.653108 0.305921 0.651573 0.305921 0.650806 0.308114 0.649271 0.309211 0.649271 0.310307 0.648503 0.311404 0.648503 0.3125 0.647736 0.314693 0.647736 0.315789 0.646969 0.316886 0.646969 0.317982 0.646201 0.319079 0.646201 0.320175 0.645434 0.323465 0.645434 0.324561 0.644666 0.326754 0.644666 0.327851 0.643899 0.328947 0.643899 0.330044 0.644666 0.335526 0.644666 0.336623 0.643899 0.342105 0.643899 0.343202 0.644666 0.35307 0.644666 0.354167 0.643899 0.35636 0.643899 0.357456 0.643131 0.359649 0.643131 0.360746 0.642364 0.361842 0.642364 0.362939 0.641596 0.362939 0.635457 0.364035 0.634689 0.364035 0.610898 0.362939 0.61013 0.362939 0.603991 0.361842 0.603223 0.361842 0.601688 0.359649 0.600153 0.359649 0.599386
0 0.730263 0.594781 0.73136 0.595549 0.732456 0.595549 0.73136 0.594781
0 0.723684 0.576362 0.721491 0.577897 0.721491 0.578665 0.723684 0.5802 0.724781 0.5802 0.725877 0.579432 0.726974 0.579432 0.726974 0.57713 0.725877 0.576362
0 0.70614 0.567153 0.703947 0.568688 0.703947 0.570223 0.70614 0.571757 0.70943 0.571757 0.710526 0.57099 0.711623 0.57099 0.712719 0.570223 0.712719 0.56792 0.711623 0.567153
0 0.745614 0.566385 0.745614 0.567153 0.746711 0.56792 0.747807 0.56792
0 0.364035 0.561013 0.361842 0.562548 0.361842 0.56485 0.360746 0.565618 0.360746 0.566385 0.361842 0.567153 0.361842 0.570223 0.362939 0.57099 0.362939 0.571757 0.364035 0.572525 0.364035 0.573292 0.365132 0.57406 0.365132 0.574827 0.366228 0.575595 0.366228 0.576362 0.367325 0.57713 0.367325 0.577897 0.368421 0.578665 0.368421 0.5802 0.369518 0.5802 0.371711 0.581734 0.371711 0.582502 0.375 0.584804 0.376096 0.584804 0.379386 0.587107 0.380482 0.587107 0.381579 0.587874 0.382675 0.587874 0.383772 0.588642 0.387061 0.588642 0.388158 0.589409 0.389254 0.588642 0.39364 0.588642 0.399123 0.584804 0.399123 0.579432 0.398026 0.578665 0.398026 0.577897 0.39693 0.57713 0.39693 0.575595 0.394737 0.57406 0.394737 0.573292 0.39364 0.572525 0.39364 0.571757 0.391447 0.570223 0.391447 0.569455 0.384868 0.56485 0.383772 0.56485 0.381579 0.563315 0.379386 0.563315 0.378289 0.562548 0.377193 0.562548 0.376096 0.561781 0.371711 0.561781 0.370614 0.561013
0 0.744518 0.553338 0.743421 0.554106 0.743421 0.554873 0.745614 0.554873 0.745614 0.553338
0 0.14693 0.547966 0.14693 0.548734 0.148026 0.549501 0.148026 0.547966
0 0.735746 0.545664 0.734649 0.546431 0.732456 0.546431 0.732456 0.547966 0.734649 0.549501 0.737939 0.549501 0.739035 0.548734 0.739035 0.547199 0.736842 0.545664
0 0.107456 0.542594 0.10636 0.543361 0.104167 0.543361 0.10307 0.544129 0.0942982 0.544129 0.0942982 0.544896 0.0997807 0.544896 0.100877 0.544129 0.104167 0.544129 0.105263 0.543361 0.107456 0.543361 0.108553 0.542594 0.109649 0.542594 0.110746 0.543361 0.111842 0.543361 0.112939 0.544129 0.116228 0.544129 0.117325 0.543361 0.118421 0.543361 0.110746 0.543361 0.109649 0.542594
0 0.732456 0.526477 0.732456 0.527245 0.733553 0.527245 0.733553 0.526477
0 0.404605 0.508826 0.404605 0.509593 0.403509 0.510361 0.403509 0.511896 0.405702 0.513431 0.407895 0.511896 0.407895 0.508826
0 0.101974 0.504988 0.100877 0.505756 0.0997807 0.505756 0.0997807 0.506523 0.100877 0.505756 0.101974 0.505756 0.10307 0.504988 0.104167 0.504988
0 0.690789 0.503454 0.690789 0.504221 0.6875 0.506523 0.686404 0.506523 0.685307 0.507291 0.685307 0.515733 0.686404 0.5165 0.686404 0.518035 0.685307 0.518803 0.685307 0.51957 0.686404 0.518803 0.6875 0.518803 0.688596 0.51957 0.689693 0.51957 0.690789 0.518803 0.691886 0.518803 0.694079 0.517268 0.694079 0.5165 0.695175 0.515733 0.695175 0.511896 0.696272 0.511128 0.696272 0.510361 0.697368 0.509593 0.697368 0.508826 0.698465 0.508058 0.698465 0.504988 0.696272 0.503454
0 0.711623 0.493477 0.710526 0.494244 0.70943 0.494244 0.708333 0.495012 0.708333 0.496546 0.707237 0.497314 0.707237 0.498081 0.708333 0.498849 0.708333 0.499616 0.711623 0.501919 0.714912 0.501919 0.717105 0.500384 0.718202 0.500384 0.718202 0.499616 0.719298 0.498849 0.719298 0.497314 0.714912 0.494244 0.713816 0.494244 0.712719 0.493477
0 0.148026 0.484267 0.14693 0.485035 0.14693 0.486569 0.149123 0.488104 0.150219 0.487337 0.151316 0.487337 0.152412 0.486569 0.152412 0.485802 0.150219 0.484267
0 0.504386 0.468918 0.503289 0.469685 0.503289 0.470453 0.502193 0.47122 0.502193 0.472755 0.498904 0.475058 0.498904 0.475825 0.494518 0.478895 0.494518 0.482732 0.495614 0.4835 0.495614 0.484267 0.496711 0.485035 0.496711 0.485802 0.497807 0.486569 0.497807 0.487337 0.5 0.487337 0.501096 0.488104 0.506579 0.488104 0.508772 0.486569 0.508772 0.485802 0.509868 0.485035 0.509868 0.484267 0.510965 0.4835 0.510965 0.476592 0.509868 0.475825 0.509868 0.47429 0.508772 0.473523 0.508772 0.47122 0.506579 0.469685 0.506579 0.468918
0 0.411184 0.466616 0.410088 0.467383 0.410088 0.46815 0.411184 0.468918 0.412281 0.468918 0.413377 0.46815 0.413377 0.467383 0.412281 0.466616
0 0.348684 0.465848 0.348684 0.466616 0.350877 0.466616 0.350877 0.465848
0 0.570175 0.461243 0.569079 0.462011 0.569079 0.462778 0.571272 0.462778 0.572368 0.462011 0.571272 0.461243
0 0.412281 0.461243 0.411184 0.462011 0.411184 0.463546 0.412281 0.463546
0 0.422149 0.450499 0.423246 0.451266 0.424342 0.450499
0 0.565789 0.449731 0.566886 0.450499 0.566886 0.449731
0 0.516447 0.443592 0.515351 0.444359 0.515351 0.445894 0.514254 0.446662 0.514254 0.448196 0.513158 0.448964 0.513158 0.458173 0.514254 0.457406 0.515351 0.457406 0.516447 0.458173 0.515351 0.458941 0.516447 0.458941 0.516447 0.458173 0.517544 0.457406 0.51864 0.457406 0.520833 0.455871 0.520833 0.453569 0.52193 0.452801 0.52193 0.451266 0.523026 0.450499 0.523026 0.449731 0.524123 0.448964 0.524123 0.445894 0.520833 0.443592
0 0.131579 0.442057 0.132675 0.442824 0.137061 0.442824 0.138158 0.443592 0.138158 0.442824 0.134868 0.442824 0.133772 0.442057
0 0.671053 0.440522 0.669956 0.441289 0.666667 0.441289 0.664474 0.442824 0.664474 0.444359 0.66557 0.444359 0.666667 0.445127 0.671053 0.445127 0.672149 0.444359 0.674342 0.444359 0.675439 0.443592 0.680921 0.443592 0.683114 0.442057 0.682018 0.441289 0.682018 0.440522
0 0.326754 0.436685 0.326754 0.437452 0.327851 0.437452 0.327851 0.436685
0 0.6875 0.432847 0.685307 0.434382 0.685307 0.436685 0.686404 0.436685 0.6875 0.437452 0.688596 0.437452 0.689693 0.436685 0.689693 0.435917 0.688596 0.43515 0.688596 0.433615
0 0.444079 0.431312 0.442982 0.43208 0.444079 0.432847
0 0.450658 0.428243 0.449561 0.42901 0.450658 0.429777 0.451754 0.42901
0 0.485746 0.42594 0.483553 0.427475 0.483553 0.429777 0.480263 0.43208 0.479167 0.43208 0.473684 0.435917 0.472588 0.435917 0.472588 0.436685 0.471491 0.437452 0.471491 0.441289 0.470395 0.442057 0.470395 0.442824 0.469298 0.443592 0.469298 0.444359 0.467105 0.445894 0.466009 0.445894 0.463816 0.444359 0.463816 0.437452 0.464912 0.436685 0.464912 0.42901 0.461623 0.426708 0.460526 0.426708 0.460526 0.42901 0.45943 0.429777 0.45943 0.430545 0.458333 0.431312 0.458333 0.435917 0.457237 0.436685 0.458333 0.437452 0.458333 0.438219 0.457237 0.438987 0.457237 0.442057 0.458333 0.442824 0.458333 0.443592 0.45943 0.444359 0.45943 0.445894 0.463816 0.448964 0.463816 0.449731 0.466009 0.451266 0.466009 0.452034 0.467105 0.452801 0.467105 0.454336 0.469298 0.455871 0.469298 0.456639 0.471491 0.458173 0.471491 0.461243 0.471491 0.455104 0.472588 0.454336 0.472588 0.448196 0.473684 0.447429 0.473684 0.445894 0.475877 0.444359 0.475877 0.443592 0.480263 0.440522 0.480263 0.439754 0.484649 0.436685 0.484649 0.435917 0.485746 0.43515 0.485746 0.434382 0.489035 0.43208 0.489035 0.431312 0.490132 0.430545 0.490132 0.42901 0.491228 0.428243 0.487939 0.42594
0 0.696272 0.422103 0.695175 0.42287 0.695175 0.424405 0.697368 0.42594 0.698465 0.42594 0.699561 0.425173 0.699561 0.42287 0.698465 0.422103
0 0.192982 0.421335 0.191886 0.422103 0.191886 0.424405 0.192982 0.425173 0.196272 0.425173 0.197368 0.424405 0.197368 0.422103 0.196272 0.421335
0 0.735746 0.420568 0.735746 0.421335 0.739035 0.421335 0.740132 0.422103 0.742325 0.422103 0.743421 0.42287 0.75 0.42287 0.75 0.421335 0.745614 0.421335 0.744518 0.420568
0 0.407895 0.415963 0.406798 0.416731 0.406798 0.417498 0.407895 0.418266 0.408991 0.418266 0.410088 0.417498 0.411184 0.417498 0.411184 0.416731 0.410088 0.415963
0 0.188596 0.410591 0.188596 0.412126 0.189693 0.412893 0.190789 0.412893 0.191886 0.413661 0.192982 0.413661 0.194079 0.414428 0.194079 0.412126 0.192982 0.412126 0.191886 0.411358 0.190789 0.411358 0.189693 0.410591
0 0.757675 0.409056 0.756579 0.409823 0.757675 0.410591 0.758772 0.410591 0.758772 0.409056
0 0.169956 0.403684 0.169956 0.404451 0.171053 0.405219 0.173246 0.405219 0.173246 0.404451 0.172149 0.403684
0 0.480263 0.402149 0.479167 0.402916 0.47807 0.402916 0.475877 0.404451 0.475877 0.407521 0.474781 0.408289 0.474781 0.411358 0.473684 0.412126 0.473684 0.415963 0.476974 0.415963 0.47807 0.416731 0.479167 0.415963 0.486842 0.415963 0.487939 0.415196 0.489035 0.415196 0.486842 0.413661 0.486842 0.412893 0.484649 0.411358 0.484649 0.409056 0.485746 0.408289 0.485746 0.407521 0.487939 0.405986 0.487939 0.403684 0.485746 0.402149
0 0.427632 0.402149 0.427632 0.403684 0.429825 0.405219 0.432018 0.405219 0.432018 0.403684 0.429825 0.402149
0 0.554825 0.398312 0.554825 0.400614 0.557018 0.400614 0.557018 0.399079 0.555921 0.398312
0 0.462719 0.396009 0.460526 0.397544 0.45943 0.397544 0.45943 0.399847 0.460526 0.400614 0.460526 0.402149 0.463816 0.404451 0.464912 0.404451 0.466009 0.405219 0.467105 0.405219 0.467105 0.401381 0.464912 0.399847 0.464912 0.399079 0.463816 0.398312 0.463816 0.397544 0.462719 0.397544 0.461623 0.396777
0 0.474781 0.394474 0.474781 0.395242 0.476974 0.395242 0.47807 0.394474
0 0.152412 0.38987 0.152412 0.390637 0.154605 0.392172 0.155702 0.392172
0 0.578947 0.3868 0.578947 0.388335 0.580044 0.388335 0.580044 0.3868
0 0.371711 0.386032 0.371711 0.387567 0.375 0.38987 0.376096 0.389102 0.376096 0.387567 0.373904 0.386032
0 0.339912 0.381427 0.339912 0.382195 0.341009 0.382195
0 0.744518 0.372218 0.746711 0.373753 0.746711 0.37452 0.747807 0.373753 0.745614 0.372218
0 0.195175 0.372218 0.195175 0.372985 0.196272 0.372985
0 0.221491 0.363008 0.221491 0.363776 0.220395 0.364543 0.219298 0.364543 0.220395 0.365311 0.220395 0.366078 0.221491 0.366846 0.221491 0.367613 0.223684 0.369148 0.223684 0.369916 0.224781 0.369916 0.226974 0.37145 0.223684 0.369148 0.223684 0.368381 0.222588 0.367613 0.222588 0.365311 0.221491 0.364543
0 0.453947 0.362241 0.453947 0.363776 0.455044 0.363776 0.455044 0.363008
0 0.433114 0.359171 0.433114 0.360706 0.434211 0.360706 0.434211 0.359939
0 0.368421 0.357636 0.368421 0.359171 0.369518 0.359939 0.369518 0.360706 0.370614 0.361474 0.370614 0.360706 0.369518 0.359939 0.369518 0.358404
0 0.546053 0.349194 0.546053 0.349962 0.547149 0.349962
0 0.182018 0.330775 0.182018 0.331543 0.183114 0.33231 0.183114 0.330775
0 0.280702 0.293937 0.280702 0.294705 0.282895 0.294705 0.281798 0.293937
0 0.304825 0.291635 0.304825 0.29317 0.305921 0.29317 0.305921 0.292402
0 0.25 0.273216 0.25 0.273983 0.252193 0.275518 0.253289 0.275518 0.258772 0.279355 0.258772 0.280123 0.262061 0.282425 0.263158 0.282425 0.27193 0.288565 0.273026 0.288565 0.275219 0.2901 0.273026 0.288565 0.273026 0.287797 0.27193 0.287797 0.263158 0.281658 0.262061 0.281658 0.258772 0.279355 0.258772 0.278588 0.254386 0.275518 0.253289 0.275518
0 0.626096 0.266309 0.626096 0.267843 0.627193 0.267843 0.628289 0.268611 0.630482 0.268611 0.629386 0.267843 0.628289 0.267843
0 0.741228 0.240982 0.741228 0.24175 0.742325 0.240982
0 0.368421 0.237913 0.368421 0.23868 0.369518 0.239447 0.369518 0.240982 0.369518 0.237913
0 0.485746 0.237145 0.484649 0.237913 0.484649 0.23868 0.486842 0.240215 0.487939 0.240215 0.489035 0.240982 0.494518 0.240982 0.496711 0.239447 0.496711 0.237913 0.495614 0.237145
0 0.748904 0.231005 0.748904 0.231773 0.75 0.231773 0.75 0.231005
0 0.688596 0.227168 0.688596 0.22947 0.6875 0.230238 0.673246 0.230238 0.673246 0.23254 0.675439 0.234075 0.682018 0.234075 0.683114 0.233308 0.684211 0.233308 0.685307 0.23254 0.686404 0.23254 0.688596 0.231005 0.689693 0.231005 0.689693 0.230238 0.690789 0.22947 0.690789 0.227936 0.689693 0.227168
0 0.718202 0.226401 0.718202 0.227936 0.719298 0.227936 0.720395 0.228703 0.721491 0.228703 0.722588 0.227936 0.722588 0.227168 0.721491 0.227168 0.720395 0.226401
0 0.729167 0.224866 0.72807 0.225633 0.733553 0.225633 0.733553 0.224866
0 0.497807 0.218726 0.497807 0.224098 0.498904 0.224866 0.498904 0.219493
0 0.351974 0.216424 0.351974 0.217191 0.35307 0.217959 0.35307 0.220261 0.354167 0.221028 0.354167 0.222563 0.354167 0.219493 0.35307 0.218726 0.35307 0.216424
0 0.495614 0.201842 0.495614 0.203377 0.496711 0.202609 0.496711 0.201842
0 0.495614 0.188795 0.495614 0.1934 0.494518 0.194167 0.494518 0.195702 0.495614 0.19647 0.495614 0.198005 0.495614 0.19647 0.496711 0.195702 0.496711 0.189563
0 0.394737 0.186493 0.394737 0.188028 0.395833 0.188795 0.395833 0.19033 0.398026 0.191865 0.399123 0.191865 0.398026 0.191097 0.398026 0.19033 0.39693 0.189563 0.39693 0.188795 0.394737 0.18726
0 0.697368 0.167306 0.697368 0.168074 0.698465 0.168841 0.698465 0.169609 0.701754 0.169609 0.701754 0.168841 0.700658 0.168841 0.698465 0.167306
0 0.485746 0.166539 0.484649 0.167306 0.484649 0.168074 0.485746 0.168841 0.485746 0.169609 0.487939 0.169609 0.489035 0.168841 0.489035 0.167306 0.487939 0.166539
0 0.601974 0.156562 0.600877 0.157329 0.598684 0.157329 0.597588 0.158097 0.596491 0.158097 0.595395 0.158864 0.594298 0.158864 0.594298 0.159632 0.591009 0.161934 0.591009 0.170376 0.595395 0.173446 0.596491 0.173446 0.597588 0.174213 0.601974 0.171144 0.601974 0.170376 0.604167 0.168841 0.604167 0.168074 0.605263 0.167306 0.605263 0.165771 0.60636 0.165004 0.60636 0.161167 0.605263 0.160399 0.605263 0.158864 0.604167 0.158097 0.604167 0.157329 0.60307 0.156562
0 0.476974 0.153492 0.476974 0.154259 0.47807 0.155027 0.47807 0.156562 0.479167 0.156562 0.479167 0.155027
0 0.440789 0.13891 0.441886 0.139678 0.441886 0.140445 0.447368 0.144282 0.447368 0.14505 0.448465 0.145817 0.448465 0.146585 0.448465 0.144282 0.447368 0.143515 0.447368 0.142748 0.446272 0.14198 0.446272 0.141213 0.445175 0.140445 0.444079 0.140445 0.441886 0.13891
0 0.599781 0.138143 0.597588 0.139678 0.599781 0.141213 0.600877 0.140445 0.600877 0.13891
0 0.730263 0.127398 0.729167 0.128166 0.729167 0.128933 0.730263 0.128933 0.73136 0.128166
0 0.466009 0.116654 0.466009 0.117421 0.464912 0.118189 0.466009 0.118189 0.467105 0.117421 0.467105 0.116654
0 0.560307 0.106677 0.559211 0.107444 0.558114 0.107444 0.557018 0.108212 0.557018 0.108979 0.558114 0.109747 0.558114 0.110514 0.5625 0.113584 0.5625 0.115119 0.563596 0.115886 0.563596 0.116654 0.564693 0.117421 0.564693 0.118189 0.566886 0.119724 0.566886 0.120491 0.567982 0.121259 0.567982 0.122794 0.569079 0.123561 0.569079 0.126631 0.570175 0.127398 0.570175 0.128933 0.571272 0.129701 0.573465 0.129701 0.573465 0.128933 0.574561 0.128166 0.574561 0.127398 0.575658 0.126631 0.575658 0.125096 0.576754 0.124328 0.576754 0.122026 0.575658 0.121259 0.575658 0.118956 0.574561 0.118189 0.574561 0.116654 0.573465 0.115886 0.573465 0.115119 0.572368 0.114351 0.572368 0.113584 0.571272 0.112817 0.571272 0.112049 0.570175 0.112049 0.567982 0.110514 0.566886 0.110514 0.563596 0.108212 0.5625 0.108212
0 0.541667 0.0974674 0.541667 0.0990023 0.542763 0.0982348 0.542763 0.0974674
