0 0.495614 0.9033 0.494518 0.904068 0.494518 0.904835 0.493421 0.905602 0.493421 0.90637 0.494518 0.90637 0.494518 0.905602 0.495614 0.904835
0 0.504386 0.882579 0.503289 0.883346 0.503289 0.884881 0.502193 0.885649 0.502193 0.887183 0.501096 0.887951 0.501096 0.890253 0.501096 0.889486 0.503289 0.887951 0.503289 0.886416 0.504386 0.885649 0.504386 0.884881 0.505482 0.884114 0.505482 0.882579
0 0.463816 0.818112 0.462719 0.81888 0.461623 0.81888 0.45943 0.820414 0.45943 0.821182 0.458333 0.821949 0.457237 0.821949 0.45614 0.822717 0.453947 0.822717 0.453947 0.823484 0.452851 0.824252 0.452851 0.825019 0.451754 0.825787 0.450658 0.825787 0.450658 0.827322 0.449561 0.828089 0.449561 0.829624 0.448465 0.830391 0.448465 0.831159 0.447368 0.831926 0.447368 0.833461 0.446272 0.834229 0.446272 0.835764 0.445175 0.836531 0.445175 0.838066 0.442982 0.839601 0.442982 0.840368 0.441886 0.841136 0.441886 0.846508 0.440789 0.847276 0.440789 0.84881 0.439693 0.849578 0.439693 0.850345 0.438596 0.851113 0.439693 0.85188 0.439693 0.855718 0.438596 0.856485 0.438596 0.857252 0.439693 0.85802 0.439693 0.859555 0.440789 0.860322 0.440789 0.861857 0.441886 0.862625 0.441886 0.865695 0.442982 0.866462 0.442982 0.867229 0.441886 0.867997 0.441886 0.868764 0.442982 0.869532 0.442982 0.873369 0.444079 0.874137 0.444079 0.874904 0.445175 0.875672 0.445175 0.877206 0.446272 0.877974 0.446272 0.878741 0.447368 0.879509 0.447368 0.881811 0.450658 0.884114 0.450658 0.886416 0.458333 0.886416 0.460526 0.887951 0.462719 0.886416 0.466009 0.886416 0.467105 0.885649 0.470395 0.885649 0.471491 0.884881 0.472588 0.884881 0.473684 0.884114 0.474781 0.884114 0.475877 0.883346 0.476974 0.883346 0.47807 0.882579 0.479167 0.882579 0.48136 0.881044 0.483553 0.881044 0.484649 0.880276 0.485746 0.880276 0.486842 0.879509 0.487939 0.879509 0.492325 0.876439 0.492325 0.875672 0.493421 0.874904 0.493421 0.873369 0.498904 0.869532 0.498904 0.868764 0.5 0.867997 0.501096 0.867997 0.502193 0.867229 0.502193 0.864927 0.503289 0.86416 0.503289 0.861857 0.506579 0.859555 0.506579 0.85802 0.507675 0.857252 0.507675 0.852648 0.509868 0.851113 0.508772 0.850345 0.508772 0.84881 0.509868 0.848043 0.509868 0.844206 0.508772 0.843438 0.508772 0.842671 0.507675 0.841903 0.507675 0.838066 0.508772 0.837299 0.508772 0.835764 0.507675 0.835764 0.506579 0.834996 0.506579 0.834229 0.497807 0.828089 0.496711 0.828089 0.494518 0.826554 0.494518 0.825787 0.493421 0.825787 0.492325 0.825019 0.491228 0.825019 0.490132 0.824252 0.489035 0.824252 0.485746 0.821949 0.484649 0.821949 0.482456 0.820414 0.480263 0.820414 0.479167 0.819647 0.474781 0.819647 0.473684 0.81888 0.471491 0.81888 0.470395 0.818112
0 0.176535 0.792018 0.176535 0.793553 0.175439 0.794321 0.175439 0.795088 0.174342 0.795856 0.174342 0.798158 0.172149 0.799693 0.172149 0.801228 0.166667 0.805065 0.169956 0.805065 0.169956 0.80353 0.172149 0.801995 0.172149 0.801228 0.176535 0.798158 0.176535 0.796623 0.177632 0.795856 0.177632 0.794321 0.178728 0.793553 0.178728 0.792018
0 0.180921 0.775902 0.180921 0.778204 0.182018 0.778972 0.185307 0.778972 0.185307 0.777437 0.183114 0.775902
0 0.150219 0.772064 0.150219 0.772832 0.152412 0.774367 0.154605 0.774367 0.154605 0.773599 0.152412 0.772064
0 0.22807 0.765157 0.22807 0.769762 0.229167 0.77053 0.229167 0.771297 0.230263 0.772064 0.23136 0.772064 0.23136 0.771297 0.232456 0.77053 0.23136 0.769762 0.23136 0.765925 0.230263 0.765157
0 0.131579 0.76132 0.129386 0.762855 0.129386 0.763622 0.130482 0.763622 0.131579 0.762855
0 0.172149 0.757483 0.172149 0.759018 0.173246 0.759785 0.173246 0.760553 0.174342 0.760553 0.175439 0.76132 0.176535 0.76132 0.176535 0.759018 0.175439 0.75825 0.174342 0.75825 0.173246 0.757483
0 0.510965 0.756715 0.508772 0.75825 0.507675 0.75825 0.506579 0.759018 0.505482 0.759018 0.503289 0.760553 0.503289 0.76132 0.501096 0.762855 0.501096 0.763622 0.497807 0.765925 0.497807 0.766692 0.491228 0.771297 0.490132 0.771297 0.486842 0.773599 0.484649 0.773599 0.483553 0.774367 0.482456 0.774367 0.48136 0.775134 0.47807 0.775134 0.474781 0.777437 0.474781 0.780507 0.475877 0.781274 0.475877 0.782041 0.476974 0.782809 0.476974 0.783576 0.479167 0.785111 0.479167 0.786646 0.480263 0.787414 0.480263 0.788949 0.48136 0.789716 0.48136 0.790483 0.483553 0.792018 0.483553 0.792786 0.486842 0.795088 0.487939 0.795088 0.489035 0.795856 0.490132 0.795856 0.492325 0.797391 0.494518 0.797391 0.495614 0.798158 0.497807 0.798158 0.498904 0.798926 0.501096 0.798926 0.502193 0.799693 0.506579 0.799693 0.507675 0.80046 0.512061 0.80046 0.513158 0.799693 0.515351 0.799693 0.516447 0.798926 0.51864 0.798926 0.519737 0.798158 0.519737 0.795856 0.520833 0.795088 0.520833 0.794321 0.519737 0.793553 0.519737 0.788949 0.520833 0.788181 0.520833 0.787414 0.52193 0.786646 0.52193 0.785111 0.523026 0.784344 0.523026 0.782041 0.524123 0.781274 0.524123 0.774367 0.523026 0.773599 0.523026 0.769762 0.52193 0.768995 0.52193 0.766692 0.520833 0.765925 0.520833 0.765157 0.519737 0.76439 0.519737 0.762855 0.51864 0.762087 0.51864 0.760553 0.517544 0.759785 0.517544 0.759018 0.516447 0.75825 0.516447 0.757483 0.515351 0.756715
0 0.123904 0.734459 0.123904 0.735226 0.126096 0.735226 0.126096 0.734459
0 0.237939 0.725249 0.234649 0.727552 0.234649 0.728319 0.233553 0.729087 0.233553 0.729854 0.23136 0.731389 0.23136 0.732924 0.230263 0.733691 0.230263 0.734459 0.229167 0.735226 0.229167 0.736761 0.22807 0.737529 0.22807 0.742134 0.229167 0.742901 0.229167 0.744436 0.230263 0.744436 0.23136 0.745203 0.232456 0.745203 0.233553 0.744436 0.233553 0.742134 0.234649 0.741366 0.234649 0.740599 0.233553 0.739831 0.234649 0.739064 0.234649 0.737529 0.235746 0.736761 0.235746 0.732924 0.236842 0.732157 0.236842 0.731389 0.237939 0.730622 0.240132 0.730622 0.241228 0.729854 0.241228 0.729087 0.242325 0.728319 0.242325 0.726784 0.241228 0.726784 0.239035 0.725249
0 0.653509 0.712203 0.652412 0.71297 0.656798 0.71604 0.656798 0.715272 0.654605 0.713738 0.654605 0.71297
0 0.118421 0.70683 0.118421 0.707598 0.119518 0.70683
0 0.26864 0.701458 0.26864 0.702226 0.267544 0.702993 0.267544 0.703761 0.26864 0.704528
0 0.496711 0.700691 0.496711 0.701458 0.495614 0.702226 0.495614 0.702993 0.496711 0.702993
0 0.528509 0.687644 0.528509 0.689946 0.527412 0.690714 0.527412 0.692249 0.526316 0.693016 0.526316 0.694551 0.526316 0.693784 0.528509 0.692249 0.528509 0.690714 0.529605 0.689946 0.529605 0.687644
0 0.587719 0.675365 0.586623 0.676132 0.587719 0.676899 0.587719 0.678434 0.589912 0.678434 0.589912 0.676899 0.588816 0.676132 0.588816 0.675365
0 0.554825 0.67383 0.553728 0.674597 0.553728 0.675365 0.554825 0.676132 0.555921 0.676132 0.557018 0.675365 0.555921 0.674597 0.555921 0.67383
0 0.125 0.652341 0.123904 0.653108 0.125 0.653108
0 0.512061 0.651573 0.512061 0.652341 0.513158 0.653108 0.513158 0.651573
0 0.394737 0.640061 0.39364 0.640829 0.39364 0.641596 0.392544 0.642364 0.392544 0.643131 0.390351 0.644666 0.390351 0.646201 0.388158 0.647736 0.388158 0.648503 0.387061 0.649271 0.387061 0.650038 0.385965 0.650806 0.385965 0.653876 0.384868 0.654643 0.384868 0.655411 0.383772 0.656178 0.383772 0.663085 0.382675 0.663853 0.382675 0.66462 0.381579 0.665388 0.381579 0.666155 0.380482 0.666922 0.380482 0.66769 0.379386 0.668457 0.379386 0.669992 0.378289 0.67076 0.378289 0.671527 0.377193 0.672295 0.377193 0.674597 0.376096 0.675365 0.376096 0.678434 0.375 0.679202 0.375 0.679969 0.373904 0.680737 0.373904 0.681504 0.372807 0.682272 0.372807 0.683807 0.371711 0.684574 0.371711 0.685342 0.370614 0.686109 0.369518 0.686109 0.369518 0.686876 0.368421 0.687644 0.368421 0.688411 0.367325 0.689179 0.367325 0.689946 0.366228 0.690714 0.366228 0.692249 0.365132 0.693016 0.365132 0.693784 0.362939 0.695318 0.361842 0.695318 0.360746 0.696086 0.360746 0.696853 0.359649 0.697621 0.358553 0.697621 0.359649 0.698388 0.359649 0.701458 0.357456 0.702993 0.35636 0.702993 0.35636 0.704528 0.355263 0.705295 0.355263 0.706063 0.350877 0.709133 0.350877 0.7099 0.347588 0.712203 0.344298 0.712203 0.343202 0.71297 0.343202 0.714505 0.339912 0.716807 0.339912 0.717575 0.338816 0.718342 0.337719 0.718342 0.333333 0.721412 0.332237 0.721412 0.330044 0.722947 0.330044 0.725249 0.328947 0.726017 0.328947 0.728319 0.327851 0.729087 0.327851 0.729854 0.326754 0.730622 0.326754 0.732924 0.325658 0.733691 0.325658 0.735226 0.326754 0.735994 0.325658 0.736761 0.325658 0.738296 0.324561 0.739064 0.324561 0.741366 0.323465 0.742134 0.323465 0.745203 0.322368 0.745971 0.322368 0.746738 0.321272 0.747506 0.321272 0.749808 0.320175 0.750576 0.320175 0.752111 0.321272 0.752878 0.321272 0.754413 0.320175 0.75518 0.320175 0.762087 0.321272 0.762855 0.321272 0.765157 0.320175 0.765925 0.320175 0.766692 0.321272 0.76746 0.321272 0.768995 0.322368 0.769762 0.322368 0.774367 0.321272 0.775134 0.323465 0.776669 0.323465 0.778204 0.322368 0.778972 0.323465 0.779739 0.323465 0.783576 0.324561 0.783576 0.325658 0.784344 0.326754 0.784344 0.327851 0.785111 0.33114 0.785111 0.333333 0.783576 0.33443 0.783576 0.335526 0.784344 0.337719 0.784344 0.342105 0.781274 0.343202 0.782041 0.343202 0.783576 0.344298 0.782809 0.344298 0.780507 0.348684 0.777437 0.348684 0.775134 0.349781 0.774367 0.349781 0.772832 0.350877 0.772064 0.351974 0.772064 0.351974 0.771297 0.355263 0.768995 0.355263 0.768227 0.360746 0.76439 0.360746 0.763622 0.369518 0.757483 0.369518 0.75518 0.370614 0.754413 0.370614 0.753645 0.371711 0.752878 0.371711 0.752111 0.372807 0.751343 0.372807 0.750576 0.373904 0.749808 0.373904 0.749041 0.375 0.748273 0.375 0.747506 0.376096 0.746738 0.376096 0.745971 0.378289 0.744436 0.378289 0.743668 0.379386 0.742901 0.379386 0.742134 0.380482 0.741366 0.380482 0.739831 0.382675 0.738296 0.382675 0.737529 0.383772 0.736761 0.383772 0.735994 0.388158 0.732924 0.388158 0.732157 0.391447 0.729854 0.391447 0.727552 0.392544 0.726784 0.392544 0.726017 0.391447 0.725249 0.391447 0.724482 0.392544 0.723715 0.392544 0.722947 0.39364 0.72218 0.39364 0.71604 0.394737 0.715272 0.394737 0.712203 0.395833 0.711435 0.395833 0.709133 0.39693 0.708365 0.39693 0.705295 0.398026 0.704528 0.398026 0.702226 0.39693 0.701458 0.398026 0.700691 0.398026 0.689179 0.399123 0.688411 0.399123 0.683807 0.400219 0.683039 0.400219 0.681504 0.402412 0.679969 0.402412 0.677667 0.403509 0.676899 0.402412 0.676132 0.402412 0.675365 0.403509 0.674597 0.403509 0.673062 0.404605 0.672295 0.404605 0.669992 0.403509 0.669225 0.403509 0.666922 0.402412 0.666155 0.402412 0.657713 0.403509 0.656946 0.403509 0.653108 0.404605 0.652341 0.404605 0.650038 0.403509 0.649271 0.403509 0.646201 0.404605 0.645434 0.403509 0.644666 0.403509 0.643899 0.402412 0.643899 0.398026 0.640829 0.395833 0.640829
0 0.505482 0.637759 0.504386 0.638526 0.505482 0.639294 0.506579 0.639294 0.506579 0.638526
0 0.524123 0.635457 0.524123 0.636992 0.525219 0.637759 0.526316 0.637759 0.526316 0.636224 0.525219 0.636992 0.524123 0.636224
0 0.104167 0.635457 0.104167 0.636224 0.105263 0.636224 0.105263 0.635457
0 0.530702 0.631619 0.530702 0.632387 0.531798 0.633154 0.531798 0.631619
0 0.129386 0.630852 0.129386 0.632387 0.130482 0.631619
0 0.66557 0.630084 0.664474 0.630852 0.664474 0.632387 0.66557 0.633154 0.66557 0.634689 0.666667 0.635457 0.667763 0.635457 0.667763 0.633922 0.666667 0.633154 0.666667 0.632387 0.66557 0.631619
0 0.645833 0.62548 0.644737 0.626247 0.644737 0.62855 0.645833 0.629317 0.645833 0.630084 0.64693 0.630852 0.648026 0.630852 0.649123 0.631619 0.652412 0.631619 0.653509 0.630852 0.654605 0.630852 0.655702 0.630084 0.656798 0.630084 0.657895 0.629317 0.657895 0.626247 0.652412 0.626247 0.651316 0.62548
0 0.35636 0.623945 0.355263 0.624712 0.354167 0.624712 0.354167 0.62548 0.35307 0.626247 0.35307 0.62855 0.351974 0.629317 0.351974 0.630084 0.348684 0.632387 0.348684 0.633922 0.347588 0.634689 0.348684 0.635457 0.348684 0.636224 0.347588 0.636992 0.344298 0.636992 0.343202 0.636224 0.342105 0.636224 0.339912 0.637759 0.339912 0.639294 0.341009 0.640061 0.341009 0.642364 0.344298 0.644666 0.344298 0.645434 0.347588 0.647736 0.347588 0.648503 0.348684 0.649271 0.348684 0.650038 0.349781 0.650806 0.349781 0.651573 0.35307 0.653876 0.35307 0.654643 0.354167 0.654643 0.355263 0.655411 0.358553 0.655411 0.364035 0.651573 0.364035 0.641596 0.362939 0.640829 0.362939 0.638526 0.361842 0.637759 0.361842 0.635457 0.360746 0.634689 0.360746 0.627782 0.359649 0.627015 0.359649 0.626247
0 0.133772 0.602456 0.133772 0.603223 0.134868 0.603223 0.134868 0.602456
0 0.14364 0.600921 0.14364 0.601688 0.144737 0.601688
0 0.725877 0.576362 0.724781 0.57713 0.723684 0.57713 0.723684 0.579432 0.724781 0.5802 0.72807 0.5802 0.729167 0.579432 0.729167 0.57713 0.72807 0.576362
0 0.711623 0.569455 0.711623 0.57099 0.712719 0.571757 0.712719 0.572525 0.713816 0.573292 0.713816 0.57406 0.714912 0.574827 0.718202 0.574827 0.718202 0.57406 0.719298 0.573292 0.719298 0.572525 0.718202 0.571757 0.718202 0.57099 0.717105 0.570223 0.712719 0.570223
0 0.378289 0.56792 0.377193 0.568688 0.370614 0.568688 0.369518 0.569455 0.368421 0.569455 0.368421 0.570223 0.366228 0.571757 0.366228 0.57713 0.367325 0.577897 0.367325 0.578665 0.368421 0.579432 0.368421 0.5802 0.369518 0.580967 0.369518 0.581734 0.370614 0.582502 0.370614 0.583269 0.372807 0.584804 0.372807 0.585572 0.378289 0.589409 0.379386 0.589409 0.380482 0.590177 0.381579 0.590177 0.383772 0.591711 0.384868 0.591711 0.385965 0.592479 0.389254 0.592479 0.390351 0.593246 0.39364 0.593246 0.394737 0.592479 0.402412 0.592479 0.403509 0.591711 0.404605 0.591711 0.406798 0.590177 0.406798 0.587107 0.404605 0.585572 0.404605 0.584804 0.403509 0.584037 0.403509 0.583269 0.401316 0.581734 0.401316 0.580967 0.398026 0.578665 0.398026 0.577897 0.394737 0.575595 0.394737 0.574827 0.387061 0.569455 0.385965 0.569455 0.384868 0.568688 0.380482 0.568688 0.379386 0.56792
0 0.0986842 0.562548 0.0986842 0.563315 0.0997807 0.563315 0.0997807 0.562548
0 0.154605 0.558711 0.154605 0.560246 0.156798 0.561781 0.157895 0.561781 0.157895 0.559478 0.156798 0.558711
0 0.708333 0.557176 0.707237 0.557943 0.70614 0.557943 0.70614 0.560246 0.707237 0.560246 0.708333 0.561013 0.70943 0.561013 0.710526 0.561781 0.710526 0.562548 0.711623 0.563315 0.712719 0.563315 0.713816 0.562548 0.713816 0.561013 0.710526 0.558711 0.710526 0.557943 0.70943 0.557176
0 0.745614 0.551036 0.744518 0.551804 0.744518 0.552571 0.745614 0.553338 0.747807 0.551804 0.746711 0.551036
0 0.732456 0.547966 0.73136 0.548734 0.730263 0.548734 0.730263 0.549501 0.72807 0.551036 0.729167 0.551804 0.729167 0.553338 0.730263 0.554106 0.73136 0.554106 0.732456 0.553338 0.734649 0.553338 0.736842 0.551804 0.736842 0.551036 0.737939 0.550269 0.737939 0.549501 0.736842 0.548734 0.735746 0.548734 0.734649 0.547966
0 0.70943 0.526477 0.707237 0.528012 0.707237 0.529547 0.708333 0.529547 0.710526 0.528012 0.710526 0.527245
0 0.686404 0.515733 0.685307 0.5165 0.684211 0.5165 0.683114 0.517268 0.680921 0.517268 0.678728 0.518803 0.677632 0.518803 0.676535 0.51957 0.676535 0.52264 0.677632 0.523408 0.677632 0.524175 0.679825 0.52571 0.679825 0.526477 0.680921 0.527245 0.682018 0.527245 0.683114 0.528012 0.690789 0.528012 0.694079 0.52571 0.695175 0.52571 0.696272 0.524942 0.696272 0.52264 0.695175 0.521873 0.696272 0.521105 0.696272 0.520338 0.695175 0.51957 0.695175 0.518035 0.692982 0.5165 0.691886 0.5165 0.690789 0.515733
0 0.404605 0.514198 0.402412 0.515733 0.403509 0.5165 0.403509 0.517268 0.404605 0.518035 0.405702 0.518035 0.407895 0.5165 0.407895 0.514965 0.406798 0.514198
0 0.342105 0.495779 0.341009 0.496546 0.339912 0.496546 0.339912 0.497314 0.342105 0.498849 0.342105 0.501151 0.341009 0.501919 0.343202 0.503454 0.344298 0.502686 0.344298 0.496546 0.343202 0.495779
0 0.714912 0.492709 0.713816 0.493477 0.712719 0.493477 0.712719 0.499616 0.713816 0.500384 0.722588 0.500384 0.725877 0.498081 0.725877 0.496546 0.720395 0.492709
0 0.145833 0.481965 0.14364 0.4835 0.145833 0.485035 0.148026 0.485035 0.149123 0.484267 0.149123 0.482732 0.148026 0.482732 0.14693 0.481965
0 0.414474 0.479662 0.41557 0.48043 0.41557 0.481197 0.416667 0.481965 0.416667 0.482732 0.417763 0.4835 0.417763 0.482732 0.416667 0.481965 0.416667 0.481197 0.41557 0.48043 0.41557 0.479662
0 0.343202 0.478127 0.343202 0.478895 0.344298 0.479662 0.344298 0.478895
0 0.139254 0.476592 0.138158 0.47736 0.144737 0.47736 0.14364 0.476592
0 0.121711 0.475058 0.123904 0.476592 0.123904 0.475825 0.122807 0.475058
0 0.152412 0.47429 0.152412 0.475825 0.153509 0.475825 0.153509 0.475058
0 0.503289 0.471988 0.501096 0.473523 0.501096 0.47429 0.498904 0.475825 0.498904 0.47736 0.497807 0.478127 0.498904 0.478895 0.498904 0.48043 0.497807 0.481197 0.497807 0.485802 0.498904 0.486569 0.498904 0.487337 0.5 0.488104 0.5 0.488872 0.501096 0.489639 0.501096 0.490407 0.502193 0.490407 0.503289 0.491174 0.503289 0.491942 0.504386 0.492709 0.505482 0.492709 0.506579 0.493477 0.507675 0.492709 0.508772 0.493477 0.510965 0.491942 0.510965 0.491174 0.512061 0.490407 0.512061 0.488872 0.513158 0.488104 0.513158 0.481965 0.512061 0.481197 0.512061 0.479662 0.510965 0.478895 0.510965 0.478127 0.509868 0.47736 0.509868 0.475825 0.508772 0.475058 0.508772 0.473523 0.506579 0.471988
0 0.412281 0.468918 0.411184 0.469685 0.411184 0.470453 0.412281 0.47122 0.412281 0.471988 0.413377 0.472755 0.413377 0.475058 0.414474 0.475825 0.414474 0.47736 0.414474 0.472755 0.413377 0.471988 0.413377 0.469685
0 0.345395 0.466616 0.344298 0.467383 0.344298 0.46815 0.346491 0.46815 0.346491 0.467383
0 0.564693 0.462011 0.563596 0.462778 0.563596 0.465081 0.566886 0.465081 0.566886 0.464313 0.567982 0.463546 0.565789 0.462011
0 0.575658 0.459708 0.574561 0.460476 0.574561 0.462011 0.577851 0.462011 0.578947 0.461243 0.578947 0.459708
0 0.107456 0.458941 0.10636 0.459708 0.10636 0.460476 0.107456 0.460476
0 0.655702 0.446662 0.655702 0.447429 0.657895 0.447429 0.656798 0.446662
0 0.519737 0.445127 0.515351 0.448196 0.515351 0.455871 0.516447 0.456639 0.516447 0.458941 0.515351 0.459708 0.516447 0.460476 0.516447 0.463546 0.517544 0.464313 0.517544 0.465848 0.519737 0.467383 0.519737 0.466616 0.520833 0.465848 0.520833 0.465081 0.52193 0.464313 0.52193 0.463546 0.523026 0.462778 0.523026 0.462011 0.524123 0.461243 0.524123 0.459708 0.525219 0.458941 0.525219 0.457406 0.524123 0.456639 0.524123 0.454336 0.525219 0.453569 0.525219 0.448964 0.523026 0.447429 0.523026 0.446662 0.52193 0.446662 0.520833 0.445894 0.520833 0.445127
0 0.657895 0.442057 0.655702 0.443592 0.656798 0.444359 0.656798 0.445127 0.660088 0.445127 0.661184 0.444359 0.662281 0.445127 0.663377 0.444359 0.663377 0.442824 0.662281 0.442057
0 0.482456 0.43515 0.480263 0.436685 0.479167 0.436685 0.479167 0.437452 0.474781 0.440522 0.473684 0.440522 0.471491 0.442057 0.471491 0.442824 0.470395 0.443592 0.470395 0.445127 0.469298 0.445894 0.469298 0.446662 0.470395 0.447429 0.470395 0.448964 0.471491 0.449731 0.471491 0.450499 0.472588 0.451266 0.472588 0.452801 0.473684 0.453569 0.473684 0.455104 0.474781 0.455871 0.474781 0.461243 0.473684 0.462011 0.473684 0.463546 0.472588 0.464313 0.472588 0.467383 0.471491 0.46815 0.471491 0.469685 0.470395 0.470453 0.471491 0.47122 0.472588 0.47122 0.473684 0.471988 0.473684 0.47122 0.475877 0.469685 0.475877 0.464313 0.476974 0.463546 0.476974 0.458173 0.47807 0.457406 0.476974 0.456639 0.476974 0.455871 0.47807 0.455104 0.47807 0.453569 0.476974 0.452801 0.476974 0.448196 0.47807 0.447429 0.47807 0.446662 0.479167 0.445894 0.479167 0.445127 0.482456 0.442824 0.482456 0.442057 0.483553 0.441289 0.483553 0.440522 0.484649 0.439754 0.484649 0.438987 0.485746 0.438219 0.485746 0.437452 0.486842 0.436685 0.486842 0.435917 0.485746 0.43515
0 0.725877 0.424405 0.723684 0.42594 0.722588 0.42594 0.722588 0.426708 0.723684 0.427475 0.725877 0.427475 0.726974 0.426708 0.726974 0.42594 0.72807 0.425173 0.726974 0.424405
0 0.703947 0.423638 0.703947 0.425173 0.705044 0.42594 0.707237 0.42594 0.708333 0.426708 0.70943 0.42594 0.713816 0.42594 0.713816 0.425173 0.712719 0.424405 0.710526 0.424405 0.70943 0.423638
0 0.458333 0.421335 0.45614 0.42287 0.45614 0.424405 0.453947 0.42594 0.453947 0.426708 0.458333 0.426708 0.460526 0.428243 0.464912 0.428243 0.466009 0.427475 0.466009 0.426708 0.467105 0.42594 0.467105 0.425173 0.466009 0.424405 0.466009 0.423638 0.464912 0.423638 0.462719 0.422103 0.460526 0.422103 0.45943 0.421335
0 0.406798 0.415963 0.406798 0.416731 0.407895 0.417498 0.408991 0.417498 0.408991 0.415963
0 0.767544 0.412893 0.766447 0.413661 0.765351 0.413661 0.764254 0.414428 0.767544 0.414428 0.76864 0.413661 0.769737 0.413661 0.770833 0.412893
0 0.161184 0.401381 0.161184 0.402149 0.16557 0.405219 0.16557 0.405986 0.166667 0.405986 0.166667 0.404451 0.16557 0.403684 0.16557 0.402916 0.164474 0.402149 0.163377 0.402149 0.162281 0.401381
0 0.434211 0.400614 0.430921 0.402916 0.428728 0.402916 0.433114 0.402916 0.434211 0.403684 0.438596 0.403684 0.438596 0.402916 0.4375 0.402149 0.4375 0.401381 0.436404 0.401381 0.435307 0.400614
0 0.558114 0.399847 0.557018 0.400614 0.558114 0.401381 0.558114 0.402149 0.559211 0.402149 0.559211 0.401381 0.560307 0.400614 0.559211 0.399847
0 0.476974 0.398312 0.475877 0.399079 0.475877 0.399847 0.474781 0.400614 0.474781 0.401381 0.475877 0.402149 0.475877 0.403684 0.476974 0.404451 0.476974 0.408289 0.47807 0.409056 0.476974 0.409823 0.47807 0.410591 0.47807 0.412126 0.480263 0.413661 0.482456 0.413661 0.483553 0.414428 0.484649 0.414428 0.484649 0.407521 0.490132 0.403684 0.491228 0.403684 0.491228 0.402149 0.490132 0.402149 0.487939 0.400614 0.486842 0.400614 0.485746 0.399847 0.483553 0.399847 0.482456 0.399079 0.48136 0.399079 0.480263 0.398312
0 0.157895 0.395242 0.157895 0.396009 0.158991 0.396777 0.158991 0.397544 0.160088 0.398312 0.161184 0.398312 0.161184 0.397544 0.160088 0.396777 0.160088 0.396009 0.158991 0.395242
0 0.765351 0.394474 0.764254 0.395242 0.765351 0.395242
0 0.599781 0.38987 0.598684 0.390637 0.599781 0.390637
0 0.580044 0.389102 0.580044 0.38987 0.582237 0.38987 0.58114 0.389102
0 0.376096 0.389102 0.375 0.38987 0.376096 0.390637 0.377193 0.390637 0.377193 0.389102
0 0.461623 0.388335 0.462719 0.389102 0.462719 0.392172 0.463816 0.392939 0.463816 0.394474 0.467105 0.396777 0.470395 0.396777 0.470395 0.395242 0.467105 0.392939 0.467105 0.392172 0.466009 0.391404 0.466009 0.38987 0.464912 0.389102 0.463816 0.389102 0.462719 0.388335
0 0.357456 0.387567 0.357456 0.388335 0.35636 0.389102 0.35636 0.391404 0.355263 0.392172 0.355263 0.393707 0.35636 0.394474 0.357456 0.393707 0.357456 0.392939 0.358553 0.392172 0.358553 0.391404 0.357456 0.390637
0 0.239035 0.38373 0.239035 0.384497 0.240132 0.385265 0.240132 0.386032 0.240132 0.384497
0 0.199561 0.376055 0.199561 0.376823 0.200658 0.37759 0.201754 0.37759 0.201754 0.376823 0.200658 0.376055
0 0.373904 0.37452 0.375 0.375288 0.375 0.37759 0.376096 0.378358 0.376096 0.379125 0.377193 0.379893 0.377193 0.37759 0.376096 0.376823 0.376096 0.375288 0.375 0.37452
0 0.348684 0.370683 0.348684 0.37145 0.35307 0.37452 0.354167 0.37452 0.35307 0.373753 0.35307 0.372985 0.349781 0.370683
0 0.372807 0.369148 0.372807 0.369916 0.373904 0.370683 0.373904 0.369148
0 0.20943 0.366846 0.210526 0.367613 0.210526 0.366846
0 0.453947 0.360706 0.452851 0.361474 0.453947 0.362241 0.455044 0.362241 0.455044 0.361474
0 0.434211 0.359171 0.434211 0.359939 0.435307 0.360706 0.435307 0.359171
0 0.194079 0.350729 0.194079 0.351497 0.195175 0.352264 0.196272 0.352264 0.199561 0.354566 0.200658 0.354566 0.202851 0.356101 0.203947 0.356101 0.199561 0.353031 0.198465 0.353031 0.197368 0.352264 0.196272 0.352264
0 0.54386 0.347659 0.54386 0.348427 0.542763 0.349194 0.542763 0.349962 0.541667 0.350729 0.54057 0.350729 0.54057 0.351497 0.539474 0.352264 0.539474 0.353031 0.54057 0.353031 0.542763 0.351497 0.542763 0.349962 0.54386 0.349194
0 0.23136 0.343822 0.232456 0.344589 0.232456 0.345357 0.233553 0.346124 0.233553 0.347659 0.235746 0.349194 0.235746 0.349962 0.237939 0.351497 0.237939 0.352264 0.244518 0.356869 0.244518 0.359171 0.245614 0.359171 0.245614 0.358404 0.244518 0.357636 0.244518 0.356101 0.242325 0.354566 0.242325 0.353799 0.235746 0.349194 0.235746 0.348427 0.234649 0.347659 0.234649 0.346892 0.233553 0.346124 0.233553 0.345357
0 0.656798 0.339985 0.656798 0.340752 0.657895 0.339985
0 0.214912 0.324635 0.214912 0.32924 0.217105 0.330775 0.217105 0.331543 0.219298 0.333078 0.219298 0.333845 0.221491 0.33538 0.221491 0.334612 0.219298 0.333078 0.219298 0.33231 0.217105 0.330775 0.217105 0.330008 0.216009 0.32924 0.216009 0.32617 0.214912 0.325403
0 0.299342 0.28396 0.301535 0.285495 0.301535 0.286262 0.301535 0.284728 0.300439 0.28396
0 0.616228 0.266309 0.615132 0.267076 0.616228 0.267843 0.619518 0.267843 0.619518 0.266309
0 0.502193 0.231005 0.502193 0.231773 0.501096 0.23254 0.501096 0.23868 0.504386 0.240982 0.504386 0.242517 0.503289 0.243285 0.503289 0.246355 0.504386 0.247122 0.504386 0.257866 0.505482 0.258634 0.505482 0.260936 0.506579 0.261704 0.506579 0.264774 0.507675 0.265541 0.507675 0.267843 0.508772 0.268611 0.508772 0.275518 0.508772 0.274751 0.509868 0.273983 0.509868 0.273216 0.513158 0.270913 0.512061 0.270146 0.512061 0.269378 0.510965 0.268611 0.510965 0.267076 0.509868 0.266309 0.509868 0.264774 0.508772 0.264006 0.508772 0.263239 0.507675 0.262471 0.507675 0.261704 0.506579 0.260936 0.506579 0.255564 0.505482 0.254797 0.505482 0.237913 0.504386 0.237145 0.504386 0.23561 0.503289 0.234843 0.503289 0.231773
0 0.66886 0.224098 0.667763 0.224866 0.667763 0.227168 0.66886 0.227936 0.66886 0.228703 0.671053 0.230238 0.673246 0.230238 0.674342 0.22947 0.674342 0.228703 0.672149 0.227168 0.672149 0.226401
0 0.487939 0.223331 0.487939 0.224098 0.489035 0.224098 0.489035 0.223331
0 0.735746 0.217191 0.735746 0.217959 0.736842 0.217959 0.736842 0.217191
0 0.679825 0.207982 0.678728 0.208749 0.677632 0.208749 0.675439 0.210284 0.675439 0.211051 0.673246 0.212586 0.674342 0.213354 0.674342 0.214121 0.675439 0.214121 0.676535 0.213354 0.676535 0.211819 0.678728 0.210284 0.679825 0.210284 0.680921 0.209517 0.680921 0.207982
0 0.495614 0.188028 0.495614 0.188795 0.494518 0.189563 0.494518 0.202609 0.495614 0.203377 0.495614 0.205679 0.496711 0.206447 0.496711 0.211819 0.497807 0.212586 0.497807 0.213354 0.498904 0.214121 0.498904 0.214889 0.5 0.214121 0.5 0.212586 0.502193 0.211051 0.502193 0.203377 0.501096 0.203377 0.5 0.202609 0.5 0.201842 0.498904 0.201074 0.498904 0.19954 0.497807 0.198772 0.497807 0.198005 0.496711 0.197237 0.497807 0.19647 0.497807 0.191097 0.496711 0.19033 0.496711 0.188795
0 0.486842 0.171911 0.485746 0.172678 0.485746 0.173446 0.487939 0.174981 0.490132 0.174981 0.490132 0.174213 0.489035 0.173446 0.489035 0.172678 0.487939 0.171911
0 0.696272 0.170376 0.696272 0.171911 0.697368 0.172678 0.698465 0.171911 0.698465 0.171144 0.697368 0.170376
0 0.586623 0.167306 0.583333 0.169609 0.583333 0.172678 0.58443 0.173446 0.58443 0.174213 0.585526 0.174981 0.585526 0.175748 0.589912 0.178818 0.591009 0.178818 0.592105 0.178051 0.594298 0.178051 0.595395 0.177283 0.596491 0.177283 0.598684 0.175748 0.598684 0.174981 0.599781 0.174213 0.599781 0.172678 0.600877 0.171911 0.600877 0.168841 0.599781 0.168074 0.598684 0.168074 0.597588 0.167306
0 0.694079 0.146585 0.691886 0.14812 0.691886 0.148887 0.694079 0.148887 0.694079 0.14812 0.696272 0.146585
0 0.596491 0.13891 0.596491 0.139678 0.595395 0.140445 0.595395 0.142748 0.597588 0.144282 0.597588 0.147352 0.598684 0.14812 0.598684 0.151957 0.599781 0.152724 0.60307 0.152724 0.604167 0.153492 0.605263 0.152724 0.605263 0.149655 0.604167 0.148887 0.604167 0.14812 0.599781 0.14505 0.599781 0.139678 0.598684 0.139678 0.597588 0.13891
0 0.432018 0.13584 0.432018 0.136608 0.433114 0.137375 0.434211 0.137375 0.434211 0.13584
0 0.567982 0.124328 0.566886 0.125096 0.564693 0.125096 0.564693 0.125863 0.563596 0.126631 0.563596 0.130468 0.565789 0.132003 0.565789 0.132771 0.567982 0.134305 0.567982 0.13584 0.577851 0.142748 0.577851 0.143515 0.578947 0.142748 0.578947 0.13891 0.577851 0.138143 0.577851 0.135073 0.576754 0.134305 0.576754 0.131236 0.575658 0.130468 0.575658 0.128166 0.574561 0.127398 0.574561 0.126631 0.572368 0.125096 0.569079 0.125096
0 0.565789 0.110514 0.565789 0.111282 0.564693 0.112049 0.564693 0.113584 0.565789 0.114351 0.565789 0.115886 0.567982 0.115886 0.567982 0.115119 0.569079 0.114351 0.569079 0.113584 0.567982 0.112817 0.567982 0.112049
0 0.582237 0.103607 0.58114 0.104375 0.58114 0.106677 0.582237 0.106677
0 0.598684 0.0844206 0.596491 0.0859555 0.599781 0.0859555 0.600877 0.085188 0.601974 0.085188 0.601974 0.0844206
