0 0.219298 0.815042 0.220395 0.81581 0.220395 0.815042
0 0.185307 0.772064 0.184211 0.772832 0.184211 0.774367 0.185307 0.775134 0.186404 0.775134 0.1875 0.775902 0.188596 0.775134 0.189693 0.775134 0.189693 0.773599 0.1875 0.772064
0 0.512061 0.765157 0.510965 0.765925 0.509868 0.765925 0.509868 0.766692 0.508772 0.76746 0.507675 0.76746 0.506579 0.768227 0.506579 0.768995 0.502193 0.772064 0.502193 0.772832 0.501096 0.773599 0.501096 0.774367 0.5 0.775134 0.498904 0.775134 0.494518 0.778204 0.492325 0.778204 0.491228 0.778972 0.487939 0.778972 0.486842 0.779739 0.484649 0.779739 0.483553 0.780507 0.482456 0.780507 0.48136 0.779739 0.480263 0.780507 0.47807 0.780507 0.476974 0.779739 0.475877 0.779739 0.475877 0.781274 0.474781 0.782041 0.474781 0.783576 0.475877 0.784344 0.475877 0.785111 0.474781 0.785879 0.474781 0.788949 0.475877 0.789716 0.475877 0.790483 0.476974 0.791251 0.476974 0.792018 0.47807 0.792018 0.479167 0.792786 0.479167 0.793553 0.482456 0.795856 0.482456 0.796623 0.487939 0.80046 0.487939 0.801228 0.490132 0.802763 0.490132 0.80353 0.491228 0.804298 0.491228 0.805833 0.492325 0.8066 0.492325 0.808135 0.493421 0.808135 0.494518 0.808903 0.491228 0.811205 0.485746 0.811205 0.484649 0.811972 0.483553 0.811972 0.482456 0.811205 0.48136 0.811972 0.480263 0.811205 0.470395 0.811205 0.469298 0.811972 0.467105 0.811972 0.466009 0.81274 0.463816 0.81274 0.462719 0.813507 0.457237 0.813507 0.45614 0.814275 0.455044 0.814275 0.453947 0.815042 0.453947 0.817345 0.452851 0.818112 0.452851 0.81888 0.451754 0.819647 0.450658 0.819647 0.450658 0.821182 0.449561 0.821949 0.449561 0.828089 0.448465 0.828856 0.448465 0.829624 0.449561 0.830391 0.448465 0.831159 0.448465 0.833461 0.447368 0.834229 0.447368 0.834996 0.446272 0.835764 0.446272 0.840368 0.445175 0.841136 0.445175 0.854183 0.444079 0.85495 0.444079 0.860322 0.445175 0.86109 0.445175 0.862625 0.446272 0.863392 0.446272 0.865695 0.448465 0.867229 0.448465 0.867997 0.450658 0.869532 0.450658 0.871834 0.451754 0.871834 0.455044 0.874137 0.455044 0.875672 0.45614 0.875672 0.457237 0.876439 0.460526 0.876439 0.462719 0.877974 0.467105 0.877974 0.468202 0.878741 0.473684 0.878741 0.474781 0.877974 0.48136 0.877974 0.48136 0.877206 0.484649 0.874904 0.485746 0.874904 0.489035 0.872602 0.489035 0.871834 0.506579 0.859555 0.506579 0.85802 0.507675 0.857252 0.507675 0.856485 0.510965 0.854183 0.510965 0.85188 0.512061 0.851113 0.512061 0.850345 0.513158 0.849578 0.513158 0.84881 0.515351 0.847276 0.515351 0.846508 0.516447 0.845741 0.516447 0.844206 0.517544 0.843438 0.517544 0.841903 0.516447 0.841136 0.516447 0.840368 0.517544 0.839601 0.516447 0.838833 0.516447 0.838066 0.517544 0.837299 0.517544 0.828089 0.516447 0.827322 0.516447 0.825019 0.515351 0.824252 0.515351 0.822717 0.514254 0.821949 0.514254 0.820414 0.512061 0.81888 0.512061 0.818112 0.508772 0.818112 0.506579 0.816577 0.506579 0.81581 0.508772 0.814275 0.510965 0.81581 0.513158 0.81581 0.514254 0.816577 0.514254 0.817345 0.516447 0.817345 0.519737 0.815042 0.519737 0.814275 0.520833 0.813507 0.520833 0.81274 0.519737 0.811972 0.519737 0.80967 0.520833 0.808903 0.520833 0.808135 0.52193 0.807368 0.523026 0.807368 0.523026 0.796623 0.524123 0.795856 0.524123 0.790483 0.525219 0.789716 0.525219 0.784344 0.526316 0.783576 0.525219 0.782809 0.525219 0.777437 0.524123 0.776669 0.524123 0.775134 0.523026 0.774367 0.523026 0.772064 0.52193 0.771297 0.52193 0.769762 0.520833 0.768995 0.520833 0.768227 0.517544 0.765925 0.517544 0.765157
0 0.16886 0.76439 0.167763 0.765157 0.166667 0.765157 0.16557 0.765925 0.16557 0.768995 0.167763 0.768995 0.16886 0.768227 0.16886 0.76746 0.169956 0.766692 0.169956 0.765157
0 0.137061 0.759018 0.137061 0.759785 0.138158 0.759785 0.138158 0.759018
0 0.177632 0.757483 0.177632 0.759018 0.179825 0.760553 0.183114 0.760553 0.183114 0.759785 0.179825 0.757483
0 0.233553 0.745203 0.232456 0.745971 0.232456 0.749808 0.235746 0.749808 0.236842 0.749041 0.237939 0.749041 0.239035 0.748273 0.237939 0.747506 0.237939 0.746738 0.236842 0.746738 0.235746 0.745971 0.234649 0.745971
0 0.130482 0.735994 0.131579 0.736761 0.132675 0.736761 0.132675 0.735994
0 0.120614 0.707598 0.120614 0.708365 0.121711 0.708365
0 0.298246 0.687644 0.294956 0.689946 0.294956 0.690714 0.296053 0.690714 0.296053 0.689946 0.298246 0.688411 0.299342 0.688411
0 0.593202 0.682272 0.593202 0.684574 0.594298 0.685342 0.595395 0.685342 0.595395 0.683807
0 0.557018 0.674597 0.555921 0.675365 0.557018 0.676132 0.557018 0.676899 0.558114 0.676899 0.559211 0.676132 0.558114 0.675365 0.558114 0.674597
0 0.309211 0.67383 0.309211 0.675365 0.311404 0.675365 0.311404 0.674597 0.310307 0.67383
0 0.0921053 0.665388 0.0910088 0.666155 0.0910088 0.666922 0.0932018 0.666922 0.0932018 0.666155
0 0.0855263 0.665388 0.0844298 0.666155 0.0844298 0.666922 0.0855263 0.666922 0.0877193 0.665388
0 0.513158 0.66155 0.513158 0.662318 0.514254 0.66155
0 0.741228 0.645434 0.741228 0.646201 0.743421 0.646201 0.744518 0.646969 0.746711 0.646969 0.747807 0.647736 0.748904 0.647736 0.752193 0.650038 0.753289 0.650038 0.753289 0.648503 0.752193 0.648503 0.751096 0.647736 0.75 0.647736 0.747807 0.646201 0.744518 0.646201 0.743421 0.645434
0 0.54057 0.641596 0.54057 0.643131 0.541667 0.643899 0.541667 0.644666 0.542763 0.645434 0.542763 0.646201 0.54386 0.646201 0.54386 0.645434 0.542763 0.644666 0.542763 0.643131
0 0.504386 0.641596 0.504386 0.643131 0.505482 0.642364 0.505482 0.641596
0 0.127193 0.641596 0.125 0.643131 0.125 0.646201 0.127193 0.647736 0.129386 0.647736 0.129386 0.646969 0.130482 0.646201 0.129386 0.645434 0.129386 0.643131 0.128289 0.642364 0.128289 0.641596
0 0.0997807 0.636992 0.0997807 0.637759 0.100877 0.638526 0.101974 0.638526 0.101974 0.637759 0.100877 0.636992
0 0.530702 0.636224 0.529605 0.636992 0.530702 0.637759 0.530702 0.638526 0.531798 0.638526 0.532895 0.637759 0.532895 0.636992 0.531798 0.636224
0 0.127193 0.635457 0.126096 0.636224 0.126096 0.637759 0.127193 0.638526 0.129386 0.636992 0.129386 0.636224 0.128289 0.635457
0 0.115132 0.634689 0.114035 0.635457 0.114035 0.636224 0.117325 0.636224 0.118421 0.635457 0.117325 0.634689
0 0.355263 0.633154 0.350877 0.636224 0.350877 0.636992 0.348684 0.638526 0.348684 0.640061 0.347588 0.640829 0.347588 0.641596 0.346491 0.642364 0.346491 0.647736 0.347588 0.648503 0.347588 0.650806 0.348684 0.651573 0.348684 0.653876 0.349781 0.654643 0.349781 0.657713 0.350877 0.65848 0.350877 0.660015 0.351974 0.660783 0.351974 0.662318 0.35307 0.663085 0.35307 0.663853 0.354167 0.66462 0.354167 0.665388 0.35636 0.666922 0.35636 0.66769 0.357456 0.66769 0.358553 0.668457 0.359649 0.668457 0.360746 0.66769 0.360746 0.666922 0.361842 0.666155 0.361842 0.66462 0.362939 0.663853 0.362939 0.662318 0.364035 0.66155 0.364035 0.660015 0.365132 0.659248 0.365132 0.650038 0.364035 0.649271 0.364035 0.646201 0.362939 0.645434 0.362939 0.642364 0.361842 0.641596 0.361842 0.640829 0.360746 0.640061 0.360746 0.639294 0.359649 0.638526 0.359649 0.636992 0.357456 0.635457 0.357456 0.634689
0 0.649123 0.62855 0.649123 0.630084 0.648026 0.630852 0.648026 0.631619 0.64693 0.632387 0.64693 0.633154 0.649123 0.634689 0.650219 0.634689 0.651316 0.635457 0.652412 0.635457 0.653509 0.636224 0.655702 0.636224 0.655702 0.635457 0.656798 0.634689 0.656798 0.633154 0.657895 0.632387 0.657895 0.630084 0.656798 0.629317 0.655702 0.629317 0.654605 0.62855
0 0.39693 0.627782 0.395833 0.62855 0.395833 0.630084 0.394737 0.630852 0.39364 0.630852 0.39364 0.633154 0.392544 0.633922 0.392544 0.636224 0.390351 0.637759 0.390351 0.641596 0.389254 0.642364 0.389254 0.651573 0.388158 0.652341 0.389254 0.653108 0.388158 0.653876 0.388158 0.656178 0.387061 0.656946 0.387061 0.663085 0.388158 0.663853 0.388158 0.66769 0.387061 0.668457 0.387061 0.669992 0.385965 0.67076 0.385965 0.672295 0.384868 0.673062 0.384868 0.674597 0.383772 0.675365 0.383772 0.680737 0.382675 0.681504 0.382675 0.683039 0.381579 0.683807 0.381579 0.686109 0.380482 0.686876 0.380482 0.687644 0.379386 0.688411 0.379386 0.689179 0.376096 0.691481 0.376096 0.692249 0.375 0.693016 0.375 0.695318 0.373904 0.696086 0.373904 0.696853 0.372807 0.697621 0.372807 0.698388 0.370614 0.699923 0.370614 0.700691 0.369518 0.701458 0.368421 0.701458 0.369518 0.702226 0.369518 0.709133 0.368421 0.7099 0.368421 0.710668 0.370614 0.712203 0.370614 0.71297 0.369518 0.713738 0.369518 0.714505 0.370614 0.714505 0.371711 0.715272 0.371711 0.716807 0.368421 0.71911 0.367325 0.71911 0.366228 0.719877 0.365132 0.71911 0.358553 0.71911 0.357456 0.718342 0.349781 0.718342 0.348684 0.717575 0.345395 0.717575 0.344298 0.718342 0.342105 0.718342 0.341009 0.71911 0.341009 0.719877 0.339912 0.720645 0.339912 0.721412 0.338816 0.72218 0.337719 0.72218 0.337719 0.726784 0.338816 0.727552 0.338816 0.729854 0.339912 0.730622 0.339912 0.731389 0.338816 0.732157 0.338816 0.733691 0.339912 0.734459 0.339912 0.737529 0.341009 0.738296 0.341009 0.741366 0.343202 0.742901 0.343202 0.743668 0.342105 0.744436 0.342105 0.749041 0.344298 0.750576 0.343202 0.751343 0.343202 0.752111 0.344298 0.752878 0.345395 0.752878 0.346491 0.752111 0.347588 0.752878 0.347588 0.75518 0.347588 0.753645 0.348684 0.752878 0.349781 0.752878 0.349781 0.752111 0.348684 0.751343 0.350877 0.749808 0.35307 0.751343 0.35307 0.752111 0.355263 0.752111 0.355263 0.751343 0.35636 0.750576 0.357456 0.751343 0.357456 0.752111 0.358553 0.751343 0.358553 0.750576 0.361842 0.748273 0.364035 0.748273 0.365132 0.747506 0.369518 0.747506 0.370614 0.746738 0.371711 0.746738 0.371711 0.745971 0.375 0.743668 0.375 0.742901 0.377193 0.741366 0.377193 0.739831 0.378289 0.739064 0.378289 0.738296 0.384868 0.733691 0.387061 0.733691 0.394737 0.728319 0.394737 0.727552 0.398026 0.725249 0.399123 0.725249 0.399123 0.724482 0.400219 0.723715 0.400219 0.721412 0.401316 0.720645 0.401316 0.716807 0.402412 0.71604 0.402412 0.715272 0.403509 0.714505 0.403509 0.71297 0.404605 0.712203 0.404605 0.711435 0.405702 0.710668 0.405702 0.708365 0.406798 0.707598 0.406798 0.705295 0.407895 0.704528 0.407895 0.702993 0.408991 0.702226 0.408991 0.700691 0.407895 0.699923 0.407895 0.699156 0.406798 0.698388 0.406798 0.696853 0.407895 0.696086 0.407895 0.695318 0.406798 0.694551 0.407895 0.693784 0.407895 0.691481 0.408991 0.690714 0.408991 0.689946 0.410088 0.689179 0.410088 0.684574 0.411184 0.683807 0.411184 0.683039 0.412281 0.682272 0.412281 0.679202 0.413377 0.678434 0.413377 0.676132 0.414474 0.675365 0.414474 0.67383 0.413377 0.673062 0.413377 0.672295 0.412281 0.671527 0.412281 0.67076 0.411184 0.669992 0.411184 0.663085 0.412281 0.662318 0.412281 0.66155 0.414474 0.660015 0.414474 0.659248 0.413377 0.65848 0.413377 0.656946 0.412281 0.656178 0.412281 0.648503 0.411184 0.647736 0.411184 0.646201 0.410088 0.645434 0.410088 0.644666 0.408991 0.643899 0.408991 0.642364 0.407895 0.641596 0.407895 0.639294 0.406798 0.638526 0.406798 0.635457 0.407895 0.634689 0.407895 0.633922 0.406798 0.633154 0.406798 0.631619 0.405702 0.631619 0.404605 0.630852 0.404605 0.630084 0.402412 0.62855 0.402412 0.627782 0.401316 0.62855 0.398026 0.62855
0 0.654605 0.623945 0.654605 0.62548 0.655702 0.62548 0.656798 0.624712 0.656798 0.623945
0 0.145833 0.601688 0.145833 0.602456 0.14693 0.603223 0.14693 0.602456
0 0.152412 0.574827 0.152412 0.575595 0.153509 0.575595
0 0.382675 0.572525 0.381579 0.573292 0.379386 0.573292 0.377193 0.574827 0.376096 0.574827 0.375 0.575595 0.373904 0.575595 0.373904 0.576362 0.371711 0.577897 0.371711 0.582502 0.372807 0.583269 0.372807 0.584037 0.373904 0.584804 0.373904 0.586339 0.378289 0.589409 0.378289 0.590177 0.379386 0.590944 0.380482 0.590944 0.382675 0.592479 0.383772 0.592479 0.384868 0.593246 0.385965 0.593246 0.387061 0.594014 0.388158 0.594014 0.389254 0.594781 0.394737 0.594781 0.395833 0.595549 0.403509 0.595549 0.404605 0.596316 0.412281 0.596316 0.41557 0.594014 0.414474 0.593246 0.414474 0.590944 0.413377 0.590944 0.412281 0.590177 0.412281 0.589409 0.411184 0.589409 0.410088 0.588642 0.410088 0.587874 0.403509 0.583269 0.403509 0.582502 0.398026 0.578665 0.398026 0.577897 0.39693 0.57713 0.395833 0.57713 0.39364 0.575595 0.39364 0.574827 0.392544 0.57406 0.391447 0.57406 0.389254 0.572525
0 0.158991 0.563315 0.161184 0.56485 0.162281 0.564083 0.162281 0.563315
0 0.0997807 0.563315 0.101974 0.56485 0.10307 0.56485 0.104167 0.565618 0.104167 0.56485 0.101974 0.563315
0 0.740132 0.556408 0.741228 0.557176 0.742325 0.557176 0.742325 0.556408
0 0.722588 0.553338 0.721491 0.554106 0.720395 0.554106 0.719298 0.554873 0.718202 0.554873 0.716009 0.556408 0.714912 0.555641 0.711623 0.555641 0.710526 0.554873 0.705044 0.554873 0.700658 0.557943 0.700658 0.558711 0.699561 0.559478 0.700658 0.560246 0.701754 0.560246 0.702851 0.561013 0.70614 0.561013 0.707237 0.561781 0.713816 0.561781 0.714912 0.561013 0.714912 0.559478 0.716009 0.558711 0.716009 0.557943 0.718202 0.556408 0.719298 0.556408 0.720395 0.555641 0.721491 0.556408 0.726974 0.556408 0.726974 0.555641 0.72807 0.554873 0.72807 0.553338
0 0.735746 0.551804 0.735746 0.552571 0.736842 0.552571 0.737939 0.553338 0.739035 0.552571 0.737939 0.552571 0.736842 0.551804
0 0.705044 0.533384 0.701754 0.535687 0.701754 0.536454 0.700658 0.537222 0.699561 0.536454 0.698465 0.537222 0.695175 0.537222 0.694079 0.537989 0.694079 0.538757 0.695175 0.539524 0.695175 0.540292 0.696272 0.541059 0.698465 0.541059 0.698465 0.539524 0.700658 0.537989 0.702851 0.537989 0.703947 0.537222 0.707237 0.537222 0.708333 0.536454 0.70943 0.536454 0.70943 0.535687 0.710526 0.534919 0.710526 0.534152 0.70943 0.534152 0.708333 0.533384
0 0.404605 0.5165 0.403509 0.517268 0.403509 0.51957 0.404605 0.520338 0.405702 0.520338 0.406798 0.51957 0.408991 0.51957 0.408991 0.518035 0.407895 0.517268 0.407895 0.5165
0 0.702851 0.514965 0.702851 0.517268 0.705044 0.518803 0.705044 0.521105 0.70614 0.521873 0.70614 0.52264 0.708333 0.52264 0.708333 0.51957 0.707237 0.518803 0.707237 0.5165 0.70614 0.515733 0.70614 0.514965
0 0.66886 0.508058 0.667763 0.508826 0.667763 0.509593 0.666667 0.510361 0.666667 0.511128 0.66886 0.512663 0.66886 0.514198 0.669956 0.514965 0.669956 0.515733 0.671053 0.5165 0.672149 0.5165 0.674342 0.518035 0.674342 0.518803 0.675439 0.51957 0.675439 0.520338 0.676535 0.521105 0.676535 0.524942 0.677632 0.52571 0.677632 0.527245 0.678728 0.528012 0.679825 0.528012 0.680921 0.52878 0.680921 0.529547 0.682018 0.530315 0.682018 0.531082 0.683114 0.53185 0.683114 0.532617 0.686404 0.534919 0.689693 0.534919 0.690789 0.534152 0.692982 0.534152 0.694079 0.533384 0.694079 0.532617 0.695175 0.53185 0.695175 0.531082 0.694079 0.530315 0.694079 0.529547 0.692982 0.52878 0.692982 0.520338 0.690789 0.518803 0.688596 0.518803 0.6875 0.518035 0.686404 0.518035 0.685307 0.517268 0.684211 0.517268 0.683114 0.5165 0.682018 0.5165 0.680921 0.515733 0.680921 0.514965 0.677632 0.512663 0.678728 0.511896 0.677632 0.511128 0.677632 0.510361 0.675439 0.508826 0.675439 0.508058
0 0.110746 0.501151 0.112939 0.502686 0.111842 0.503454 0.112939 0.504221 0.115132 0.504221 0.116228 0.504988 0.119518 0.504988 0.121711 0.506523 0.122807 0.506523 0.127193 0.509593 0.128289 0.509593 0.129386 0.510361 0.132675 0.510361 0.132675 0.509593 0.131579 0.508826 0.128289 0.508826 0.127193 0.508058 0.126096 0.508058 0.123904 0.506523 0.122807 0.506523 0.120614 0.504988 0.119518 0.504988 0.118421 0.504221 0.117325 0.504221 0.116228 0.503454 0.115132 0.503454 0.111842 0.501151
0 0.323465 0.497314 0.323465 0.498081 0.324561 0.498849 0.324561 0.500384 0.332237 0.505756 0.333333 0.505756 0.335526 0.507291 0.336623 0.507291 0.338816 0.508826 0.339912 0.508826 0.344298 0.511896 0.344298 0.512663 0.345395 0.513431 0.345395 0.514198 0.347588 0.515733 0.348684 0.515733 0.350877 0.517268 0.350877 0.518035 0.351974 0.518803 0.351974 0.51957 0.35307 0.51957 0.354167 0.520338 0.355263 0.520338 0.358553 0.52264 0.358553 0.523408 0.360746 0.524942 0.369518 0.524942 0.370614 0.52571 0.377193 0.52571 0.376096 0.524942 0.376096 0.521873 0.375 0.521105 0.375 0.520338 0.373904 0.51957 0.372807 0.51957 0.371711 0.518803 0.370614 0.518803 0.369518 0.518035 0.367325 0.518035 0.365132 0.5165 0.364035 0.5165 0.362939 0.515733 0.362939 0.514965 0.361842 0.514965 0.357456 0.511896 0.35636 0.511896 0.355263 0.511128 0.354167 0.511128 0.35307 0.510361 0.351974 0.510361 0.346491 0.506523 0.346491 0.505756 0.339912 0.501151 0.338816 0.501919 0.336623 0.501919 0.33443 0.500384 0.333333 0.500384 0.330044 0.498081 0.327851 0.498081 0.326754 0.497314
0 0.723684 0.491942 0.722588 0.492709 0.721491 0.492709 0.720395 0.493477 0.720395 0.494244 0.719298 0.495012 0.719298 0.498081 0.721491 0.499616 0.722588 0.499616 0.723684 0.500384 0.725877 0.500384 0.729167 0.498081 0.729167 0.495012 0.725877 0.492709 0.724781 0.492709
0 0.735746 0.485802 0.735746 0.486569 0.736842 0.486569 0.737939 0.487337 0.739035 0.486569 0.737939 0.485802
0 0.341009 0.481965 0.339912 0.482732 0.339912 0.484267 0.338816 0.485035 0.339912 0.485802 0.339912 0.493477 0.342105 0.495012 0.343202 0.495012 0.345395 0.493477 0.345395 0.492709 0.346491 0.491942 0.346491 0.486569 0.345395 0.485802 0.345395 0.484267 0.342105 0.481965
0 0.142544 0.481197 0.140351 0.482732 0.140351 0.488872 0.139254 0.489639 0.139254 0.490407 0.140351 0.491174 0.140351 0.492709 0.141447 0.492709 0.142544 0.491942 0.142544 0.488872 0.141447 0.488104 0.14364 0.486569 0.14364 0.485802 0.142544 0.485035 0.144737 0.4835 0.144737 0.482732 0.14364 0.481965 0.14364 0.481197
0 0.763158 0.473523 0.760965 0.475058 0.758772 0.475058 0.757675 0.475825 0.756579 0.475825 0.755482 0.476592 0.759868 0.476592 0.760965 0.475825 0.762061 0.475825 0.764254 0.47429 0.764254 0.473523
0 0.410088 0.471988 0.410088 0.472755 0.411184 0.472755 0.411184 0.471988
0 0.341009 0.466616 0.341009 0.46815 0.342105 0.468918 0.343202 0.468918 0.343202 0.466616
0 0.560307 0.460476 0.560307 0.463546 0.561404 0.464313 0.5625 0.464313 0.564693 0.462778 0.564693 0.462011 0.5625 0.460476
0 0.582237 0.456639 0.582237 0.458941 0.58443 0.458941 0.58443 0.456639
0 0.654605 0.453569 0.652412 0.455104 0.652412 0.455871 0.651316 0.456639 0.653509 0.458173 0.655702 0.458173 0.656798 0.458941 0.657895 0.458941 0.660088 0.457406 0.661184 0.457406 0.662281 0.456639 0.662281 0.455104 0.660088 0.453569
0 0.520833 0.450499 0.51864 0.452034 0.51864 0.455104 0.517544 0.455871 0.517544 0.463546 0.51864 0.464313 0.51864 0.465081 0.519737 0.465848 0.519737 0.466616 0.520833 0.467383 0.520833 0.468918 0.52193 0.469685 0.52193 0.470453 0.520833 0.47122 0.520833 0.471988 0.517544 0.47429 0.515351 0.47429 0.513158 0.475825 0.509868 0.475825 0.508772 0.475058 0.507675 0.475825 0.506579 0.475825 0.505482 0.476592 0.504386 0.476592 0.503289 0.47736 0.503289 0.478127 0.502193 0.478895 0.502193 0.479662 0.501096 0.48043 0.501096 0.481965 0.5 0.482732 0.5 0.485035 0.498904 0.485802 0.498904 0.488104 0.5 0.488872 0.5 0.489639 0.498904 0.490407 0.498904 0.491174 0.497807 0.491942 0.497807 0.492709 0.496711 0.493477 0.496711 0.494244 0.497807 0.495012 0.496711 0.495779 0.497807 0.496546 0.496711 0.497314 0.496711 0.499616 0.495614 0.500384 0.496711 0.501151 0.496711 0.505756 0.497807 0.506523 0.497807 0.507291 0.502193 0.510361 0.503289 0.510361 0.504386 0.509593 0.505482 0.510361 0.507675 0.508826 0.507675 0.508058 0.508772 0.507291 0.509868 0.507291 0.510965 0.506523 0.510965 0.504988 0.512061 0.504221 0.512061 0.503454 0.513158 0.502686 0.513158 0.501151 0.514254 0.500384 0.514254 0.498081 0.515351 0.497314 0.515351 0.493477 0.516447 0.492709 0.516447 0.490407 0.517544 0.489639 0.517544 0.485802 0.51864 0.485035 0.51864 0.4835 0.519737 0.482732 0.519737 0.478895 0.520833 0.478127 0.520833 0.47736 0.525219 0.47429 0.525219 0.473523 0.524123 0.472755 0.524123 0.471988 0.525219 0.47122 0.524123 0.470453 0.524123 0.468918 0.525219 0.46815 0.525219 0.461243 0.524123 0.460476 0.524123 0.459708 0.525219 0.458941 0.525219 0.454336 0.524123 0.453569 0.524123 0.452034 0.52193 0.450499
0 0.566886 0.445894 0.566886 0.446662 0.567982 0.446662 0.567982 0.445894
0 0.426535 0.445894 0.425439 0.446662 0.427632 0.446662
0 0.479167 0.443592 0.47807 0.444359 0.476974 0.444359 0.474781 0.445894 0.474781 0.448196 0.475877 0.448964 0.475877 0.451266 0.474781 0.452034 0.474781 0.453569 0.473684 0.454336 0.473684 0.455871 0.472588 0.456639 0.472588 0.457406 0.471491 0.458173 0.471491 0.459708 0.470395 0.460476 0.470395 0.461243 0.469298 0.462011 0.469298 0.462778 0.468202 0.463546 0.468202 0.464313 0.469298 0.465081 0.468202 0.465848 0.468202 0.468918 0.467105 0.469685 0.467105 0.470453 0.464912 0.471988 0.464912 0.472755 0.466009 0.473523 0.466009 0.47429 0.467105 0.475058 0.467105 0.475825 0.470395 0.475825 0.471491 0.476592 0.472588 0.475825 0.475877 0.475825 0.476974 0.475058 0.47807 0.475058 0.47807 0.473523 0.479167 0.472755 0.479167 0.47122 0.47807 0.470453 0.47807 0.468918 0.479167 0.46815 0.479167 0.462778 0.480263 0.462011 0.480263 0.460476 0.479167 0.459708 0.48136 0.458173 0.48136 0.454336 0.480263 0.453569 0.480263 0.450499 0.48136 0.449731 0.48136 0.445894 0.482456 0.445127 0.482456 0.444359 0.48136 0.443592
0 0.525219 0.438987 0.525219 0.440522 0.526316 0.440522 0.526316 0.439754
0 0.516447 0.423638 0.516447 0.425173 0.515351 0.42594 0.515351 0.42901 0.514254 0.429777 0.514254 0.432847 0.515351 0.433615 0.514254 0.434382 0.515351 0.43515 0.514254 0.435917 0.514254 0.436685 0.515351 0.437452 0.515351 0.439754 0.516447 0.440522 0.516447 0.441289 0.517544 0.442057 0.517544 0.442824 0.519737 0.444359 0.52193 0.444359 0.52193 0.443592 0.520833 0.442824 0.520833 0.438987 0.519737 0.438219 0.519737 0.437452 0.51864 0.436685 0.51864 0.435917 0.519737 0.43515 0.519737 0.433615 0.517544 0.43208 0.516447 0.432847 0.515351 0.432847 0.514254 0.43208 0.516447 0.430545 0.516447 0.429777 0.515351 0.42901 0.516447 0.428243 0.517544 0.428243 0.51864 0.42901 0.51864 0.424405 0.517544 0.423638
0 0.458333 0.415963 0.458333 0.416731 0.457237 0.417498 0.457237 0.418266 0.45614 0.419033 0.458333 0.420568 0.458333 0.421335 0.45943 0.422103 0.460526 0.422103 0.461623 0.42287 0.463816 0.42287 0.464912 0.422103 0.466009 0.422103 0.467105 0.421335 0.467105 0.4198 0.466009 0.419033 0.466009 0.418266 0.463816 0.416731 0.461623 0.416731 0.460526 0.415963
0 0.406798 0.414428 0.406798 0.415196 0.407895 0.415963 0.408991 0.415963 0.408991 0.415196 0.407895 0.414428
0 0.163377 0.405219 0.164474 0.405986 0.164474 0.405219
0 0.438596 0.400614 0.438596 0.401381 0.441886 0.403684 0.444079 0.403684 0.445175 0.402916 0.445175 0.402149 0.442982 0.400614
0 0.561404 0.399847 0.561404 0.400614 0.559211 0.402149 0.560307 0.402149 0.561404 0.401381 0.563596 0.401381 0.563596 0.399847
0 0.349781 0.398312 0.348684 0.399079 0.348684 0.401381 0.350877 0.401381 0.351974 0.400614 0.35307 0.400614 0.351974 0.399847 0.351974 0.399079 0.350877 0.399079
0 0.373904 0.396009 0.373904 0.397544 0.376096 0.399079 0.376096 0.396777 0.375 0.396009
0 0.248904 0.395242 0.248904 0.396009 0.251096 0.397544 0.252193 0.397544
0 0.596491 0.393707 0.596491 0.394474 0.597588 0.394474 0.597588 0.393707
0 0.474781 0.392939 0.474781 0.396777 0.475877 0.397544 0.475877 0.398312 0.476974 0.399079 0.476974 0.399847 0.47807 0.400614 0.47807 0.402149 0.479167 0.402916 0.479167 0.404451 0.480263 0.405219 0.480263 0.405986 0.48136 0.406754 0.48136 0.408289 0.484649 0.408289 0.485746 0.407521 0.485746 0.405986 0.489035 0.403684 0.490132 0.403684 0.492325 0.402149 0.492325 0.401381 0.491228 0.400614 0.491228 0.399847 0.490132 0.399847 0.486842 0.397544 0.485746 0.397544 0.484649 0.396777 0.483553 0.396777 0.479167 0.393707 0.476974 0.393707 0.475877 0.392939
0 0.577851 0.390637 0.577851 0.392172 0.580044 0.392172 0.578947 0.392172 0.577851 0.391404 0.578947 0.390637 0.580044 0.390637
0 0.162281 0.387567 0.163377 0.388335 0.163377 0.389102 0.164474 0.389102 0.163377 0.388335 0.163377 0.387567
0 0.458333 0.384497 0.45943 0.385265 0.45943 0.386032 0.460526 0.3868 0.460526 0.387567 0.464912 0.390637 0.466009 0.390637 0.467105 0.391404 0.468202 0.391404 0.467105 0.390637 0.467105 0.38987 0.466009 0.389102 0.466009 0.388335 0.462719 0.386032 0.461623 0.386032 0.45943 0.384497
0 0.205044 0.38066 0.205044 0.381427 0.20614 0.382195 0.207237 0.382195 0.207237 0.381427 0.20614 0.38066
0 0.373904 0.372218 0.373904 0.372985 0.375 0.372985
0 0.532895 0.367613 0.532895 0.368381 0.531798 0.369148 0.531798 0.370683 0.532895 0.37145 0.532895 0.372218 0.531798 0.372985 0.532895 0.373753 0.532895 0.37145 0.533991 0.370683 0.533991 0.368381
0 0.342105 0.367613 0.342105 0.368381 0.343202 0.368381 0.344298 0.369148 0.345395 0.369148 0.343202 0.367613
0 0.203947 0.366846 0.203947 0.367613 0.205044 0.367613 0.205044 0.366846
0 0.25 0.363776 0.255482 0.367613 0.254386 0.366846 0.254386 0.365311 0.252193 0.363776
0 0.211623 0.359171 0.211623 0.359939 0.212719 0.360706 0.212719 0.361474 0.214912 0.363008 0.214912 0.363776 0.216009 0.364543 0.216009 0.366846 0.218202 0.368381 0.218202 0.370683 0.219298 0.37145 0.219298 0.372218 0.220395 0.372985 0.220395 0.37452 0.221491 0.375288 0.221491 0.37759 0.222588 0.378358 0.222588 0.379893 0.223684 0.38066 0.223684 0.381427 0.224781 0.382195 0.224781 0.382962 0.225877 0.38373 0.225877 0.384497 0.233553 0.38987 0.233553 0.390637 0.235746 0.392172 0.235746 0.392939 0.236842 0.393707 0.236842 0.394474 0.237939 0.395242 0.237939 0.396009 0.239035 0.396777 0.239035 0.397544 0.240132 0.398312 0.242325 0.398312 0.242325 0.396777 0.240132 0.395242 0.240132 0.394474 0.237939 0.392939 0.237939 0.392172 0.236842 0.391404 0.236842 0.390637 0.235746 0.38987 0.235746 0.389102 0.233553 0.387567 0.232456 0.387567 0.23136 0.3868 0.23136 0.386032 0.229167 0.384497 0.229167 0.38373 0.22807 0.382962 0.22807 0.382195 0.226974 0.381427 0.226974 0.38066 0.225877 0.379893 0.225877 0.379125 0.224781 0.378358 0.224781 0.37759 0.223684 0.376823 0.223684 0.375288 0.222588 0.37452 0.222588 0.373753 0.221491 0.372985 0.221491 0.370683 0.219298 0.369148 0.219298 0.368381 0.218202 0.367613 0.218202 0.366846 0.217105 0.366078 0.217105 0.365311 0.216009 0.364543 0.216009 0.363776 0.214912 0.363008 0.214912 0.362241 0.212719 0.360706 0.212719 0.359939
0 0.436404 0.358404 0.436404 0.360706 0.4375 0.360706 0.4375 0.358404
0 0.450658 0.34152 0.450658 0.344589 0.451754 0.345357 0.451754 0.347659 0.452851 0.348427 0.452851 0.351497 0.453947 0.352264 0.453947 0.353031 0.452851 0.353799 0.452851 0.354566 0.451754 0.355334 0.451754 0.356869 0.452851 0.357636 0.452851 0.358404 0.453947 0.358404 0.453947 0.356869 0.455044 0.356101 0.453947 0.356101 0.452851 0.355334 0.452851 0.353799 0.453947 0.353031 0.453947 0.349962 0.452851 0.349194 0.452851 0.346892 0.451754 0.346124 0.451754 0.343822 0.450658 0.343054
0 0.29386 0.273983 0.29386 0.275518 0.294956 0.276285 0.294956 0.273983
0 0.510965 0.272448 0.508772 0.273983 0.508772 0.274751 0.507675 0.275518 0.507675 0.276285 0.506579 0.277053 0.506579 0.27782 0.505482 0.278588 0.505482 0.28089 0.506579 0.281658 0.506579 0.282425 0.505482 0.283193 0.506579 0.28396 0.506579 0.293937 0.507675 0.294705 0.507675 0.296239 0.505482 0.297774 0.505482 0.299309 0.504386 0.300077 0.504386 0.300844 0.502193 0.302379 0.502193 0.303914 0.501096 0.304682 0.501096 0.309286 0.502193 0.310054 0.502193 0.309286 0.503289 0.308519 0.504386 0.308519 0.504386 0.307751 0.506579 0.306216 0.506579 0.305449 0.507675 0.304682 0.507675 0.303914 0.508772 0.303147 0.508772 0.302379 0.509868 0.301612 0.509868 0.300844 0.512061 0.299309 0.512061 0.295472 0.513158 0.294705 0.513158 0.28703 0.512061 0.286262 0.512061 0.285495 0.513158 0.284728 0.513158 0.283193 0.512061 0.282425 0.512061 0.280123 0.513158 0.279355 0.512061 0.278588 0.512061 0.277053 0.510965 0.276285 0.510965 0.274751 0.512061 0.273983 0.512061 0.272448
0 0.605263 0.270146 0.604167 0.270913 0.604167 0.271681 0.605263 0.272448 0.60636 0.272448 0.607456 0.271681 0.607456 0.270913 0.608553 0.270146
0 0.663377 0.213354 0.663377 0.218726 0.664474 0.219493 0.664474 0.220261 0.66557 0.220261 0.666667 0.221028 0.666667 0.221796 0.667763 0.221028 0.66886 0.221028 0.66886 0.219493 0.669956 0.218726 0.669956 0.217191 0.671053 0.216424 0.671053 0.215656 0.669956 0.214889 0.66886 0.214889 0.666667 0.213354
0 0.701754 0.211819 0.701754 0.213354 0.702851 0.213354 0.702851 0.212586
0 0.707237 0.184958 0.707237 0.185725 0.708333 0.185725 0.708333 0.184958
0 0.583333 0.169609 0.582237 0.170376 0.58114 0.170376 0.580044 0.171144 0.578947 0.171144 0.577851 0.171911 0.577851 0.172678 0.574561 0.174981 0.574561 0.181888 0.575658 0.182655 0.575658 0.18419 0.576754 0.184958 0.576754 0.185725 0.58114 0.185725 0.58114 0.184958 0.58443 0.182655 0.58443 0.181888 0.587719 0.179586 0.588816 0.179586 0.592105 0.177283 0.592105 0.176516 0.593202 0.175748 0.593202 0.173446 0.592105 0.173446 0.589912 0.171911 0.589912 0.171144 0.588816 0.170376 0.58443 0.170376
0 0.489035 0.168841 0.489035 0.170376 0.490132 0.170376 0.490132 0.168841
0 0.497807 0.168074 0.497807 0.168841 0.496711 0.169609 0.496711 0.170376 0.495614 0.171144 0.495614 0.171911 0.494518 0.172678 0.494518 0.173446 0.493421 0.174213 0.493421 0.175748 0.492325 0.176516 0.492325 0.179586 0.493421 0.180353 0.493421 0.181888 0.495614 0.183423 0.495614 0.178051 0.494518 0.177283 0.494518 0.174981 0.496711 0.173446 0.497807 0.173446 0.498904 0.172678 0.498904 0.169609 0.5 0.168841 0.498904 0.168074
0 0.695175 0.165004 0.694079 0.165771 0.694079 0.166539 0.695175 0.167306 0.695175 0.168074 0.697368 0.169609 0.697368 0.167306 0.696272 0.166539 0.696272 0.165771
0 0.597588 0.154259 0.596491 0.155027 0.596491 0.156562 0.595395 0.157329 0.595395 0.158097 0.597588 0.158097 0.599781 0.156562 0.599781 0.155794 0.598684 0.155027 0.598684 0.154259
0 0.678728 0.148887 0.677632 0.149655 0.678728 0.150422 0.678728 0.15119 0.679825 0.151957 0.680921 0.15119 0.680921 0.150422 0.682018 0.149655 0.680921 0.148887
0 0.433114 0.133538 0.434211 0.134305 0.434211 0.133538
0 0.571272 0.132771 0.571272 0.133538 0.570175 0.134305 0.570175 0.136608 0.571272 0.137375 0.571272 0.13891 0.572368 0.139678 0.572368 0.140445 0.573465 0.141213 0.573465 0.14198 0.574561 0.142748 0.574561 0.145817 0.575658 0.146585 0.575658 0.14812 0.580044 0.15119 0.580044 0.151957 0.586623 0.156562 0.587719 0.156562 0.588816 0.157329 0.589912 0.156562 0.589912 0.15119 0.587719 0.15119 0.585526 0.149655 0.585526 0.14812 0.58443 0.147352 0.58443 0.14505 0.583333 0.144282 0.583333 0.143515 0.582237 0.142748 0.582237 0.140445 0.58114 0.139678 0.58114 0.13891 0.580044 0.138143 0.580044 0.137375 0.577851 0.13584 0.577851 0.135073 0.575658 0.133538 0.574561 0.133538 0.573465 0.132771
0 0.594298 0.132003 0.593202 0.132771 0.593202 0.134305 0.594298 0.135073 0.594298 0.136608 0.595395 0.137375 0.595395 0.138143 0.596491 0.13891 0.598684 0.13891 0.598684 0.13584 0.597588 0.135073 0.597588 0.134305 0.596491 0.133538 0.596491 0.132771 0.595395 0.132003
0 0.652412 0.128166 0.653509 0.128933 0.653509 0.128166
0 0.696272 0.127398 0.695175 0.128166 0.694079 0.128166 0.692982 0.128933 0.692982 0.129701 0.694079 0.129701 0.695175 0.128933 0.696272 0.128933 0.697368 0.128166 0.697368 0.127398
0 0.469298 0.112049 0.468202 0.112817 0.468202 0.114351 0.469298 0.113584
0 0.58114 0.100537 0.58114 0.102072 0.582237 0.10284 0.582237 0.106677 0.583333 0.107444 0.583333 0.108212 0.58443 0.107444 0.583333 0.106677 0.583333 0.104375 0.582237 0.103607 0.582237 0.101305
