0 0.145833 0.817345 0.145833 0.818112 0.14693 0.818112
0 0.135965 0.81274 0.134868 0.813507 0.135965 0.813507
0 0.140351 0.811205 0.140351 0.811972 0.142544 0.811972 0.141447 0.811972
0 0.167763 0.788949 0.166667 0.789716 0.166667 0.791251 0.16557 0.792018 0.16557 0.794321 0.164474 0.795088 0.164474 0.795856 0.16557 0.795856 0.16557 0.795088 0.166667 0.794321 0.166667 0.792786 0.167763 0.792018 0.167763 0.791251 0.16886 0.790483 0.16886 0.788949
0 0.169956 0.781274 0.169956 0.782809 0.172149 0.782809 0.172149 0.781274
0 0.514254 0.778204 0.513158 0.778972 0.512061 0.778972 0.509868 0.780507 0.508772 0.780507 0.505482 0.782809 0.504386 0.782809 0.503289 0.783576 0.501096 0.783576 0.5 0.784344 0.497807 0.784344 0.496711 0.785111 0.495614 0.784344 0.494518 0.784344 0.493421 0.785111 0.487939 0.785111 0.486842 0.784344 0.479167 0.784344 0.471491 0.789716 0.470395 0.789716 0.470395 0.790483 0.469298 0.791251 0.469298 0.792786 0.467105 0.794321 0.467105 0.795856 0.466009 0.796623 0.466009 0.797391 0.464912 0.798158 0.464912 0.798926 0.463816 0.799693 0.463816 0.80046 0.461623 0.801995 0.461623 0.802763 0.460526 0.80353 0.460526 0.804298 0.457237 0.8066 0.457237 0.807368 0.45614 0.808135 0.455044 0.808135 0.455044 0.80967 0.453947 0.810437 0.453947 0.811205 0.455044 0.811972 0.453947 0.81274 0.453947 0.81888 0.452851 0.819647 0.452851 0.822717 0.451754 0.823484 0.450658 0.823484 0.450658 0.834996 0.449561 0.835764 0.449561 0.845741 0.450658 0.846508 0.450658 0.852648 0.451754 0.852648 0.452851 0.853415 0.452851 0.856485 0.453947 0.857252 0.453947 0.85802 0.455044 0.858787 0.455044 0.86109 0.45614 0.86109 0.457237 0.861857 0.457237 0.862625 0.458333 0.863392 0.458333 0.86416 0.45943 0.864927 0.45943 0.865695 0.463816 0.868764 0.464912 0.868764 0.468202 0.871067 0.470395 0.871067 0.471491 0.871834 0.472588 0.871834 0.473684 0.871067 0.476974 0.871067 0.47807 0.870299 0.48136 0.870299 0.482456 0.869532 0.485746 0.869532 0.493421 0.86416 0.494518 0.86416 0.496711 0.862625 0.496711 0.861857 0.506579 0.85495 0.507675 0.85495 0.507675 0.854183 0.508772 0.853415 0.508772 0.852648 0.513158 0.849578 0.513158 0.848043 0.516447 0.845741 0.516447 0.843438 0.517544 0.842671 0.517544 0.841903 0.519737 0.840368 0.519737 0.838833 0.520833 0.838066 0.52193 0.838833 0.52193 0.841136 0.52193 0.837299 0.520833 0.836531 0.52193 0.835764 0.52193 0.834996 0.523026 0.834229 0.523026 0.802763 0.524123 0.801995 0.524123 0.798926 0.525219 0.798158 0.525219 0.788949 0.524123 0.788181 0.524123 0.785111 0.523026 0.784344 0.523026 0.782041 0.52193 0.781274 0.52193 0.780507 0.519737 0.778972 0.517544 0.778972 0.516447 0.778204
0 0.191886 0.769762 0.190789 0.77053 0.188596 0.77053 0.185307 0.772832 0.1875 0.774367 0.192982 0.774367 0.195175 0.772832 0.195175 0.772064
0 0.174342 0.762087 0.173246 0.762855 0.172149 0.762855 0.172149 0.76439 0.176535 0.76439 0.176535 0.762855 0.175439 0.762855
0 0.262061 0.759785 0.263158 0.760553 0.263158 0.76132 0.263158 0.759785
0 0.182018 0.75825 0.182018 0.759785 0.183114 0.760553 0.185307 0.760553 0.186404 0.759785 0.186404 0.759018 0.185307 0.75825
0 0.141447 0.753645 0.141447 0.75518 0.142544 0.75518 0.142544 0.753645
0 0.234649 0.746738 0.232456 0.748273 0.232456 0.749041 0.233553 0.749808 0.233553 0.750576 0.234649 0.751343 0.235746 0.751343 0.236842 0.752111 0.237939 0.751343 0.239035 0.751343 0.239035 0.749041 0.236842 0.747506 0.235746 0.747506
0 0.134868 0.732924 0.132675 0.734459 0.133772 0.735226 0.134868 0.734459
0 0.122807 0.723715 0.121711 0.724482 0.122807 0.724482
0 0.0866228 0.72218 0.0877193 0.72218 0.0888158 0.722947 0.0921053 0.722947 0.0899123 0.722947 0.0888158 0.72218
0 0.121711 0.7099 0.122807 0.710668 0.123904 0.710668 0.122807 0.7099
0 0.357456 0.705295 0.354167 0.707598 0.351974 0.707598 0.349781 0.709133 0.349781 0.7099 0.347588 0.711435 0.347588 0.71297 0.346491 0.713738 0.346491 0.715272 0.344298 0.716807 0.344298 0.717575 0.345395 0.718342 0.345395 0.71911 0.346491 0.719877 0.346491 0.724482 0.347588 0.725249 0.347588 0.726017 0.348684 0.726784 0.348684 0.727552 0.349781 0.728319 0.349781 0.729087 0.35307 0.731389 0.35307 0.732157 0.354167 0.732924 0.354167 0.733691 0.355263 0.734459 0.355263 0.735226 0.35636 0.735994 0.35636 0.736761 0.357456 0.736761 0.357456 0.735994 0.358553 0.735226 0.359649 0.735226 0.359649 0.734459 0.365132 0.730622 0.365132 0.728319 0.366228 0.727552 0.366228 0.724482 0.367325 0.723715 0.367325 0.722947 0.366228 0.72218 0.366228 0.71911 0.365132 0.718342 0.365132 0.716807 0.364035 0.71604 0.364035 0.71297 0.362939 0.712203 0.362939 0.710668 0.361842 0.7099 0.361842 0.708365
0 0.621711 0.699156 0.622807 0.699923 0.622807 0.702226 0.623904 0.702993 0.623904 0.703761 0.625 0.704528 0.625 0.702226 0.623904 0.701458 0.623904 0.700691 0.622807 0.699923 0.622807 0.699156
0 0.60307 0.688411 0.601974 0.689179 0.604167 0.690714 0.605263 0.690714 0.605263 0.689946
0 0.558114 0.677667 0.557018 0.678434 0.557018 0.679969 0.559211 0.679969 0.559211 0.677667
0 0.123904 0.67383 0.120614 0.676132 0.120614 0.676899 0.121711 0.676899 0.123904 0.675365
0 0.0800439 0.67076 0.0789474 0.671527 0.0789474 0.67383 0.0800439 0.674597 0.0800439 0.676132 0.0822368 0.677667 0.0822368 0.679969 0.0789474 0.682272 0.0778509 0.682272 0.0800439 0.682272 0.0822368 0.680737 0.0822368 0.676899 0.0811404 0.676132 0.0811404 0.675365 0.0800439 0.674597
0 0.313596 0.668457 0.313596 0.669992 0.314693 0.669225 0.314693 0.668457
0 0.0986842 0.666155 0.0975877 0.666922 0.0986842 0.66769 0.0997807 0.66769 0.100877 0.666922 0.0997807 0.666155
0 0.126096 0.649271 0.126096 0.651573 0.125 0.652341 0.125 0.653108 0.126096 0.653876 0.129386 0.653876 0.130482 0.653108 0.130482 0.650806 0.129386 0.650038 0.129386 0.649271
0 0.503289 0.645434 0.503289 0.646201 0.504386 0.646201 0.504386 0.645434
0 0.355263 0.640829 0.351974 0.643131 0.351974 0.643899 0.350877 0.644666 0.350877 0.646201 0.349781 0.646969 0.349781 0.651573 0.348684 0.652341 0.348684 0.653876 0.349781 0.654643 0.349781 0.663085 0.350877 0.663853 0.350877 0.669992 0.351974 0.67076 0.351974 0.674597 0.35307 0.675365 0.35307 0.678434 0.354167 0.679202 0.354167 0.681504 0.355263 0.682272 0.355263 0.683807 0.35636 0.684574 0.35636 0.687644 0.357456 0.688411 0.357456 0.689179 0.358553 0.689946 0.358553 0.690714 0.359649 0.691481 0.359649 0.694551 0.359649 0.690714 0.361842 0.689179 0.361842 0.686109 0.362939 0.685342 0.362939 0.682272 0.364035 0.681504 0.362939 0.680737 0.364035 0.679969 0.364035 0.675365 0.365132 0.674597 0.365132 0.66769 0.366228 0.666922 0.366228 0.666155 0.365132 0.665388 0.366228 0.66462 0.366228 0.656178 0.365132 0.655411 0.365132 0.651573 0.364035 0.650806 0.364035 0.648503 0.362939 0.647736 0.362939 0.646969 0.361842 0.646201 0.361842 0.644666 0.359649 0.643131 0.359649 0.642364 0.357456 0.640829
0 0.533991 0.637759 0.533991 0.639294 0.536184 0.639294 0.536184 0.638526 0.535088 0.637759
0 0.110746 0.637759 0.109649 0.638526 0.108553 0.638526 0.107456 0.639294 0.10307 0.639294 0.10307 0.640061 0.110746 0.640061 0.111842 0.639294 0.111842 0.637759
0 0.654605 0.630852 0.654605 0.635457 0.655702 0.635457 0.657895 0.636992 0.660088 0.636992 0.662281 0.638526 0.662281 0.640829 0.66557 0.640829 0.666667 0.640061 0.667763 0.640061 0.667763 0.638526 0.666667 0.637759 0.666667 0.636992 0.66557 0.636224 0.66557 0.635457 0.663377 0.633922 0.663377 0.633154 0.662281 0.633154 0.660088 0.631619 0.658991 0.631619 0.657895 0.630852
0 0.131579 0.62855 0.130482 0.629317 0.130482 0.630852 0.131579 0.631619 0.132675 0.630852 0.132675 0.62855
0 0.107456 0.624712 0.108553 0.62548 0.109649 0.62548 0.108553 0.624712
0 0.666667 0.62241 0.66557 0.623177 0.66557 0.623945 0.667763 0.623945 0.667763 0.623177
0 0.406798 0.614735 0.404605 0.61627 0.402412 0.61627 0.401316 0.617038 0.401316 0.617805 0.400219 0.618573 0.400219 0.61934 0.399123 0.620107 0.399123 0.620875 0.395833 0.623177 0.395833 0.629317 0.39364 0.630852 0.39364 0.632387 0.394737 0.633154 0.394737 0.638526 0.39364 0.639294 0.39364 0.641596 0.394737 0.642364 0.394737 0.653108 0.39364 0.653876 0.39364 0.655411 0.394737 0.656178 0.394737 0.659248 0.39364 0.660015 0.39364 0.666922 0.394737 0.66769 0.394737 0.669225 0.39364 0.669992 0.39364 0.671527 0.392544 0.672295 0.39364 0.673062 0.39364 0.67383 0.392544 0.674597 0.392544 0.676132 0.391447 0.676899 0.391447 0.683039 0.390351 0.683807 0.390351 0.686876 0.389254 0.687644 0.389254 0.688411 0.388158 0.689179 0.388158 0.690714 0.389254 0.691481 0.389254 0.692249 0.387061 0.693784 0.387061 0.695318 0.384868 0.696853 0.385965 0.697621 0.385965 0.701458 0.387061 0.702226 0.387061 0.704528 0.389254 0.706063 0.389254 0.70683 0.390351 0.707598 0.390351 0.708365 0.392544 0.7099 0.392544 0.710668 0.395833 0.71297 0.395833 0.713738 0.395833 0.71297 0.39693 0.712203 0.398026 0.71297 0.399123 0.71297 0.401316 0.711435 0.402412 0.711435 0.407895 0.707598 0.410088 0.707598 0.411184 0.70683 0.411184 0.706063 0.412281 0.705295 0.412281 0.703761 0.413377 0.702993 0.413377 0.698388 0.414474 0.697621 0.414474 0.696086 0.41557 0.695318 0.41557 0.693784 0.416667 0.693016 0.416667 0.692249 0.417763 0.691481 0.417763 0.689946 0.41886 0.689179 0.41886 0.686109 0.419956 0.685342 0.419956 0.683807 0.421053 0.683039 0.421053 0.678434 0.422149 0.677667 0.422149 0.676899 0.421053 0.676132 0.421053 0.674597 0.419956 0.67383 0.419956 0.669992 0.421053 0.669225 0.421053 0.668457 0.422149 0.66769 0.422149 0.666922 0.421053 0.666155 0.421053 0.665388 0.419956 0.66462 0.419956 0.657713 0.41886 0.656946 0.41886 0.655411 0.417763 0.654643 0.417763 0.652341 0.416667 0.651573 0.416667 0.646969 0.41557 0.646201 0.41557 0.641596 0.416667 0.640829 0.416667 0.639294 0.417763 0.638526 0.417763 0.636224 0.41886 0.635457 0.41886 0.633922 0.417763 0.633154 0.417763 0.631619 0.416667 0.630852 0.416667 0.62548 0.41557 0.624712 0.41557 0.623945 0.416667 0.623177 0.416667 0.620875 0.41557 0.620107 0.41557 0.617038 0.413377 0.617038 0.412281 0.61627 0.411184 0.61627 0.408991 0.614735 0.407895 0.615503
0 0.141447 0.610898 0.140351 0.611665 0.140351 0.614735 0.141447 0.614735 0.141447 0.6132 0.142544 0.612433 0.141447 0.611665
0 0.158991 0.579432 0.160088 0.5802 0.160088 0.579432
0 0.388158 0.574827 0.385965 0.576362 0.384868 0.576362 0.382675 0.577897 0.382675 0.578665 0.379386 0.580967 0.379386 0.581734 0.378289 0.582502 0.378289 0.583269 0.377193 0.584037 0.377193 0.585572 0.378289 0.586339 0.378289 0.588642 0.380482 0.590177 0.380482 0.591711 0.382675 0.593246 0.383772 0.593246 0.385965 0.594781 0.387061 0.594781 0.388158 0.595549 0.389254 0.595549 0.390351 0.596316 0.392544 0.596316 0.39364 0.597084 0.395833 0.597084 0.39693 0.597851 0.401316 0.597851 0.402412 0.598619 0.406798 0.598619 0.407895 0.599386 0.410088 0.599386 0.411184 0.600153 0.414474 0.600153 0.41557 0.600921 0.416667 0.600921 0.417763 0.601688 0.41886 0.600921 0.419956 0.601688 0.421053 0.601688 0.422149 0.602456 0.423246 0.602456 0.423246 0.597084 0.421053 0.595549 0.421053 0.594781 0.416667 0.591711 0.41557 0.591711 0.414474 0.590944 0.414474 0.590177 0.413377 0.590177 0.408991 0.587107 0.408991 0.586339 0.404605 0.583269 0.404605 0.582502 0.401316 0.5802 0.401316 0.579432 0.398026 0.57713 0.39693 0.57713 0.394737 0.575595 0.39364 0.575595 0.392544 0.574827
0 0.155702 0.567153 0.155702 0.570223 0.156798 0.57099 0.156798 0.571757 0.158991 0.573292 0.158991 0.57406 0.160088 0.57406 0.164474 0.57713 0.166667 0.57713 0.167763 0.577897 0.169956 0.577897 0.172149 0.579432 0.173246 0.578665 0.172149 0.577897 0.172149 0.57713 0.171053 0.57713 0.164474 0.572525 0.163377 0.572525 0.158991 0.569455 0.158991 0.568688 0.156798 0.567153
0 0.109649 0.565618 0.109649 0.566385 0.112939 0.566385 0.112939 0.565618
0 0.162281 0.564083 0.161184 0.56485 0.163377 0.566385 0.164474 0.566385 0.16557 0.565618 0.163377 0.564083
0 0.747807 0.554873 0.747807 0.555641 0.746711 0.556408 0.747807 0.555641 0.748904 0.555641 0.75 0.554873
0 0.729167 0.549501 0.72807 0.550269 0.729167 0.551036 0.730263 0.551036 0.730263 0.550269
0 0.689693 0.530315 0.6875 0.53185 0.6875 0.532617 0.688596 0.533384 0.688596 0.535687 0.694079 0.539524 0.694079 0.541827 0.695175 0.542594 0.695175 0.546431 0.696272 0.547199 0.696272 0.548734 0.697368 0.549501 0.697368 0.550269 0.698465 0.551036 0.698465 0.551804 0.699561 0.552571 0.699561 0.553338 0.698465 0.554106 0.698465 0.558711 0.696272 0.560246 0.695175 0.560246 0.694079 0.561013 0.694079 0.56485 0.695175 0.565618 0.695175 0.566385 0.698465 0.568688 0.698465 0.570223 0.699561 0.57099 0.699561 0.574827 0.702851 0.57713 0.705044 0.57713 0.70614 0.577897 0.708333 0.577897 0.703947 0.574827 0.703947 0.57406 0.702851 0.573292 0.702851 0.566385 0.698465 0.563315 0.698465 0.561781 0.699561 0.561013 0.699561 0.560246 0.701754 0.558711 0.70614 0.558711 0.70943 0.556408 0.70943 0.554873 0.708333 0.554106 0.708333 0.553338 0.707237 0.552571 0.707237 0.548734 0.705044 0.547199 0.705044 0.546431 0.70614 0.545664 0.70614 0.543361 0.703947 0.541827 0.703947 0.537222 0.701754 0.535687 0.701754 0.534919 0.700658 0.534152 0.700658 0.533384 0.698465 0.533384 0.694079 0.530315
0 0.406798 0.517268 0.404605 0.518803 0.404605 0.520338 0.406798 0.520338 0.407895 0.521105 0.408991 0.521105 0.411184 0.51957 0.411184 0.518803 0.410088 0.518035 0.410088 0.517268
0 0.72807 0.515733 0.726974 0.5165 0.726974 0.517268 0.72807 0.517268 0.729167 0.5165
0 0.364035 0.515733 0.364035 0.5165 0.365132 0.517268 0.365132 0.518035 0.366228 0.518803 0.366228 0.51957 0.367325 0.520338 0.367325 0.52264 0.366228 0.523408 0.366228 0.524175 0.368421 0.52571 0.370614 0.52571 0.371711 0.526477 0.373904 0.526477 0.375 0.527245 0.377193 0.527245 0.378289 0.528012 0.381579 0.528012 0.382675 0.52878 0.389254 0.52878 0.389254 0.527245 0.390351 0.526477 0.389254 0.52571 0.389254 0.523408 0.388158 0.52264 0.388158 0.521873 0.384868 0.51957 0.382675 0.51957 0.381579 0.518803 0.378289 0.518803 0.377193 0.518035 0.370614 0.518035 0.369518 0.517268 0.368421 0.517268 0.367325 0.5165 0.366228 0.5165 0.365132 0.515733
0 0.75 0.514965 0.748904 0.515733 0.735746 0.515733 0.737939 0.515733 0.739035 0.5165 0.744518 0.5165 0.745614 0.517268 0.75 0.517268 0.751096 0.5165 0.753289 0.5165 0.754386 0.515733 0.755482 0.515733 0.755482 0.514965
0 0.702851 0.514965 0.701754 0.515733 0.701754 0.517268 0.702851 0.518035 0.702851 0.518803 0.70614 0.521105 0.707237 0.521105 0.708333 0.521873 0.70943 0.521873 0.70943 0.518803 0.708333 0.518035 0.708333 0.517268 0.70614 0.515733 0.705044 0.515733 0.703947 0.514965
0 0.39364 0.510361 0.394737 0.511128 0.394737 0.510361
0 0.667763 0.504988 0.666667 0.505756 0.663377 0.505756 0.662281 0.506523 0.662281 0.507291 0.661184 0.508058 0.661184 0.510361 0.662281 0.511128 0.662281 0.511896 0.663377 0.512663 0.663377 0.5165 0.66557 0.518035 0.666667 0.518035 0.667763 0.518803 0.667763 0.51957 0.66886 0.51957 0.671053 0.521105 0.673246 0.521105 0.674342 0.521873 0.677632 0.521873 0.678728 0.521105 0.678728 0.51957 0.680921 0.518035 0.680921 0.514965 0.682018 0.514198 0.682018 0.511128 0.680921 0.510361 0.680921 0.508058 0.678728 0.506523 0.675439 0.506523 0.674342 0.505756 0.672149 0.505756 0.671053 0.504988
0 0.460526 0.491174 0.45943 0.491942 0.458333 0.491942 0.451754 0.496546 0.451754 0.497314 0.449561 0.498849 0.449561 0.499616 0.448465 0.500384 0.448465 0.501919 0.447368 0.502686 0.447368 0.504988 0.446272 0.505756 0.446272 0.507291 0.444079 0.508826 0.444079 0.511896 0.441886 0.513431 0.441886 0.514965 0.440789 0.515733 0.440789 0.517268 0.439693 0.518035 0.440789 0.517268 0.440789 0.5165 0.441886 0.515733 0.441886 0.514965 0.442982 0.514198 0.442982 0.513431 0.447368 0.510361 0.447368 0.509593 0.452851 0.505756 0.452851 0.504988 0.457237 0.501919 0.458333 0.501919 0.45943 0.501151 0.45943 0.500384 0.466009 0.495779 0.466009 0.495012 0.468202 0.493477 0.468202 0.491942 0.464912 0.491942 0.463816 0.491174
0 0.724781 0.485802 0.724781 0.486569 0.723684 0.487337 0.723684 0.489639 0.724781 0.490407 0.724781 0.491942 0.725877 0.492709 0.726974 0.492709 0.72807 0.493477 0.729167 0.493477 0.73136 0.491942 0.73136 0.491174 0.732456 0.490407 0.732456 0.489639 0.734649 0.488104 0.734649 0.486569 0.73136 0.486569 0.730263 0.485802
0 0.311404 0.485035 0.310307 0.485802 0.311404 0.486569 0.311404 0.487337 0.313596 0.488872 0.313596 0.489639 0.320175 0.494244 0.322368 0.494244 0.323465 0.495012 0.324561 0.495012 0.325658 0.495779 0.325658 0.496546 0.326754 0.496546 0.330044 0.498849 0.330044 0.499616 0.33114 0.500384 0.33114 0.501151 0.332237 0.501919 0.333333 0.501919 0.33443 0.502686 0.335526 0.502686 0.338816 0.504988 0.339912 0.504988 0.342105 0.506523 0.343202 0.506523 0.347588 0.509593 0.347588 0.510361 0.349781 0.511896 0.349781 0.512663 0.350877 0.513431 0.349781 0.512663 0.349781 0.511128 0.348684 0.510361 0.348684 0.509593 0.344298 0.506523 0.344298 0.505756 0.343202 0.505756 0.342105 0.504988 0.342105 0.504221 0.339912 0.502686 0.338816 0.502686 0.336623 0.501151 0.336623 0.500384 0.328947 0.495012 0.328947 0.494244 0.327851 0.494244 0.323465 0.491174 0.322368 0.491174 0.320175 0.489639 0.319079 0.489639 0.313596 0.485802 0.3125 0.485802
0 0.144737 0.481965 0.144737 0.484267 0.145833 0.485035 0.14693 0.484267 0.145833 0.4835 0.145833 0.482732
0 0.300439 0.47736 0.300439 0.479662 0.301535 0.478895 0.301535 0.47736
0 0.337719 0.475825 0.336623 0.476592 0.336623 0.479662 0.338816 0.481197 0.338816 0.481965 0.339912 0.482732 0.339912 0.4835 0.341009 0.4835 0.342105 0.484267 0.343202 0.4835 0.344298 0.4835 0.344298 0.481197 0.343202 0.48043 0.343202 0.478895 0.339912 0.476592 0.338816 0.476592
0 0.407895 0.47429 0.406798 0.475058 0.406798 0.475825 0.407895 0.475825
0 0.585526 0.465848 0.58443 0.466616 0.58114 0.466616 0.580044 0.467383 0.577851 0.467383 0.576754 0.46815 0.572368 0.46815 0.571272 0.468918 0.566886 0.468918 0.565789 0.469685 0.564693 0.469685 0.564693 0.470453 0.565789 0.470453 0.566886 0.47122 0.570175 0.47122 0.571272 0.471988 0.580044 0.471988 0.58114 0.47122 0.58443 0.47122 0.586623 0.469685 0.587719 0.469685 0.591009 0.467383 0.589912 0.466616 0.588816 0.466616 0.587719 0.465848
0 0.148026 0.465081 0.149123 0.465848 0.149123 0.465081
0 0.336623 0.460476 0.336623 0.462011 0.338816 0.463546 0.339912 0.463546 0.341009 0.462778 0.339912 0.462011 0.339912 0.461243 0.338816 0.460476
0 0.520833 0.456639 0.519737 0.457406 0.519737 0.458173 0.51864 0.458941 0.51864 0.463546 0.516447 0.465081 0.515351 0.465081 0.514254 0.465848 0.514254 0.466616 0.513158 0.467383 0.513158 0.46815 0.512061 0.468918 0.512061 0.469685 0.509868 0.47122 0.509868 0.471988 0.508772 0.472755 0.508772 0.473523 0.507675 0.47429 0.507675 0.475058 0.506579 0.475825 0.506579 0.47736 0.505482 0.478127 0.505482 0.48043 0.504386 0.481197 0.504386 0.481965 0.503289 0.482732 0.503289 0.484267 0.502193 0.485035 0.502193 0.485802 0.501096 0.486569 0.501096 0.488104 0.496711 0.491174 0.496711 0.492709 0.495614 0.493477 0.495614 0.495012 0.494518 0.495779 0.494518 0.496546 0.493421 0.497314 0.493421 0.498849 0.492325 0.499616 0.492325 0.505756 0.491228 0.506523 0.491228 0.514198 0.492325 0.514965 0.492325 0.51957 0.493421 0.520338 0.493421 0.521105 0.494518 0.521873 0.494518 0.52264 0.495614 0.523408 0.495614 0.524175 0.496711 0.524942 0.497807 0.524942 0.498904 0.52571 0.5 0.524942 0.502193 0.526477 0.507675 0.52264 0.507675 0.521873 0.508772 0.521105 0.508772 0.520338 0.509868 0.51957 0.509868 0.518035 0.510965 0.517268 0.510965 0.515733 0.512061 0.514965 0.512061 0.511128 0.513158 0.510361 0.513158 0.507291 0.514254 0.506523 0.514254 0.504988 0.515351 0.504221 0.515351 0.502686 0.516447 0.501919 0.516447 0.498849 0.517544 0.498081 0.517544 0.491942 0.51864 0.491174 0.51864 0.490407 0.523026 0.487337 0.527412 0.487337 0.527412 0.485802 0.526316 0.485035 0.526316 0.4835 0.525219 0.482732 0.525219 0.481197 0.524123 0.48043 0.524123 0.478895 0.523026 0.478127 0.525219 0.476592 0.525219 0.471988 0.524123 0.47122 0.524123 0.470453 0.525219 0.469685 0.524123 0.468918 0.524123 0.463546 0.523026 0.462778 0.523026 0.461243 0.524123 0.460476 0.523026 0.459708 0.523026 0.458941 0.520833 0.457406
0 0.649123 0.455871 0.648026 0.456639 0.64693 0.456639 0.644737 0.458173 0.64693 0.459708 0.648026 0.459708 0.649123 0.460476 0.652412 0.460476 0.653509 0.459708 0.654605 0.459708 0.656798 0.458173 0.656798 0.457406 0.655702 0.456639 0.653509 0.456639 0.652412 0.455871
0 0.479167 0.452801 0.47807 0.453569 0.47807 0.454336 0.476974 0.455104 0.476974 0.457406 0.475877 0.458173 0.475877 0.458941 0.469298 0.463546 0.469298 0.464313 0.463816 0.46815 0.462719 0.46815 0.462719 0.468918 0.461623 0.469685 0.461623 0.475058 0.462719 0.475825 0.462719 0.476592 0.463816 0.47736 0.463816 0.48043 0.466009 0.481965 0.466009 0.482732 0.467105 0.482732 0.469298 0.484267 0.469298 0.485035 0.470395 0.485802 0.470395 0.488104 0.471491 0.488872 0.472588 0.488104 0.473684 0.488104 0.474781 0.487337 0.475877 0.487337 0.476974 0.486569 0.476974 0.485802 0.47807 0.485035 0.47807 0.48043 0.479167 0.479662 0.479167 0.47736 0.480263 0.476592 0.480263 0.47122 0.47807 0.469685 0.47807 0.468918 0.479167 0.46815 0.479167 0.465081 0.480263 0.464313 0.480263 0.456639 0.48136 0.455871 0.480263 0.455104 0.480263 0.454336 0.48136 0.453569 0.480263 0.452801
0 0.583333 0.452034 0.583333 0.452801 0.58443 0.453569 0.58443 0.454336 0.586623 0.454336 0.586623 0.453569 0.585526 0.452801 0.585526 0.452034
0 0.72807 0.451266 0.72807 0.453569 0.729167 0.454336 0.730263 0.453569 0.730263 0.452034 0.729167 0.451266
0 0.560307 0.448964 0.559211 0.449731 0.559211 0.450499 0.558114 0.451266 0.558114 0.453569 0.559211 0.454336 0.559211 0.458941 0.560307 0.459708 0.560307 0.460476 0.561404 0.461243 0.563596 0.461243 0.564693 0.460476 0.564693 0.456639 0.563596 0.455871 0.563596 0.455104 0.5625 0.454336 0.5625 0.453569 0.561404 0.452801 0.5625 0.452034 0.5625 0.451266 0.561404 0.450499 0.561404 0.448964
0 0.566886 0.442824 0.567982 0.443592 0.567982 0.442824
0 0.558114 0.442824 0.557018 0.443592 0.558114 0.444359 0.558114 0.445894 0.559211 0.446662 0.559211 0.445127 0.558114 0.444359
0 0.797149 0.441289 0.796053 0.442057 0.798246 0.442057
0 0.524123 0.439754 0.524123 0.440522 0.525219 0.440522 0.525219 0.439754
0 0.323465 0.436685 0.323465 0.437452 0.324561 0.438219 0.324561 0.437452
0 0.525219 0.4198 0.525219 0.420568 0.526316 0.420568 0.526316 0.4198
0 0.593202 0.412893 0.594298 0.413661 0.594298 0.412893
0 0.406798 0.412893 0.407895 0.413661 0.407895 0.415196 0.408991 0.414428 0.408991 0.412893
0 0.455044 0.410591 0.453947 0.411358 0.453947 0.412126 0.455044 0.412893 0.455044 0.413661 0.458333 0.415963 0.45943 0.415963 0.460526 0.416731 0.463816 0.416731 0.464912 0.415963 0.464912 0.413661 0.461623 0.411358 0.460526 0.411358 0.45943 0.410591
0 0.379386 0.409056 0.379386 0.411358 0.380482 0.410591 0.380482 0.409823
0 0.345395 0.404451 0.344298 0.405219 0.344298 0.406754 0.346491 0.406754 0.346491 0.404451
0 0.444079 0.401381 0.444079 0.402916 0.446272 0.404451 0.450658 0.404451 0.447368 0.402149 0.445175 0.402149
0 0.152412 0.400614 0.153509 0.400614 0.154605 0.401381 0.156798 0.401381 0.157895 0.402149 0.158991 0.402149 0.161184 0.403684 0.162281 0.403684 0.163377 0.404451 0.164474 0.404451 0.162281 0.402916 0.161184 0.402916 0.158991 0.401381 0.156798 0.401381 0.155702 0.400614
0 0.592105 0.399847 0.592105 0.400614 0.591009 0.401381 0.591009 0.402149 0.592105 0.401381
0 0.525219 0.399079 0.525219 0.399847 0.524123 0.400614 0.524123 0.404451 0.523026 0.405219 0.523026 0.408289 0.523026 0.407521 0.524123 0.406754 0.524123 0.405219 0.526316 0.403684 0.526316 0.402916 0.527412 0.402149 0.527412 0.399079
0 0.243421 0.399079 0.242325 0.399847 0.245614 0.402149 0.246711 0.402149 0.247807 0.402916 0.247807 0.403684 0.248904 0.404451 0.248904 0.405219 0.251096 0.406754 0.251096 0.407521 0.254386 0.407521 0.254386 0.404451 0.253289 0.403684 0.253289 0.402916 0.252193 0.402149 0.252193 0.401381 0.251096 0.401381 0.25 0.400614 0.248904 0.400614 0.246711 0.399079
0 0.527412 0.3868 0.527412 0.388335 0.526316 0.389102 0.526316 0.392939 0.527412 0.392939 0.527412 0.390637 0.528509 0.38987 0.528509 0.3868
0 0.491228 0.384497 0.491228 0.385265 0.490132 0.386032 0.490132 0.388335 0.491228 0.389102 0.489035 0.390637 0.487939 0.390637 0.486842 0.38987 0.48136 0.38987 0.480263 0.390637 0.479167 0.390637 0.47807 0.391404 0.476974 0.391404 0.475877 0.390637 0.473684 0.390637 0.472588 0.38987 0.471491 0.38987 0.472588 0.390637 0.472588 0.392172 0.473684 0.392172 0.476974 0.394474 0.476974 0.395242 0.479167 0.396777 0.479167 0.397544 0.48136 0.399079 0.48136 0.399847 0.482456 0.400614 0.482456 0.401381 0.483553 0.401381 0.484649 0.402149 0.487939 0.402149 0.492325 0.399079 0.492325 0.395242 0.493421 0.394474 0.493421 0.393707 0.494518 0.392939 0.496711 0.392939 0.497807 0.393707 0.498904 0.393707 0.497807 0.392939 0.497807 0.390637 0.498904 0.38987 0.497807 0.389102 0.497807 0.386032 0.496711 0.385265 0.495614 0.385265 0.494518 0.384497
0 0.212719 0.381427 0.212719 0.382195 0.213816 0.382962 0.213816 0.381427
0 0.45614 0.379125 0.45614 0.381427 0.457237 0.382195 0.457237 0.382962 0.458333 0.38373 0.458333 0.384497 0.45943 0.384497 0.462719 0.3868 0.463816 0.3868 0.463816 0.386032 0.462719 0.385265 0.462719 0.384497 0.458333 0.381427 0.458333 0.38066
0 0.270833 0.376823 0.27193 0.37759 0.27193 0.376823
0 0.255482 0.375288 0.254386 0.376055 0.255482 0.376823 0.255482 0.37759 0.256579 0.378358 0.257675 0.37759 0.257675 0.376823 0.256579 0.376055 0.256579 0.375288
0 0.375 0.372985 0.375 0.373753 0.376096 0.373753
0 0.4375 0.368381 0.436404 0.369148 0.4375 0.369148
0 0.339912 0.365311 0.339912 0.366846 0.341009 0.367613 0.341009 0.366078
0 0.494518 0.356869 0.495614 0.357636 0.496711 0.357636 0.495614 0.356869
0 0.438596 0.356101 0.438596 0.357636 0.439693 0.358404 0.440789 0.357636 0.440789 0.356101
0 0.446272 0.354566 0.446272 0.356101 0.449561 0.356101 0.450658 0.355334 0.450658 0.354566
0 0.664474 0.33845 0.663377 0.339217 0.663377 0.340752 0.662281 0.34152 0.662281 0.345357 0.664474 0.346892 0.664474 0.343054 0.66557 0.342287 0.664474 0.34152
0 0.375 0.336915 0.375 0.337682 0.376096 0.337682 0.376096 0.336915
0 0.279605 0.336147 0.279605 0.340752 0.280702 0.339985 0.280702 0.336147
0 0.718202 0.33538 0.717105 0.336147 0.716009 0.336147 0.714912 0.336915 0.717105 0.336915 0.718202 0.336147
0 0.686404 0.324635 0.683114 0.326938 0.680921 0.326938 0.678728 0.328473 0.677632 0.328473 0.676535 0.32924 0.674342 0.32924 0.674342 0.330008 0.672149 0.331543 0.672149 0.333078 0.674342 0.333078 0.675439 0.33231 0.675439 0.331543 0.677632 0.330008 0.678728 0.330008 0.679825 0.32924 0.680921 0.32924 0.685307 0.32617 0.685307 0.325403 0.686404 0.324635 0.6875 0.324635
0 0.507675 0.303147 0.506579 0.303914 0.506579 0.306984 0.505482 0.307751 0.505482 0.308519 0.503289 0.310054 0.503289 0.310821 0.501096 0.312356 0.501096 0.313124 0.498904 0.314658 0.498904 0.319263 0.497807 0.320031 0.497807 0.322333 0.496711 0.323101 0.496711 0.32617 0.495614 0.326938 0.495614 0.330775 0.497807 0.33231 0.497807 0.331543 0.498904 0.330775 0.498904 0.32924 0.5 0.328473 0.5 0.32617 0.503289 0.323868 0.503289 0.319263 0.504386 0.318496 0.504386 0.315426 0.505482 0.314658 0.505482 0.313124 0.506579 0.312356 0.506579 0.310821 0.507675 0.310054 0.507675 0.308519 0.508772 0.307751 0.508772 0.303914
0 0.597588 0.277053 0.595395 0.278588 0.595395 0.281658 0.596491 0.281658 0.597588 0.28089 0.597588 0.279355 0.598684 0.278588 0.598684 0.277053
0 0.703947 0.273983 0.70614 0.275518 0.707237 0.275518 0.70943 0.273983 0.708333 0.273983 0.707237 0.274751 0.70614 0.273983
0 0.723684 0.267076 0.723684 0.267843 0.722588 0.268611 0.720395 0.268611 0.719298 0.269378 0.718202 0.269378 0.713816 0.272448 0.712719 0.272448 0.711623 0.273216 0.712719 0.273216 0.714912 0.271681 0.717105 0.271681 0.719298 0.270146 0.720395 0.270146 0.721491 0.269378 0.722588 0.269378 0.722588 0.268611 0.723684 0.267843
0 0.735746 0.261704 0.734649 0.262471 0.733553 0.262471 0.737939 0.262471 0.737939 0.261704
0 0.283991 0.254029 0.283991 0.255564 0.285088 0.256332 0.285088 0.257866 0.286184 0.258634 0.286184 0.259401 0.287281 0.260169 0.287281 0.260936 0.287281 0.259401 0.286184 0.258634 0.286184 0.257866 0.285088 0.257099 0.285088 0.256332 0.283991 0.255564
0 0.70943 0.207214 0.70943 0.207982 0.710526 0.207982 0.710526 0.207214
0 0.66557 0.204912 0.664474 0.205679 0.664474 0.206447 0.662281 0.207982 0.662281 0.212586 0.664474 0.214121 0.66557 0.213354 0.666667 0.213354 0.666667 0.211819 0.667763 0.211051 0.667763 0.205679 0.666667 0.204912
0 0.493421 0.170376 0.493421 0.171911 0.495614 0.173446 0.496711 0.173446 0.496711 0.172678 0.495614 0.171911 0.495614 0.171144 0.494518 0.170376
0 0.582237 0.167306 0.58114 0.168074 0.576754 0.168074 0.576754 0.169609 0.575658 0.170376 0.575658 0.171911 0.574561 0.172678 0.574561 0.174213 0.573465 0.174981 0.573465 0.18726 0.572368 0.188028 0.572368 0.191865 0.571272 0.192632 0.571272 0.201842 0.572368 0.202609 0.572368 0.205679 0.573465 0.206447 0.574561 0.206447 0.575658 0.205679 0.575658 0.204912 0.576754 0.204144 0.576754 0.203377 0.577851 0.202609 0.577851 0.201842 0.580044 0.200307 0.580044 0.19954 0.58114 0.198772 0.58114 0.197237 0.582237 0.19647 0.582237 0.195702 0.583333 0.194935 0.583333 0.1934 0.58443 0.192632 0.58443 0.191097 0.585526 0.19033 0.585526 0.18112 0.586623 0.180353 0.586623 0.176516 0.587719 0.175748 0.587719 0.171144 0.585526 0.169609 0.585526 0.168841 0.583333 0.167306
0 0.694079 0.166539 0.694079 0.168074 0.695175 0.168074 0.695175 0.166539
0 0.685307 0.156562 0.684211 0.157329 0.686404 0.157329 0.690789 0.160399 0.691886 0.159632 0.690789 0.158864 0.690789 0.158097 0.688596 0.156562
0 0.677632 0.153492 0.677632 0.154259 0.676535 0.155027 0.678728 0.156562 0.678728 0.154259
0 0.58443 0.15119 0.58443 0.153492 0.583333 0.154259 0.583333 0.155027 0.582237 0.155794 0.582237 0.156562 0.58114 0.157329 0.58114 0.159632 0.580044 0.160399 0.580044 0.162701 0.583333 0.162701 0.58443 0.163469 0.585526 0.163469 0.587719 0.161934 0.587719 0.160399 0.592105 0.157329 0.592105 0.155027 0.591009 0.154259 0.591009 0.153492 0.589912 0.152724 0.589912 0.151957 0.588816 0.151957 0.587719 0.15119
0 0.502193 0.150422 0.502193 0.15119 0.503289 0.150422 0.505482 0.151957 0.505482 0.15119 0.504386 0.150422
0 0.6875 0.135073 0.6875 0.13584 0.689693 0.13584 0.689693 0.135073
0 0.587719 0.131236 0.587719 0.132003 0.589912 0.133538 0.589912 0.131236
0 0.666667 0.121259 0.66557 0.122026 0.66557 0.122794 0.662281 0.125096 0.662281 0.125863 0.660088 0.127398 0.660088 0.129701 0.658991 0.130468 0.658991 0.133538 0.660088 0.134305 0.661184 0.133538 0.661184 0.129701 0.662281 0.128933 0.662281 0.128166 0.663377 0.127398 0.663377 0.126631 0.667763 0.123561 0.667763 0.122794 0.666667 0.122026
0 0.514254 0.103607 0.515351 0.104375 0.515351 0.103607
0 0.609649 0.0920952 0.609649 0.0928626 0.608553 0.0936301 0.608553 0.095165 0.610746 0.0936301 0.610746 0.0920952
0 0.576754 0.0874904 0.577851 0.0882579 0.578947 0.0882579 0.58114 0.0897928 0.582237 0.0897928 0.58114 0.0890253 0.580044 0.0890253 0.578947 0.0882579 0.577851 0.0882579
0 0.565789 0.0798158 0.565789 0.0821182 0.566886 0.0828856 0.566886 0.0844206 0.567982 0.0844206 0.566886 0.0836531 0.566886 0.0828856 0.565789 0.0821182
