0 0.304825 0.950883 0.305921 0.95165 0.307018 0.95165 0.309211 0.953185 0.309211 0.953952 0.307018 0.955487 0.305921 0.95472 0.304825 0.95472 0.305921 0.955487 0.304825 0.956255 0.304825 0.959325 0.303728 0.960092 0.304825 0.960092 0.305921 0.96086 0.307018 0.960092 0.308114 0.96086 0.308114 0.961627 0.309211 0.961627 0.311404 0.963162 0.3125 0.963162 0.313596 0.963929 0.314693 0.963929 0.315789 0.964697 0.316886 0.964697 0.317982 0.965464 0.319079 0.965464 0.320175 0.966232 0.321272 0.966232 0.322368 0.966999 0.323465 0.966999 0.324561 0.967767 0.325658 0.967767 0.328947 0.970069 0.328947 0.970837 0.330044 0.970069 0.332237 0.970069 0.333333 0.969302 0.333333 0.965464 0.332237 0.964697 0.332237 0.961627 0.327851 0.958557 0.324561 0.958557 0.323465 0.95779 0.321272 0.95779 0.319079 0.956255 0.317982 0.956255 0.316886 0.955487 0.315789 0.955487 0.313596 0.953952 0.3125 0.953952 0.310307 0.952417 0.308114 0.952417 0.307018 0.95165 0.305921 0.95165
0 0.150219 0.811972 0.150219 0.813507 0.152412 0.813507 0.153509 0.81274 0.153509 0.811972 0.153509 0.81274 0.152412 0.813507 0.151316 0.813507 0.150219 0.81274
0 0.22807 0.811205 0.229167 0.811972 0.229167 0.811205
0 0.162281 0.80353 0.161184 0.804298 0.161184 0.805833 0.162281 0.8066 0.164474 0.805065 0.163377 0.804298 0.163377 0.80353
0 0.486842 0.787414 0.486842 0.788181 0.485746 0.788949 0.483553 0.788949 0.482456 0.789716 0.482456 0.791251 0.48136 0.792018 0.48136 0.792786 0.473684 0.798158 0.473684 0.798926 0.463816 0.805833 0.463816 0.8066 0.461623 0.808135 0.461623 0.808903 0.460526 0.80967 0.460526 0.810437 0.45943 0.811205 0.45943 0.811972 0.457237 0.813507 0.457237 0.819647 0.45614 0.820414 0.455044 0.820414 0.455044 0.836531 0.45614 0.836531 0.457237 0.837299 0.457237 0.840368 0.458333 0.841136 0.457237 0.841903 0.457237 0.842671 0.458333 0.843438 0.458333 0.844206 0.45943 0.844973 0.45943 0.845741 0.460526 0.846508 0.460526 0.84881 0.461623 0.849578 0.461623 0.85188 0.469298 0.857252 0.470395 0.857252 0.472588 0.858787 0.473684 0.858787 0.474781 0.859555 0.48136 0.859555 0.482456 0.860322 0.486842 0.860322 0.487939 0.859555 0.489035 0.859555 0.490132 0.858787 0.491228 0.858787 0.494518 0.856485 0.495614 0.856485 0.496711 0.855718 0.498904 0.855718 0.498904 0.85495 0.502193 0.852648 0.502193 0.85188 0.503289 0.851113 0.504386 0.851113 0.507675 0.84881 0.507675 0.848043 0.508772 0.847276 0.508772 0.845741 0.510965 0.844206 0.512061 0.844206 0.515351 0.841903 0.515351 0.841136 0.516447 0.840368 0.516447 0.839601 0.520833 0.836531 0.520833 0.834229 0.52193 0.833461 0.52193 0.821182 0.523026 0.820414 0.523026 0.815042 0.524123 0.814275 0.523026 0.813507 0.523026 0.81274 0.524123 0.811972 0.524123 0.807368 0.523026 0.8066 0.523026 0.805833 0.524123 0.805065 0.524123 0.801995 0.525219 0.801228 0.525219 0.794321 0.523026 0.792786 0.515351 0.792786 0.514254 0.792018 0.509868 0.792018 0.508772 0.791251 0.505482 0.791251 0.504386 0.790483 0.502193 0.790483 0.501096 0.789716 0.5 0.789716 0.498904 0.788949 0.497807 0.788949 0.496711 0.788181 0.494518 0.788181 0.493421 0.787414
0 0.180921 0.775902 0.180921 0.776669 0.178728 0.778204 0.177632 0.777437 0.175439 0.778972 0.175439 0.780507 0.177632 0.780507 0.178728 0.779739 0.178728 0.778972 0.179825 0.778204 0.183114 0.778204 0.184211 0.777437 0.184211 0.775902
0 0.195175 0.76746 0.194079 0.768227 0.194079 0.772064 0.195175 0.772832 0.196272 0.772832 0.197368 0.773599 0.199561 0.773599 0.200658 0.772832 0.200658 0.772064 0.199561 0.771297 0.199561 0.77053 0.198465 0.769762 0.198465 0.768995 0.196272 0.76746
0 0.180921 0.75825 0.179825 0.759018 0.179825 0.759785 0.180921 0.759785 0.182018 0.760553 0.183114 0.760553 0.184211 0.76132 0.188596 0.76132 0.189693 0.760553 0.189693 0.759785 0.1875 0.75825
0 0.164474 0.754413 0.164474 0.75518 0.163377 0.755948 0.163377 0.75825 0.164474 0.759018 0.167763 0.759018 0.167763 0.75825 0.16886 0.757483 0.16886 0.755948 0.167763 0.75518 0.166667 0.75518 0.16557 0.754413
0 0.263158 0.750576 0.263158 0.752111 0.264254 0.752878 0.264254 0.750576
0 0.149123 0.750576 0.149123 0.751343 0.150219 0.751343 0.151316 0.752111 0.152412 0.752111 0.152412 0.751343 0.151316 0.750576
0 0.239035 0.749041 0.237939 0.749808 0.237939 0.752111 0.239035 0.752878 0.240132 0.752878 0.241228 0.753645 0.242325 0.753645 0.243421 0.752878 0.243421 0.751343 0.240132 0.749041
0 0.150219 0.735994 0.151316 0.736761 0.151316 0.735994
0 0.373904 0.713738 0.373904 0.714505 0.375 0.713738
0 0.629386 0.71297 0.629386 0.713738 0.630482 0.713738
0 0.125 0.709133 0.125 0.710668 0.127193 0.710668 0.127193 0.7099 0.126096 0.709133
0 0.548246 0.685342 0.548246 0.686109 0.549342 0.685342
0 0.120614 0.683807 0.120614 0.685342 0.121711 0.686109 0.122807 0.686109 0.122807 0.684574 0.121711 0.683807
0 0.619518 0.673062 0.619518 0.67383 0.620614 0.674597 0.620614 0.67383
0 0.126096 0.669992 0.125 0.67076 0.125 0.671527 0.126096 0.672295 0.128289 0.672295 0.128289 0.669992
0 0.117325 0.669992 0.117325 0.67076 0.118421 0.671527 0.119518 0.67076 0.118421 0.669992
0 0.10307 0.666922 0.10307 0.66769 0.104167 0.668457 0.105263 0.668457 0.105263 0.66769 0.104167 0.666922
0 0.317982 0.665388 0.316886 0.666155 0.317982 0.666922 0.319079 0.666155 0.319079 0.665388
0 0.125 0.655411 0.125 0.656178 0.122807 0.657713 0.123904 0.65848 0.123904 0.660015 0.125 0.660783 0.125 0.66155 0.128289 0.66155 0.129386 0.660783 0.129386 0.656946 0.127193 0.655411
0 0.355263 0.652341 0.355263 0.653876 0.354167 0.654643 0.354167 0.655411 0.35307 0.656178 0.35307 0.657713 0.351974 0.65848 0.351974 0.676132 0.350877 0.676899 0.350877 0.695318 0.349781 0.696086 0.349781 0.700691 0.348684 0.701458 0.348684 0.713738 0.349781 0.714505 0.349781 0.71604 0.351974 0.717575 0.351974 0.718342 0.354167 0.719877 0.354167 0.720645 0.357456 0.722947 0.357456 0.723715 0.361842 0.723715 0.362939 0.722947 0.364035 0.722947 0.367325 0.720645 0.367325 0.71911 0.368421 0.718342 0.368421 0.71604 0.369518 0.715272 0.369518 0.690714 0.368421 0.689946 0.368421 0.686109 0.367325 0.685342 0.367325 0.666155 0.366228 0.665388 0.366228 0.660783 0.365132 0.660015 0.365132 0.656946 0.364035 0.656178 0.364035 0.655411 0.361842 0.653876 0.361842 0.653108 0.360746 0.652341
0 0.501096 0.650806 0.501096 0.651573 0.5 0.652341 0.5 0.653108 0.501096 0.652341
0 0.662281 0.646201 0.662281 0.650038 0.663377 0.650806 0.663377 0.650038 0.664474 0.649271 0.664474 0.647736
0 0.533991 0.646201 0.532895 0.646969 0.532895 0.647736 0.533991 0.647736 0.535088 0.646969 0.535088 0.646201
0 0.0953947 0.641596 0.0953947 0.642364 0.0975877 0.642364 0.0964912 0.642364
0 0.666667 0.639294 0.66557 0.640061 0.664474 0.640061 0.664474 0.642364 0.66557 0.643131 0.66557 0.643899 0.667763 0.645434 0.669956 0.645434 0.671053 0.646201 0.676535 0.646201 0.676535 0.642364 0.672149 0.639294
0 0.54057 0.637759 0.541667 0.638526 0.542763 0.638526 0.542763 0.637759
0 0.0625 0.636224 0.0625 0.636992 0.064693 0.636992 0.0635965 0.636224
0 0.734649 0.618573 0.734649 0.61934 0.735746 0.61934 0.735746 0.618573
0 0.686404 0.618573 0.685307 0.61934 0.684211 0.61934 0.689693 0.61934 0.690789 0.618573
0 0.776316 0.603991 0.776316 0.604758 0.777412 0.603991
0 0.733553 0.603223 0.733553 0.603991 0.732456 0.604758 0.732456 0.606293 0.733553 0.607061 0.733553 0.609363 0.734649 0.61013 0.734649 0.611665 0.735746 0.610898 0.735746 0.61013 0.736842 0.609363 0.735746 0.608596 0.735746 0.607828 0.734649 0.607061 0.734649 0.603223
0 0.732456 0.591711 0.732456 0.592479 0.73136 0.593246 0.73136 0.594014 0.732456 0.594781 0.734649 0.594781 0.737939 0.592479 0.737939 0.591711
0 0.391447 0.577897 0.391447 0.578665 0.388158 0.580967 0.388158 0.581734 0.385965 0.583269 0.385965 0.584804 0.384868 0.585572 0.384868 0.586339 0.383772 0.587107 0.383772 0.591711 0.384868 0.592479 0.384868 0.594014 0.387061 0.595549 0.387061 0.596316 0.389254 0.597851 0.390351 0.597851 0.391447 0.598619 0.392544 0.598619 0.39364 0.599386 0.394737 0.599386 0.395833 0.600153 0.39693 0.600153 0.398026 0.600921 0.399123 0.600921 0.401316 0.602456 0.401316 0.603223 0.402412 0.603991 0.402412 0.604758 0.403509 0.605526 0.403509 0.608596 0.402412 0.609363 0.402412 0.612433 0.401316 0.6132 0.401316 0.613968 0.400219 0.614735 0.400219 0.615503 0.399123 0.61627 0.399123 0.623945 0.398026 0.624712 0.398026 0.632387 0.399123 0.633154 0.399123 0.636992 0.400219 0.637759 0.400219 0.640061 0.401316 0.640829 0.401316 0.644666 0.402412 0.645434 0.402412 0.652341 0.401316 0.653108 0.402412 0.653876 0.402412 0.66155 0.403509 0.662318 0.403509 0.666922 0.402412 0.66769 0.403509 0.668457 0.403509 0.669992 0.404605 0.67076 0.404605 0.678434 0.405702 0.679202 0.405702 0.682272 0.404605 0.683039 0.404605 0.684574 0.405702 0.685342 0.405702 0.687644 0.406798 0.688411 0.406798 0.689179 0.407895 0.689946 0.407895 0.690714 0.408991 0.691481 0.408991 0.693016 0.407895 0.693784 0.407895 0.695318 0.408991 0.695318 0.410088 0.694551 0.411184 0.695318 0.413377 0.695318 0.424342 0.687644 0.424342 0.686876 0.425439 0.686109 0.425439 0.684574 0.426535 0.683807 0.426535 0.683039 0.425439 0.682272 0.426535 0.681504 0.426535 0.680737 0.425439 0.679969 0.425439 0.677667 0.426535 0.676899 0.426535 0.669992 0.427632 0.669225 0.427632 0.66155 0.426535 0.660783 0.426535 0.65848 0.425439 0.657713 0.425439 0.656178 0.424342 0.655411 0.424342 0.654643 0.423246 0.653876 0.423246 0.650038 0.424342 0.649271 0.424342 0.644666 0.425439 0.643899 0.425439 0.640829 0.426535 0.640061 0.426535 0.636224 0.427632 0.635457 0.427632 0.627782 0.428728 0.627015 0.428728 0.62548 0.429825 0.624712 0.429825 0.62241 0.430921 0.621642 0.430921 0.620107 0.429825 0.61934 0.429825 0.612433 0.430921 0.611665 0.430921 0.601688 0.428728 0.600153 0.428728 0.599386 0.427632 0.598619 0.427632 0.597084 0.424342 0.594781 0.423246 0.594781 0.422149 0.594014 0.421053 0.594014 0.419956 0.593246 0.41886 0.593246 0.414474 0.590177 0.413377 0.590177 0.411184 0.588642 0.410088 0.588642 0.408991 0.587874 0.407895 0.587874 0.403509 0.584804 0.403509 0.584037 0.402412 0.583269 0.402412 0.582502 0.401316 0.581734 0.401316 0.580967 0.400219 0.5802 0.400219 0.579432 0.398026 0.577897
0 0.712719 0.576362 0.711623 0.57713 0.711623 0.577897 0.70943 0.579432 0.70943 0.581734 0.711623 0.583269 0.714912 0.583269 0.716009 0.582502 0.716009 0.581734 0.718202 0.5802 0.718202 0.579432 0.719298 0.578665 0.719298 0.57713 0.718202 0.576362
0 0.16557 0.576362 0.164474 0.57713 0.164474 0.579432 0.16886 0.579432 0.169956 0.578665 0.169956 0.577897 0.16886 0.57713 0.16886 0.576362
0 0.705044 0.574827 0.705044 0.576362 0.70614 0.576362 0.70614 0.574827
0 0.16557 0.566385 0.164474 0.567153 0.164474 0.568688 0.16557 0.569455 0.167763 0.569455 0.167763 0.56792 0.166667 0.567153 0.166667 0.566385
0 0.100877 0.562548 0.10307 0.564083 0.104167 0.564083 0.105263 0.56485 0.107456 0.56485 0.108553 0.565618 0.114035 0.565618 0.115132 0.566385 0.116228 0.566385 0.117325 0.565618 0.118421 0.565618 0.118421 0.564083 0.116228 0.564083 0.115132 0.56485 0.107456 0.56485 0.10636 0.564083 0.105263 0.564083 0.104167 0.563315 0.10307 0.563315 0.101974 0.562548
0 0.0942982 0.562548 0.0932018 0.563315 0.0942982 0.563315 0.0953947 0.562548 0.0964912 0.562548
0 0.144737 0.554106 0.142544 0.555641 0.142544 0.556408 0.145833 0.556408 0.14693 0.555641 0.14693 0.554106
0 0.134868 0.547966 0.135965 0.548734 0.135965 0.549501 0.137061 0.549501 0.137061 0.548734 0.135965 0.547966
0 0.73136 0.546431 0.73136 0.547199 0.732456 0.547199 0.732456 0.546431
0 0.131579 0.544896 0.131579 0.545664 0.132675 0.545664 0.132675 0.544896
0 0.719298 0.532617 0.719298 0.534152 0.721491 0.534152 0.721491 0.533384 0.720395 0.532617
0 0.722588 0.520338 0.721491 0.521105 0.721491 0.521873 0.720395 0.52264 0.720395 0.523408 0.719298 0.524175 0.719298 0.526477 0.718202 0.527245 0.718202 0.528012 0.717105 0.52878 0.720395 0.52878 0.720395 0.528012 0.722588 0.526477 0.722588 0.524175 0.725877 0.521873 0.730263 0.521873 0.729167 0.521105 0.724781 0.521105 0.723684 0.520338
0 0.376096 0.518035 0.375 0.518803 0.373904 0.518803 0.372807 0.51957 0.373904 0.520338 0.373904 0.521105 0.376096 0.52264 0.376096 0.523408 0.377193 0.523408 0.378289 0.524175 0.378289 0.524942 0.379386 0.52571 0.380482 0.52571 0.381579 0.526477 0.384868 0.526477 0.387061 0.528012 0.388158 0.528012 0.389254 0.52878 0.390351 0.52878 0.391447 0.529547 0.392544 0.529547 0.39364 0.530315 0.395833 0.530315 0.39693 0.531082 0.400219 0.52878 0.400219 0.52571 0.399123 0.524942 0.399123 0.523408 0.395833 0.521105 0.395833 0.520338 0.394737 0.51957 0.39364 0.51957 0.391447 0.518035
0 0.411184 0.5165 0.408991 0.518035 0.408991 0.51957 0.410088 0.520338 0.413377 0.520338 0.414474 0.51957 0.414474 0.517268 0.413377 0.5165
0 0.700658 0.514198 0.700658 0.515733 0.701754 0.5165 0.702851 0.5165 0.703947 0.515733 0.703947 0.514965 0.702851 0.514198
0 0.58114 0.507291 0.580044 0.508058 0.575658 0.508058 0.574561 0.508826 0.572368 0.508826 0.571272 0.509593 0.570175 0.509593 0.569079 0.510361 0.566886 0.510361 0.565789 0.511128 0.563596 0.511128 0.5625 0.511896 0.561404 0.511896 0.560307 0.512663 0.559211 0.512663 0.558114 0.513431 0.557018 0.513431 0.555921 0.514198 0.554825 0.514198 0.553728 0.514965 0.552632 0.514965 0.551535 0.515733 0.550439 0.515733 0.548246 0.517268 0.547149 0.517268 0.544956 0.518803 0.54386 0.518803 0.54057 0.521105 0.54057 0.521873 0.539474 0.52264 0.539474 0.523408 0.538377 0.524175 0.538377 0.52571 0.537281 0.526477 0.537281 0.52878 0.54057 0.531082 0.541667 0.531082 0.54386 0.529547 0.544956 0.529547 0.546053 0.530315 0.548246 0.530315 0.549342 0.531082 0.550439 0.530315 0.551535 0.530315 0.557018 0.526477 0.559211 0.526477 0.560307 0.52571 0.5625 0.52571 0.564693 0.524175 0.565789 0.524175 0.565789 0.523408 0.566886 0.52264 0.567982 0.52264 0.569079 0.521873 0.573465 0.521873 0.573465 0.520338 0.576754 0.518035 0.578947 0.518035 0.580044 0.517268 0.583333 0.517268 0.586623 0.514965 0.587719 0.514965 0.587719 0.513431 0.588816 0.512663 0.588816 0.511896 0.589912 0.511128 0.587719 0.509593 0.587719 0.508058 0.586623 0.508058 0.585526 0.507291
0 0.66557 0.504221 0.663377 0.505756 0.660088 0.505756 0.658991 0.506523 0.654605 0.506523 0.652412 0.508058 0.651316 0.508058 0.651316 0.508826 0.652412 0.509593 0.652412 0.511896 0.653509 0.511896 0.658991 0.515733 0.660088 0.515733 0.661184 0.5165 0.662281 0.5165 0.663377 0.517268 0.664474 0.517268 0.66557 0.518035 0.672149 0.518035 0.673246 0.517268 0.675439 0.517268 0.675439 0.514965 0.676535 0.514198 0.676535 0.511896 0.675439 0.511128 0.676535 0.510361 0.676535 0.507291 0.674342 0.505756 0.671053 0.505756 0.669956 0.504988 0.66886 0.504988 0.667763 0.504221
0 0.75 0.490407 0.748904 0.491174 0.751096 0.492709 0.752193 0.492709 0.753289 0.493477 0.759868 0.493477 0.762061 0.491942 0.757675 0.491942 0.756579 0.491174 0.752193 0.491174 0.751096 0.490407
0 0.130482 0.485802 0.130482 0.486569 0.131579 0.487337 0.142544 0.487337 0.14364 0.486569 0.139254 0.486569 0.138158 0.487337 0.133772 0.487337 0.132675 0.486569 0.131579 0.486569
0 0.122807 0.4835 0.123904 0.484267 0.125 0.484267 0.126096 0.485035 0.128289 0.485035 0.127193 0.485035 0.126096 0.484267 0.125 0.484267 0.123904 0.4835
0 0.72807 0.481197 0.726974 0.481965 0.725877 0.481965 0.725877 0.482732 0.724781 0.4835 0.724781 0.485035 0.725877 0.485802 0.725877 0.486569 0.72807 0.488104 0.73136 0.488104 0.733553 0.486569 0.733553 0.484267 0.729167 0.481197
0 0.515351 0.478127 0.514254 0.478895 0.513158 0.478895 0.510965 0.48043 0.509868 0.48043 0.509868 0.4835 0.508772 0.484267 0.508772 0.487337 0.506579 0.488872 0.505482 0.488104 0.505482 0.489639 0.502193 0.491942 0.502193 0.492709 0.5 0.494244 0.5 0.495012 0.496711 0.497314 0.496711 0.498081 0.495614 0.498849 0.495614 0.501151 0.494518 0.501919 0.494518 0.502686 0.493421 0.503454 0.493421 0.504988 0.492325 0.505756 0.492325 0.508826 0.491228 0.509593 0.491228 0.5165 0.490132 0.517268 0.490132 0.524175 0.491228 0.524942 0.491228 0.529547 0.492325 0.530315 0.492325 0.53185 0.495614 0.534152 0.495614 0.536454 0.496711 0.537222 0.502193 0.537222 0.506579 0.534152 0.506579 0.533384 0.507675 0.532617 0.507675 0.53185 0.509868 0.530315 0.509868 0.52878 0.510965 0.528012 0.510965 0.526477 0.512061 0.52571 0.510965 0.524942 0.510965 0.524175 0.512061 0.523408 0.512061 0.514198 0.513158 0.513431 0.513158 0.504988 0.514254 0.504221 0.514254 0.490407 0.512061 0.488872 0.512061 0.485802 0.514254 0.484267 0.515351 0.484267 0.51864 0.481965 0.52193 0.481965 0.524123 0.4835 0.524123 0.484267 0.525219 0.485035 0.525219 0.485802 0.526316 0.486569 0.526316 0.489639 0.527412 0.489639 0.528509 0.490407 0.531798 0.490407 0.531798 0.489639 0.532895 0.488872 0.532895 0.488104 0.533991 0.487337 0.533991 0.486569 0.535088 0.485802 0.536184 0.485802 0.536184 0.485035 0.530702 0.481197 0.530702 0.48043 0.529605 0.48043 0.527412 0.478895 0.525219 0.478895 0.524123 0.478127
0 0.404605 0.476592 0.404605 0.47736 0.405702 0.47736 0.405702 0.476592
0 0.303728 0.476592 0.303728 0.478895 0.302632 0.479662 0.304825 0.481197 0.304825 0.481965 0.305921 0.482732 0.305921 0.4835 0.307018 0.484267 0.307018 0.485035 0.308114 0.485802 0.309211 0.485802 0.310307 0.486569 0.311404 0.486569 0.3125 0.487337 0.313596 0.487337 0.315789 0.488872 0.316886 0.488872 0.317982 0.489639 0.319079 0.489639 0.320175 0.490407 0.321272 0.490407 0.322368 0.491174 0.322368 0.491942 0.324561 0.493477 0.325658 0.493477 0.326754 0.494244 0.327851 0.494244 0.33114 0.496546 0.328947 0.495012 0.328947 0.494244 0.325658 0.491942 0.325658 0.491174 0.322368 0.488872 0.322368 0.488104 0.316886 0.484267 0.316886 0.4835 0.310307 0.478895 0.309211 0.478895 0.307018 0.47736 0.304825 0.47736
0 0.367325 0.470453 0.366228 0.47122 0.367325 0.47122
0 0.335526 0.467383 0.333333 0.468918 0.333333 0.473523 0.335526 0.475058 0.335526 0.475825 0.337719 0.47736 0.339912 0.47736 0.339912 0.475825 0.341009 0.475058 0.341009 0.473523 0.339912 0.472755 0.339912 0.470453 0.337719 0.468918 0.337719 0.46815 0.336623 0.46815
0 0.555921 0.466616 0.554825 0.467383 0.551535 0.467383 0.550439 0.46815 0.546053 0.46815 0.544956 0.468918 0.544956 0.473523 0.546053 0.47429 0.546053 0.476592 0.544956 0.47736 0.54386 0.47736 0.54386 0.481197 0.546053 0.481197 0.546053 0.478895 0.549342 0.476592 0.549342 0.475058 0.551535 0.473523 0.551535 0.472755 0.552632 0.471988 0.555921 0.471988 0.557018 0.472755 0.558114 0.472755 0.559211 0.473523 0.560307 0.473523 0.561404 0.47429 0.5625 0.473523 0.563596 0.473523 0.565789 0.471988 0.565789 0.47122 0.566886 0.470453 0.566886 0.469685 0.565789 0.469685 0.564693 0.468918 0.563596 0.468918 0.5625 0.46815 0.561404 0.46815 0.560307 0.467383 0.558114 0.467383 0.557018 0.466616
0 0.467105 0.462778 0.466009 0.463546 0.464912 0.463546 0.463816 0.464313 0.462719 0.464313 0.461623 0.465081 0.461623 0.465848 0.460526 0.466616 0.460526 0.468918 0.45943 0.469685 0.45943 0.471988 0.458333 0.472755 0.458333 0.478895 0.457237 0.479662 0.457237 0.481197 0.455044 0.482732 0.455044 0.488872 0.453947 0.489639 0.453947 0.490407 0.452851 0.491174 0.452851 0.491942 0.451754 0.492709 0.451754 0.495012 0.450658 0.495779 0.450658 0.496546 0.449561 0.497314 0.449561 0.498081 0.448465 0.498849 0.448465 0.504988 0.447368 0.505756 0.447368 0.506523 0.446272 0.507291 0.446272 0.508058 0.444079 0.509593 0.444079 0.511128 0.442982 0.511896 0.442982 0.514198 0.441886 0.514965 0.441886 0.515733 0.440789 0.5165 0.440789 0.520338 0.439693 0.521105 0.439693 0.521873 0.438596 0.52264 0.438596 0.524942 0.4375 0.52571 0.4375 0.531082 0.436404 0.53185 0.436404 0.533384 0.435307 0.534152 0.435307 0.536454 0.434211 0.537222 0.434211 0.537989 0.433114 0.538757 0.433114 0.541059 0.432018 0.541827 0.432018 0.544896 0.430921 0.545664 0.430921 0.546431 0.428728 0.547966 0.428728 0.548734 0.426535 0.550269 0.426535 0.551804 0.427632 0.552571 0.427632 0.554106 0.426535 0.554873 0.426535 0.558711 0.425439 0.559478 0.425439 0.561013 0.424342 0.561781 0.424342 0.562548 0.423246 0.563315 0.423246 0.564083 0.422149 0.56485 0.422149 0.566385 0.419956 0.56792 0.419956 0.569455 0.41886 0.570223 0.41886 0.57713 0.421053 0.578665 0.421053 0.5802 0.422149 0.580967 0.425439 0.580967 0.425439 0.577897 0.427632 0.576362 0.427632 0.575595 0.428728 0.574827 0.428728 0.573292 0.427632 0.572525 0.427632 0.570223 0.428728 0.569455 0.428728 0.567153 0.429825 0.566385 0.429825 0.565618 0.430921 0.56485 0.430921 0.564083 0.433114 0.562548 0.433114 0.558711 0.434211 0.557943 0.434211 0.554106 0.435307 0.553338 0.435307 0.551804 0.436404 0.551036 0.436404 0.550269 0.4375 0.549501 0.4375 0.548734 0.438596 0.547966 0.438596 0.547199 0.439693 0.546431 0.439693 0.537989 0.440789 0.537222 0.440789 0.534919 0.441886 0.534152 0.441886 0.530315 0.440789 0.529547 0.440789 0.526477 0.439693 0.52571 0.439693 0.521873 0.441886 0.520338 0.441886 0.51957 0.447368 0.515733 0.448465 0.515733 0.448465 0.514965 0.449561 0.514198 0.449561 0.513431 0.457237 0.508058 0.457237 0.506523 0.458333 0.505756 0.458333 0.504988 0.460526 0.503454 0.461623 0.503454 0.462719 0.502686 0.463816 0.502686 0.464912 0.501919 0.466009 0.501919 0.469298 0.499616 0.470395 0.499616 0.473684 0.497314 0.474781 0.497314 0.475877 0.496546 0.476974 0.496546 0.480263 0.494244 0.48136 0.494244 0.48136 0.490407 0.482456 0.489639 0.482456 0.488872 0.483553 0.488104 0.483553 0.47429 0.482456 0.473523 0.482456 0.472755 0.48136 0.471988 0.48136 0.47122 0.480263 0.470453 0.480263 0.469685 0.47807 0.46815 0.47807 0.466616 0.473684 0.463546 0.472588 0.463546 0.471491 0.462778
0 0.593202 0.458941 0.592105 0.459708 0.592105 0.463546 0.591009 0.464313 0.591009 0.465081 0.592105 0.465848 0.592105 0.467383 0.593202 0.467383 0.594298 0.46815 0.595395 0.467383 0.597588 0.467383 0.598684 0.466616 0.599781 0.466616 0.600877 0.465848 0.601974 0.465848 0.60307 0.465081 0.604167 0.465081 0.605263 0.464313 0.60636 0.464313 0.608553 0.465848 0.612939 0.465848 0.614035 0.466616 0.619518 0.466616 0.620614 0.465848 0.625 0.465848 0.626096 0.466616 0.632675 0.466616 0.633772 0.465848 0.629386 0.462778 0.626096 0.462778 0.625 0.462011 0.608553 0.462011 0.607456 0.461243 0.60307 0.461243 0.601974 0.462011 0.599781 0.462011 0.595395 0.458941
0 0.769737 0.456639 0.769737 0.457406 0.770833 0.458173 0.77193 0.457406 0.770833 0.456639
0 0.733553 0.456639 0.733553 0.457406 0.735746 0.458941 0.736842 0.458941 0.737939 0.459708 0.737939 0.460476 0.736842 0.461243 0.736842 0.463546 0.737939 0.464313 0.739035 0.464313 0.740132 0.463546 0.740132 0.462011 0.741228 0.461243 0.741228 0.460476 0.740132 0.459708 0.740132 0.458941 0.739035 0.458173 0.739035 0.457406 0.737939 0.457406 0.736842 0.456639
0 0.336623 0.455871 0.335526 0.456639 0.336623 0.457406 0.337719 0.457406 0.338816 0.458173 0.338816 0.455871
0 0.561404 0.455104 0.560307 0.455871 0.560307 0.458173 0.5625 0.459708 0.563596 0.459708 0.564693 0.458941 0.565789 0.458941 0.565789 0.458173 0.566886 0.457406 0.566886 0.456639 0.565789 0.455871 0.564693 0.455871 0.563596 0.455104
0 0.792763 0.454336 0.791667 0.455104 0.787281 0.455104 0.787281 0.455871 0.79057 0.455871 0.791667 0.456639 0.792763 0.455871 0.798246 0.455871 0.799342 0.455104 0.800439 0.455104 0.796053 0.455104 0.794956 0.454336
0 0.723684 0.448964 0.723684 0.450499 0.724781 0.451266 0.726974 0.451266 0.726974 0.448964
0 0.287281 0.446662 0.286184 0.447429 0.286184 0.451266 0.289474 0.453569 0.289474 0.455104 0.29057 0.455871 0.29057 0.456639 0.29386 0.458941 0.294956 0.458941 0.297149 0.457406 0.296053 0.456639 0.296053 0.455871 0.294956 0.455104 0.294956 0.451266 0.29386 0.450499 0.29386 0.449731 0.29057 0.447429 0.288377 0.447429
0 0.585526 0.445894 0.58443 0.446662 0.58443 0.448196 0.585526 0.448964 0.587719 0.447429 0.587719 0.446662 0.586623 0.445894
0 0.323465 0.435917 0.323465 0.436685 0.324561 0.436685 0.324561 0.435917
0 0.107456 0.435917 0.107456 0.436685 0.108553 0.436685 0.109649 0.437452 0.109649 0.436685 0.108553 0.435917
0 0.573465 0.429777 0.571272 0.431312 0.571272 0.43208 0.570175 0.432847 0.570175 0.433615 0.569079 0.434382 0.569079 0.43515 0.567982 0.435917 0.567982 0.436685 0.566886 0.437452 0.566886 0.439754 0.569079 0.439754 0.570175 0.438987 0.570175 0.438219 0.571272 0.437452 0.571272 0.435917 0.572368 0.43515 0.572368 0.434382 0.573465 0.433615
0 0.378289 0.414428 0.378289 0.415196 0.379386 0.415196 0.379386 0.414428
0 0.585526 0.408289 0.58443 0.409056 0.58443 0.410591 0.585526 0.409823
0 0.253289 0.408289 0.251096 0.409823 0.251096 0.413661 0.252193 0.414428 0.252193 0.415196 0.253289 0.415963 0.254386 0.415963 0.255482 0.415196 0.255482 0.412126 0.256579 0.411358 0.255482 0.410591 0.255482 0.409056 0.254386 0.408289
0 0.339912 0.405986 0.338816 0.406754 0.338816 0.407521 0.337719 0.408289 0.338816 0.409056 0.338816 0.409823 0.339912 0.409823 0.342105 0.408289 0.342105 0.406754 0.341009 0.406754
0 0.450658 0.402916 0.450658 0.405219 0.452851 0.406754 0.452851 0.407521 0.455044 0.409056 0.45614 0.409056 0.457237 0.409823 0.460526 0.409823 0.460526 0.409056 0.45943 0.408289 0.45943 0.407521 0.453947 0.403684 0.452851 0.403684 0.451754 0.402916
0 0.195175 0.402916 0.196272 0.403684 0.196272 0.404451 0.198465 0.405986 0.198465 0.404451 0.196272 0.402916
0 0.269737 0.387567 0.269737 0.388335 0.26864 0.389102 0.26864 0.395242 0.269737 0.396009 0.269737 0.401381 0.270833 0.402149 0.270833 0.405219 0.27193 0.405986 0.274123 0.405986 0.274123 0.405219 0.275219 0.404451 0.275219 0.38987 0.274123 0.389102 0.274123 0.388335 0.273026 0.387567
0 0.232456 0.386032 0.233553 0.3868 0.233553 0.388335 0.234649 0.389102 0.234649 0.390637 0.235746 0.391404 0.235746 0.392172 0.239035 0.394474 0.240132 0.393707 0.239035 0.392939 0.239035 0.392172 0.237939 0.391404 0.237939 0.390637 0.234649 0.388335 0.234649 0.387567
0 0.470395 0.38373 0.470395 0.3868 0.471491 0.387567 0.471491 0.388335 0.48136 0.395242 0.482456 0.395242 0.483553 0.396009 0.484649 0.396009 0.485746 0.395242 0.485746 0.392939 0.476974 0.3868 0.475877 0.3868 0.472588 0.384497 0.471491 0.384497
0 0.376096 0.375288 0.376096 0.376055 0.377193 0.376055 0.377193 0.375288
0 0.218202 0.375288 0.219298 0.376055 0.221491 0.376055 0.221491 0.375288
0 0.491228 0.373753 0.490132 0.37452 0.489035 0.37452 0.489035 0.379125 0.487939 0.379893 0.487939 0.382195 0.491228 0.384497 0.491228 0.385265 0.496711 0.389102 0.497807 0.389102 0.498904 0.388335 0.498904 0.387567 0.5 0.3868 0.5 0.38373 0.498904 0.382962 0.497807 0.382962 0.496711 0.382195 0.495614 0.382195 0.493421 0.38066 0.493421 0.379893 0.494518 0.379125 0.494518 0.378358 0.495614 0.37759 0.495614 0.375288 0.494518 0.375288 0.493421 0.37452 0.492325 0.37452
0 0.336623 0.364543 0.336623 0.365311 0.337719 0.366078 0.338816 0.366078 0.338816 0.365311 0.337719 0.364543
0 0.23136 0.359171 0.23136 0.361474 0.232456 0.362241 0.232456 0.363008 0.233553 0.363776 0.233553 0.361474 0.232456 0.360706 0.232456 0.359939
0 0.241228 0.356101 0.241228 0.360706 0.240132 0.361474 0.240132 0.363008 0.241228 0.363008 0.241228 0.362241 0.242325 0.361474 0.242325 0.357636 0.241228 0.356869
0 0.667763 0.349194 0.667763 0.351497 0.669956 0.353031 0.667763 0.354566 0.666667 0.354566 0.667763 0.355334 0.66886 0.354566 0.669956 0.354566 0.672149 0.353031 0.672149 0.350729 0.669956 0.349194
0 0.207237 0.33845 0.207237 0.339217 0.210526 0.34152 0.210526 0.340752 0.20943 0.339985 0.20943 0.339217 0.208333 0.339217
0 0.432018 0.333845 0.435307 0.336147 0.435307 0.336915 0.436404 0.337682 0.436404 0.33845 0.4375 0.339217 0.4375 0.340752 0.438596 0.34152 0.438596 0.344589 0.439693 0.345357 0.439693 0.352264 0.440789 0.353031 0.440789 0.353799 0.441886 0.354566 0.441886 0.355334 0.442982 0.356101 0.442982 0.356869 0.445175 0.358404 0.445175 0.359171 0.448465 0.361474 0.448465 0.362241 0.450658 0.363776 0.450658 0.364543 0.451754 0.365311 0.451754 0.367613 0.452851 0.368381 0.452851 0.370683 0.453947 0.37145 0.453947 0.37452 0.455044 0.375288 0.455044 0.376823 0.460526 0.38066 0.461623 0.38066 0.460526 0.379893 0.460526 0.379125 0.45943 0.378358 0.45943 0.376055 0.458333 0.375288 0.458333 0.372985 0.457237 0.372218 0.457237 0.37145 0.45614 0.370683 0.45614 0.369916 0.455044 0.369148 0.455044 0.368381 0.453947 0.367613 0.453947 0.366078 0.452851 0.365311 0.452851 0.364543 0.451754 0.363776 0.451754 0.363008 0.450658 0.362241 0.450658 0.361474 0.449561 0.360706 0.449561 0.358404 0.448465 0.357636 0.448465 0.355334 0.445175 0.353031 0.445175 0.352264 0.444079 0.351497 0.444079 0.350729 0.442982 0.349962 0.442982 0.349194 0.441886 0.348427 0.441886 0.346892 0.440789 0.346124 0.440789 0.343054 0.439693 0.342287 0.439693 0.340752 0.438596 0.339985 0.438596 0.339217 0.4375 0.33845 0.4375 0.337682 0.436404 0.336915 0.436404 0.336147 0.433114 0.333845
0 0.254386 0.330775 0.254386 0.333078 0.255482 0.333845 0.255482 0.334612 0.256579 0.33538 0.256579 0.33845 0.257675 0.339217 0.260965 0.339217 0.262061 0.339985 0.264254 0.339985 0.262061 0.33845 0.259868 0.33845 0.258772 0.337682 0.258772 0.336915 0.257675 0.336147 0.257675 0.334612 0.256579 0.333845 0.256579 0.333078 0.254386 0.331543
0 0.502193 0.328473 0.502193 0.330008 0.496711 0.333845 0.495614 0.333845 0.494518 0.334612 0.494518 0.33538 0.492325 0.336915 0.492325 0.339217 0.493421 0.339985 0.493421 0.342287 0.496711 0.342287 0.497807 0.34152 0.498904 0.34152 0.498904 0.340752 0.501096 0.339217 0.5 0.33845 0.5 0.336147 0.501096 0.33538 0.501096 0.333845 0.502193 0.333078 0.502193 0.33231 0.503289 0.331543 0.503289 0.32924
0 0.195175 0.328473 0.196272 0.32924 0.196272 0.330008 0.200658 0.333078 0.200658 0.333845 0.202851 0.33538 0.201754 0.334612 0.201754 0.333845 0.200658 0.333078 0.200658 0.33231 0.198465 0.330775 0.198465 0.330008 0.196272 0.328473
0 0.485746 0.323101 0.485746 0.323868 0.486842 0.323868 0.486842 0.323101
0 0.236842 0.303147 0.235746 0.303914 0.236842 0.304682 0.236842 0.305449 0.237939 0.306216 0.237939 0.306984 0.239035 0.307751 0.239035 0.309286 0.240132 0.310054 0.240132 0.310821 0.241228 0.311589 0.241228 0.312356 0.242325 0.313124 0.242325 0.313891 0.243421 0.314658 0.243421 0.315426 0.245614 0.316961 0.245614 0.317728 0.246711 0.318496 0.246711 0.320031 0.248904 0.321566 0.248904 0.322333 0.25 0.322333 0.248904 0.321566 0.248904 0.320798 0.247807 0.320031 0.247807 0.319263 0.246711 0.318496 0.246711 0.317728 0.245614 0.316961 0.245614 0.315426 0.243421 0.313891 0.243421 0.313124 0.242325 0.312356 0.242325 0.311589 0.240132 0.310054 0.240132 0.309286 0.239035 0.308519 0.239035 0.306984 0.237939 0.306216 0.237939 0.304682 0.236842 0.303914
0 0.484649 0.2901 0.484649 0.290867 0.485746 0.290867
0 0.586623 0.289332 0.58443 0.290867 0.585526 0.291635 0.585526 0.29317 0.586623 0.293937 0.588816 0.292402 0.588816 0.290867 0.587719 0.2901 0.587719 0.289332
0 0.691886 0.274751 0.690789 0.275518 0.691886 0.276285 0.691886 0.277053 0.692982 0.277053 0.692982 0.275518
0 0.412281 0.261704 0.412281 0.262471 0.414474 0.264006 0.41557 0.264006 0.41557 0.263239 0.414474 0.263239
0 0.449561 0.252494 0.449561 0.253262 0.450658 0.253262 0.450658 0.252494
0 0.714912 0.211819 0.714912 0.212586 0.716009 0.212586 0.716009 0.211819
0 0.663377 0.202609 0.663377 0.207214 0.664474 0.207982 0.667763 0.207982 0.667763 0.207214 0.669956 0.205679 0.669956 0.204144 0.667763 0.202609
0 0.498904 0.19033 0.497807 0.191097 0.497807 0.194167 0.498904 0.194167
0 0.569079 0.182655 0.569079 0.183423 0.567982 0.18419 0.569079 0.184958 0.569079 0.192632 0.567982 0.1934 0.567982 0.19954 0.566886 0.200307 0.566886 0.201842 0.565789 0.202609 0.565789 0.204912 0.566886 0.205679 0.566886 0.207214 0.567982 0.207982 0.567982 0.211051 0.569079 0.211819 0.569079 0.216424 0.567982 0.217191 0.567982 0.218726 0.565789 0.220261 0.565789 0.221028 0.564693 0.221796 0.564693 0.223331 0.565789 0.224098 0.565789 0.226401 0.566886 0.227168 0.566886 0.228703 0.565789 0.22947 0.565789 0.231005 0.564693 0.231773 0.564693 0.234075 0.563596 0.234843 0.563596 0.23561 0.5625 0.236378 0.5625 0.243285 0.561404 0.244052 0.561404 0.250192 0.560307 0.250959 0.560307 0.251727 0.559211 0.252494 0.559211 0.257866 0.558114 0.258634 0.558114 0.261704 0.557018 0.262471 0.557018 0.263239 0.558114 0.264006 0.558114 0.265541 0.559211 0.264774 0.560307 0.264774 0.561404 0.264006 0.561404 0.262471 0.563596 0.260936 0.563596 0.260169 0.564693 0.259401 0.564693 0.258634 0.565789 0.257866 0.565789 0.256332 0.566886 0.255564 0.566886 0.254797 0.569079 0.253262 0.569079 0.250192 0.570175 0.249424 0.570175 0.247889 0.571272 0.247122 0.571272 0.24482 0.572368 0.244052 0.572368 0.243285 0.573465 0.242517 0.573465 0.24175 0.574561 0.240982 0.574561 0.240215 0.575658 0.239447 0.575658 0.23868 0.576754 0.237913 0.576754 0.237145 0.575658 0.236378 0.575658 0.233308 0.576754 0.23254 0.576754 0.231773 0.577851 0.231005 0.577851 0.226401 0.580044 0.224866 0.580044 0.224098 0.58114 0.223331 0.58114 0.222563 0.582237 0.221796 0.582237 0.219493 0.58114 0.218726 0.58114 0.217191 0.580044 0.216424 0.580044 0.215656 0.578947 0.214889 0.578947 0.214121 0.577851 0.213354 0.577851 0.210284 0.580044 0.208749 0.580044 0.207214 0.58114 0.206447 0.58114 0.205679 0.582237 0.204912 0.582237 0.201842 0.583333 0.201074 0.583333 0.194167 0.58443 0.1934 0.58443 0.18726 0.583333 0.186493 0.583333 0.185725 0.582237 0.184958 0.58114 0.184958 0.580044 0.18419 0.578947 0.18419 0.577851 0.183423 0.572368 0.183423 0.571272 0.182655
0 0.430921 0.181888 0.432018 0.182655 0.430921 0.183423 0.432018 0.18419 0.432018 0.185725 0.433114 0.186493 0.433114 0.188028 0.434211 0.188795 0.434211 0.189563 0.435307 0.19033 0.435307 0.191097 0.436404 0.191865 0.436404 0.192632 0.4375 0.1934 0.4375 0.195702 0.438596 0.19647 0.438596 0.202609 0.439693 0.203377 0.439693 0.207214 0.439693 0.201074 0.438596 0.200307 0.438596 0.194167 0.4375 0.1934 0.4375 0.192632 0.436404 0.191865 0.436404 0.191097 0.435307 0.19033 0.435307 0.189563 0.434211 0.188795 0.434211 0.188028 0.433114 0.18726 0.433114 0.185725 0.432018 0.184958 0.432018 0.181888
0 0.430921 0.175748 0.429825 0.176516 0.429825 0.178818 0.430921 0.179586
0 0.703947 0.171144 0.702851 0.171911 0.701754 0.171911 0.702851 0.172678 0.703947 0.171911
0 0.710526 0.163469 0.70943 0.164236 0.70943 0.165004 0.711623 0.163469
0 0.58443 0.162701 0.58443 0.163469 0.583333 0.164236 0.583333 0.166539 0.582237 0.167306 0.583333 0.167306 0.583333 0.166539 0.58443 0.165771
0 0.669956 0.154259 0.66886 0.155027 0.66886 0.155794 0.667763 0.156562 0.663377 0.156562 0.661184 0.158097 0.660088 0.158097 0.660088 0.162701 0.658991 0.163469 0.658991 0.165004 0.660088 0.165004 0.660088 0.164236 0.662281 0.162701 0.66557 0.162701 0.66557 0.161934 0.66886 0.159632 0.671053 0.159632 0.671053 0.158097 0.672149 0.157329 0.672149 0.156562 0.671053 0.155794 0.671053 0.154259
0 0.503289 0.145817 0.502193 0.146585 0.503289 0.147352 0.505482 0.147352 0.505482 0.145817
0 0.662281 0.144282 0.662281 0.147352 0.661184 0.14812 0.660088 0.14812 0.658991 0.148887 0.658991 0.149655 0.656798 0.15119 0.656798 0.154259 0.657895 0.155027 0.658991 0.154259 0.660088 0.154259 0.660088 0.153492 0.661184 0.152724 0.661184 0.15119 0.662281 0.150422 0.662281 0.149655 0.664474 0.14812 0.664474 0.147352 0.663377 0.146585 0.663377 0.14505
0 0.678728 0.14198 0.677632 0.142748 0.676535 0.142748 0.676535 0.144282 0.677632 0.14505 0.680921 0.142748 0.680921 0.14198
0 0.539474 0.112817 0.539474 0.114351 0.54057 0.115119 0.54057 0.115886 0.541667 0.115119 0.54057 0.114351 0.54057 0.113584
0 0.585526 0.110514 0.585526 0.111282 0.586623 0.112049 0.586623 0.114351 0.587719 0.115119 0.587719 0.118189 0.588816 0.118956 0.588816 0.120491 0.589912 0.121259 0.589912 0.125096 0.591009 0.125863 0.591009 0.126631 0.588816 0.128166 0.588816 0.129701 0.589912 0.130468 0.591009 0.129701 0.591009 0.122794 0.592105 0.122026 0.591009 0.121259 0.591009 0.120491 0.589912 0.119724 0.589912 0.118189 0.588816 0.117421 0.588816 0.114351 0.587719 0.113584 0.587719 0.112049 0.586623 0.111282 0.586623 0.110514
0 0.524123 0.102072 0.524123 0.10284 0.525219 0.10284 0.527412 0.104375 0.529605 0.104375 0.532895 0.106677 0.533991 0.106677 0.535088 0.107444 0.535088 0.108212 0.536184 0.108212 0.529605 0.103607 0.528509 0.103607 0.527412 0.10284 0.526316 0.10284 0.525219 0.102072
