0 0.364035 0.821949 0.362939 0.822717 0.360746 0.822717 0.358553 0.824252 0.357456 0.824252 0.355263 0.825787 0.35307 0.825787 0.347588 0.829624 0.347588 0.830391 0.344298 0.832694 0.344298 0.833461 0.343202 0.834229 0.343202 0.834996 0.342105 0.835764 0.342105 0.836531 0.339912 0.838066 0.339912 0.838833 0.338816 0.839601 0.338816 0.841136 0.336623 0.842671 0.336623 0.843438 0.33443 0.844973 0.33443 0.846508 0.333333 0.847276 0.333333 0.84881 0.332237 0.849578 0.332237 0.850345 0.33114 0.851113 0.33114 0.85188 0.330044 0.852648 0.330044 0.85495 0.328947 0.855718 0.328947 0.857252 0.327851 0.85802 0.327851 0.860322 0.325658 0.861857 0.325658 0.864927 0.324561 0.865695 0.324561 0.867229 0.323465 0.867997 0.323465 0.871067 0.322368 0.871834 0.322368 0.872602 0.321272 0.873369 0.321272 0.878741 0.320175 0.879509 0.320175 0.881044 0.321272 0.881811 0.320175 0.882579 0.320175 0.883346 0.319079 0.884114 0.317982 0.883346 0.320175 0.884881 0.319079 0.885649 0.317982 0.885649 0.316886 0.884881 0.315789 0.884881 0.315789 0.885649 0.316886 0.886416 0.316886 0.887183 0.315789 0.887951 0.316886 0.888718 0.315789 0.889486 0.314693 0.889486 0.313596 0.890253 0.313596 0.891021 0.314693 0.891788 0.314693 0.895625 0.313596 0.896393 0.313596 0.899463 0.314693 0.90023 0.313596 0.900998 0.3125 0.900998 0.3125 0.902533 0.311404 0.9033 0.311404 0.904068 0.3125 0.904068 0.313596 0.904835 0.3125 0.905602 0.3125 0.907137 0.311404 0.907905 0.310307 0.907137 0.309211 0.907905 0.309211 0.90944 0.308114 0.910207 0.308114 0.914812 0.307018 0.915579 0.307018 0.916347 0.308114 0.917114 0.308114 0.917882 0.307018 0.918649 0.305921 0.918649 0.304825 0.917882 0.304825 0.917114 0.304825 0.917882 0.303728 0.918649 0.303728 0.920184 0.304825 0.920952 0.304825 0.926324 0.303728 0.927091 0.303728 0.930929 0.302632 0.931696 0.302632 0.935533 0.301535 0.936301 0.301535 0.939371 0.297149 0.942441 0.297149 0.944743 0.296053 0.94551 0.296053 0.953952 0.297149 0.953952 0.300439 0.956255 0.301535 0.956255 0.311404 0.963162 0.3125 0.963162 0.321272 0.969302 0.322368 0.969302 0.323465 0.970069 0.323465 0.972371 0.324561 0.971604 0.324561 0.970837 0.333333 0.964697 0.337719 0.964697 0.339912 0.963162 0.341009 0.963162 0.343202 0.961627 0.346491 0.961627 0.347588 0.96086 0.348684 0.96086 0.349781 0.960092 0.350877 0.960092 0.351974 0.959325 0.35307 0.959325 0.354167 0.958557 0.355263 0.958557 0.35636 0.95779 0.357456 0.95779 0.361842 0.95472 0.361842 0.953185 0.364035 0.95165 0.364035 0.947813 0.362939 0.947045 0.362939 0.94551 0.360746 0.94551 0.359649 0.944743 0.358553 0.944743 0.357456 0.943975 0.35636 0.943975 0.355263 0.943208 0.354167 0.943208 0.350877 0.940906 0.350877 0.939371 0.349781 0.938603 0.349781 0.931696 0.350877 0.930929 0.350877 0.927091 0.351974 0.926324 0.351974 0.921719 0.35307 0.920952 0.35307 0.920184 0.355263 0.918649 0.355263 0.916347 0.35636 0.915579 0.35636 0.910975 0.357456 0.910207 0.357456 0.90944 0.358553 0.908672 0.358553 0.907905 0.359649 0.907137 0.359649 0.904068 0.360746 0.9033 0.359649 0.902533 0.361842 0.900998 0.362939 0.900998 0.362939 0.898695 0.365132 0.89716 0.365132 0.895625 0.366228 0.894858 0.366228 0.894091 0.367325 0.893323 0.367325 0.892556 0.368421 0.891788 0.368421 0.891021 0.369518 0.890253 0.369518 0.888718 0.370614 0.887951 0.370614 0.887183 0.372807 0.885649 0.373904 0.885649 0.375 0.884881 0.375 0.883346 0.376096 0.882579 0.376096 0.881811 0.377193 0.881044 0.377193 0.880276 0.378289 0.879509 0.378289 0.877206 0.379386 0.876439 0.379386 0.875672 0.381579 0.874137 0.382675 0.874137 0.382675 0.872602 0.383772 0.871834 0.383772 0.871067 0.387061 0.868764 0.387061 0.867997 0.389254 0.866462 0.389254 0.862625 0.390351 0.861857 0.390351 0.859555 0.391447 0.858787 0.391447 0.855718 0.390351 0.85495 0.390351 0.852648 0.391447 0.85188 0.391447 0.849578 0.390351 0.849578 0.389254 0.84881 0.389254 0.847276 0.388158 0.846508 0.388158 0.844973 0.387061 0.844206 0.387061 0.841136 0.385965 0.840368 0.385965 0.838066 0.384868 0.837299 0.384868 0.836531 0.381579 0.834229 0.381579 0.833461 0.379386 0.831926 0.379386 0.831159 0.378289 0.830391 0.378289 0.828856 0.376096 0.827322 0.376096 0.826554 0.373904 0.825019 0.373904 0.824252 0.372807 0.823484 0.371711 0.823484 0.370614 0.822717 0.366228 0.822717 0.365132 0.821949
0 0.232456 0.801995 0.232456 0.80353 0.233553 0.804298 0.234649 0.804298 0.234649 0.802763 0.233553 0.801995
0 0.202851 0.792018 0.202851 0.793553 0.203947 0.793553 0.203947 0.792018
0 0.245614 0.788181 0.245614 0.788949 0.246711 0.788949
0 0.225877 0.787414 0.226974 0.788181 0.226974 0.787414
0 0.164474 0.776669 0.162281 0.778204 0.161184 0.778204 0.161184 0.778972 0.160088 0.779739 0.158991 0.779739 0.156798 0.781274 0.156798 0.782041 0.157895 0.782041 0.160088 0.780507 0.161184 0.780507 0.162281 0.779739 0.162281 0.778972 0.163377 0.778204 0.164474 0.778204 0.16557 0.777437 0.16557 0.776669
0 0.192982 0.77053 0.192982 0.771297 0.191886 0.772064 0.194079 0.773599 0.195175 0.773599 0.196272 0.772832 0.196272 0.771297 0.195175 0.77053
0 0.264254 0.766692 0.264254 0.77053 0.265351 0.77053 0.265351 0.768995 0.264254 0.768227
0 0.144737 0.763622 0.144737 0.76439 0.145833 0.765157 0.148026 0.765157 0.145833 0.763622
0 0.132675 0.759785 0.132675 0.760553 0.130482 0.762087 0.130482 0.762855 0.131579 0.762855 0.132675 0.762087
0 0.196272 0.75825 0.195175 0.759018 0.195175 0.760553 0.194079 0.76132 0.194079 0.762855 0.196272 0.76439 0.197368 0.76439 0.198465 0.765157 0.200658 0.765157 0.201754 0.76439 0.203947 0.76439 0.20614 0.762855 0.20614 0.762087 0.200658 0.75825
0 0.155702 0.757483 0.155702 0.759018 0.156798 0.759785 0.157895 0.759785 0.158991 0.759018 0.158991 0.75825 0.157895 0.75825 0.156798 0.757483
0 0.512061 0.756715 0.510965 0.757483 0.510965 0.759018 0.505482 0.762855 0.505482 0.763622 0.504386 0.76439 0.504386 0.765157 0.503289 0.765925 0.5 0.765925 0.5 0.766692 0.498904 0.76746 0.498904 0.768227 0.497807 0.768995 0.497807 0.769762 0.495614 0.771297 0.495614 0.772064 0.493421 0.773599 0.493421 0.774367 0.492325 0.775134 0.492325 0.775902 0.491228 0.776669 0.491228 0.777437 0.490132 0.778204 0.490132 0.778972 0.489035 0.779739 0.489035 0.780507 0.490132 0.781274 0.490132 0.782041 0.489035 0.782809 0.489035 0.784344 0.487939 0.785111 0.487939 0.787414 0.486842 0.788181 0.486842 0.789716 0.485746 0.790483 0.485746 0.791251 0.484649 0.792018 0.484649 0.793553 0.483553 0.794321 0.482456 0.794321 0.482456 0.797391 0.483553 0.798158 0.482456 0.798926 0.482456 0.799693 0.483553 0.80046 0.483553 0.802763 0.484649 0.80353 0.484649 0.805065 0.486842 0.8066 0.486842 0.80967 0.487939 0.810437 0.487939 0.81274 0.489035 0.813507 0.489035 0.814275 0.490132 0.815042 0.490132 0.816577 0.492325 0.818112 0.492325 0.81888 0.494518 0.820414 0.494518 0.822717 0.493421 0.823484 0.493421 0.824252 0.494518 0.823484 0.495614 0.824252 0.504386 0.824252 0.505482 0.823484 0.508772 0.823484 0.509868 0.822717 0.512061 0.822717 0.513158 0.821949 0.514254 0.821949 0.515351 0.821182 0.516447 0.821182 0.51864 0.819647 0.519737 0.819647 0.520833 0.81888 0.52193 0.81888 0.525219 0.816577 0.526316 0.816577 0.526316 0.81581 0.530702 0.81274 0.530702 0.811972 0.535088 0.808903 0.535088 0.808135 0.537281 0.8066 0.538377 0.8066 0.539474 0.805833 0.54057 0.805833 0.54057 0.805065 0.541667 0.804298 0.541667 0.80353 0.54057 0.802763 0.542763 0.801228 0.542763 0.80046 0.541667 0.799693 0.54057 0.799693 0.539474 0.798926 0.539474 0.797391 0.537281 0.795856 0.537281 0.792786 0.536184 0.792018 0.536184 0.785879 0.537281 0.785111 0.537281 0.783576 0.538377 0.782809 0.538377 0.782041 0.535088 0.779739 0.535088 0.776669 0.533991 0.775902 0.533991 0.775134 0.531798 0.773599 0.531798 0.772832 0.530702 0.772064 0.530702 0.768995 0.527412 0.766692 0.527412 0.765925 0.520833 0.76132 0.519737 0.76132 0.51864 0.760553 0.51864 0.759785 0.517544 0.759785 0.516447 0.759018 0.516447 0.75825 0.515351 0.757483 0.513158 0.757483
0 0.191886 0.75518 0.190789 0.755948 0.190789 0.756715 0.191886 0.756715 0.192982 0.755948
0 0.117325 0.722947 0.117325 0.723715 0.118421 0.723715 0.118421 0.722947
0 0.313596 0.713738 0.313596 0.71604 0.315789 0.717575 0.316886 0.717575 0.316886 0.71604
0 0.594298 0.703761 0.594298 0.705295 0.595395 0.706063 0.595395 0.70683 0.595395 0.704528
0 0.314693 0.697621 0.311404 0.699923 0.311404 0.700691 0.310307 0.701458 0.310307 0.702226 0.311404 0.702993 0.314693 0.700691 0.315789 0.700691 0.315789 0.698388
0 0.325658 0.696853 0.325658 0.697621 0.327851 0.697621 0.326754 0.696853
0 0.648026 0.689179 0.648026 0.689946 0.649123 0.689179
0 0.133772 0.683039 0.133772 0.683807 0.132675 0.684574 0.132675 0.693784 0.133772 0.694551 0.134868 0.694551 0.134868 0.689179 0.135965 0.688411 0.134868 0.687644 0.134868 0.683807
0 0.70943 0.67076 0.708333 0.671527 0.70943 0.672295 0.70943 0.67383 0.710526 0.674597 0.710526 0.67383 0.711623 0.673062 0.711623 0.67076
0 0.0899123 0.669992 0.0921053 0.669992 0.0932018 0.67076 0.0964912 0.67076 0.0975877 0.671527 0.0975877 0.67076 0.0964912 0.67076 0.0953947 0.669992
0 0.135965 0.659248 0.133772 0.660783 0.133772 0.66155 0.132675 0.662318 0.132675 0.663085 0.133772 0.663853 0.133772 0.66462 0.135965 0.666155 0.137061 0.666155 0.138158 0.666922 0.140351 0.666922 0.142544 0.665388 0.142544 0.66462 0.14364 0.663853 0.14364 0.663085 0.142544 0.662318 0.142544 0.66155 0.139254 0.659248
0 0.589912 0.653876 0.588816 0.654643 0.588816 0.655411 0.589912 0.655411
0 0.620614 0.653108 0.619518 0.653876 0.618421 0.653876 0.616228 0.655411 0.611842 0.655411 0.611842 0.656946 0.610746 0.657713 0.610746 0.659248 0.611842 0.660015 0.611842 0.660783 0.617325 0.660783 0.618421 0.660015 0.620614 0.660015 0.621711 0.659248 0.623904 0.659248 0.625 0.65848 0.626096 0.65848 0.627193 0.657713 0.627193 0.653876 0.626096 0.653108
0 0.336623 0.651573 0.336623 0.653108 0.335526 0.653876 0.335526 0.656178 0.336623 0.656946 0.336623 0.657713 0.337719 0.65848 0.341009 0.65848 0.341009 0.655411 0.342105 0.654643 0.339912 0.653108 0.339912 0.652341 0.338816 0.651573
0 0.696272 0.643131 0.696272 0.644666 0.697368 0.645434 0.699561 0.645434 0.699561 0.643131
0 0.70614 0.636224 0.70614 0.637759 0.707237 0.638526 0.708333 0.638526 0.70943 0.639294 0.710526 0.639294 0.711623 0.640061 0.713816 0.640061 0.714912 0.640829 0.718202 0.640829 0.718202 0.640061 0.717105 0.639294 0.716009 0.639294 0.714912 0.638526 0.713816 0.638526 0.712719 0.637759 0.711623 0.637759 0.710526 0.636992 0.70943 0.636992 0.708333 0.636224
0 0.696272 0.627015 0.694079 0.62855 0.694079 0.629317 0.696272 0.630852 0.700658 0.630852 0.701754 0.630084 0.700658 0.629317 0.700658 0.62855 0.699561 0.627782 0.699561 0.627015
0 0.138158 0.618573 0.138158 0.620107 0.139254 0.620107 0.139254 0.618573
0 0.510965 0.613968 0.508772 0.615503 0.508772 0.61627 0.507675 0.617038 0.507675 0.617805 0.506579 0.618573 0.506579 0.620875 0.505482 0.621642 0.505482 0.627015 0.503289 0.62855 0.506579 0.62855 0.508772 0.627015 0.512061 0.627015 0.514254 0.62548 0.514254 0.624712 0.515351 0.623945 0.515351 0.620875 0.516447 0.620107 0.516447 0.617038 0.515351 0.61627 0.515351 0.614735 0.514254 0.613968
0 0.763158 0.610898 0.764254 0.611665 0.766447 0.611665 0.766447 0.610898
0 0.544956 0.606293 0.54386 0.607061 0.541667 0.607061 0.541667 0.607828 0.542763 0.608596 0.542763 0.609363 0.544956 0.609363 0.546053 0.608596 0.546053 0.607061
0 0.777412 0.603991 0.777412 0.605526 0.779605 0.605526 0.779605 0.604758 0.778509 0.603991
0 0.723684 0.586339 0.722588 0.587107 0.721491 0.587107 0.721491 0.589409 0.722588 0.590177 0.723684 0.590177 0.724781 0.590944 0.725877 0.590177 0.726974 0.590177 0.72807 0.589409 0.72807 0.588642 0.726974 0.587874 0.726974 0.587107 0.725877 0.586339
0 0.154605 0.584804 0.154605 0.585572 0.155702 0.586339 0.156798 0.586339 0.156798 0.584804
0 0.139254 0.583269 0.139254 0.584037 0.140351 0.584037 0.140351 0.583269
0 0.169956 0.576362 0.169956 0.57713 0.16886 0.577897 0.16886 0.581734 0.169956 0.582502 0.169956 0.584037 0.172149 0.585572 0.175439 0.585572 0.175439 0.584804 0.176535 0.584037 0.176535 0.580967 0.175439 0.5802 0.175439 0.579432 0.174342 0.578665 0.174342 0.577897 0.172149 0.576362
0 0.741228 0.573292 0.740132 0.57406 0.740132 0.574827 0.745614 0.574827 0.745614 0.57406 0.744518 0.573292
0 0.0953947 0.566385 0.0942982 0.567153 0.0932018 0.567153 0.0986842 0.567153 0.0997807 0.56792 0.10307 0.56792 0.104167 0.568688 0.110746 0.568688 0.111842 0.56792 0.120614 0.56792 0.119518 0.567153 0.112939 0.567153 0.111842 0.56792 0.105263 0.56792 0.104167 0.568688 0.10307 0.56792 0.100877 0.56792 0.0997807 0.567153 0.0964912 0.567153
0 0.747807 0.544129 0.746711 0.544896 0.747807 0.545664 0.748904 0.545664 0.748904 0.544896
0 0.5 0.527245 0.497807 0.52878 0.498904 0.529547 0.497807 0.530315 0.497807 0.53185 0.498904 0.532617 0.498904 0.534919 0.497807 0.535687 0.497807 0.539524 0.496711 0.540292 0.496711 0.544129 0.495614 0.544896 0.495614 0.547966 0.494518 0.548734 0.494518 0.552571 0.493421 0.553338 0.493421 0.557943 0.492325 0.558711 0.494518 0.560246 0.494518 0.561013 0.495614 0.561781 0.495614 0.562548 0.5 0.559478 0.502193 0.559478 0.503289 0.560246 0.506579 0.560246 0.507675 0.561013 0.509868 0.561013 0.510965 0.560246 0.512061 0.560246 0.513158 0.559478 0.514254 0.559478 0.515351 0.558711 0.51864 0.558711 0.519737 0.557943 0.520833 0.557943 0.52193 0.557176 0.526316 0.557176 0.528509 0.555641 0.529605 0.555641 0.530702 0.554873 0.530702 0.554106 0.533991 0.551804 0.533991 0.550269 0.532895 0.550269 0.528509 0.547199 0.528509 0.546431 0.526316 0.546431 0.525219 0.545664 0.525219 0.544129 0.524123 0.543361 0.52193 0.543361 0.51864 0.541059 0.516447 0.541059 0.514254 0.539524 0.514254 0.538757 0.513158 0.537989 0.513158 0.537222 0.512061 0.536454 0.512061 0.534919 0.510965 0.534152 0.510965 0.533384 0.509868 0.532617 0.509868 0.53185 0.505482 0.52878 0.504386 0.52878 0.503289 0.528012 0.502193 0.528012 0.501096 0.527245
0 0.723684 0.524175 0.722588 0.524942 0.723684 0.52571 0.724781 0.52571 0.724781 0.524942
0 0.457237 0.523408 0.457237 0.524942 0.45614 0.52571 0.45614 0.526477 0.455044 0.527245 0.455044 0.528012 0.452851 0.529547 0.452851 0.530315 0.451754 0.531082 0.452851 0.53185 0.451754 0.532617 0.451754 0.536454 0.450658 0.537222 0.450658 0.537989 0.448465 0.539524 0.448465 0.540292 0.447368 0.541059 0.447368 0.543361 0.448465 0.544129 0.448465 0.546431 0.447368 0.547199 0.447368 0.550269 0.448465 0.551036 0.448465 0.551804 0.447368 0.552571 0.447368 0.554106 0.446272 0.554873 0.446272 0.556408 0.445175 0.557176 0.445175 0.558711 0.444079 0.559478 0.444079 0.56485 0.442982 0.565618 0.442982 0.570223 0.440789 0.571757 0.440789 0.572525 0.439693 0.573292 0.438596 0.573292 0.4375 0.57406 0.436404 0.57406 0.435307 0.574827 0.435307 0.575595 0.434211 0.576362 0.433114 0.576362 0.432018 0.57713 0.430921 0.57713 0.429825 0.577897 0.428728 0.577897 0.427632 0.578665 0.426535 0.578665 0.425439 0.579432 0.424342 0.579432 0.423246 0.5802 0.421053 0.5802 0.419956 0.580967 0.417763 0.580967 0.417763 0.581734 0.413377 0.584804 0.414474 0.585572 0.414474 0.591711 0.41557 0.592479 0.41557 0.594014 0.416667 0.594781 0.416667 0.595549 0.417763 0.596316 0.417763 0.597084 0.41886 0.597851 0.41886 0.598619 0.419956 0.599386 0.419956 0.600153 0.421053 0.600921 0.421053 0.606293 0.414474 0.610898 0.413377 0.610898 0.412281 0.611665 0.410088 0.611665 0.408991 0.612433 0.408991 0.613968 0.410088 0.614735 0.410088 0.617805 0.411184 0.618573 0.411184 0.61934 0.412281 0.620107 0.412281 0.621642 0.413377 0.62241 0.413377 0.623945 0.414474 0.624712 0.414474 0.62548 0.41557 0.626247 0.41557 0.627015 0.416667 0.627782 0.416667 0.62855 0.417763 0.629317 0.417763 0.630084 0.421053 0.632387 0.422149 0.632387 0.427632 0.636224 0.428728 0.636224 0.430921 0.637759 0.432018 0.637759 0.433114 0.638526 0.433114 0.639294 0.435307 0.640829 0.436404 0.640061 0.438596 0.641596 0.440789 0.640061 0.442982 0.641596 0.442982 0.640061 0.445175 0.638526 0.445175 0.635457 0.446272 0.634689 0.446272 0.633154 0.445175 0.632387 0.445175 0.630852 0.444079 0.630084 0.444079 0.627782 0.442982 0.627015 0.442982 0.62548 0.441886 0.624712 0.441886 0.623177 0.440789 0.62241 0.440789 0.61627 0.441886 0.615503 0.441886 0.6132 0.442982 0.612433 0.442982 0.607828 0.444079 0.607061 0.444079 0.604758 0.445175 0.603991 0.445175 0.595549 0.446272 0.594781 0.446272 0.593246 0.447368 0.592479 0.447368 0.590944 0.448465 0.590177 0.448465 0.580967 0.449561 0.5802 0.449561 0.572525 0.450658 0.571757 0.450658 0.568688 0.451754 0.56792 0.451754 0.564083 0.452851 0.563315 0.452851 0.561013 0.455044 0.559478 0.455044 0.558711 0.45614 0.557943 0.45614 0.555641 0.455044 0.554873 0.455044 0.552571 0.45614 0.551804 0.45614 0.549501 0.457237 0.548734 0.457237 0.546431 0.458333 0.545664 0.458333 0.542594 0.45943 0.541827 0.45943 0.535687 0.460526 0.534919 0.460526 0.532617 0.45943 0.53185 0.45943 0.52878 0.458333 0.528012 0.458333 0.523408
0 0.411184 0.518803 0.410088 0.51957 0.408991 0.51957 0.406798 0.521105 0.405702 0.521105 0.405702 0.524175 0.406798 0.524942 0.406798 0.52571 0.407895 0.526477 0.407895 0.52878 0.410088 0.530315 0.410088 0.531082 0.412281 0.532617 0.412281 0.533384 0.41557 0.535687 0.41557 0.536454 0.416667 0.536454 0.41886 0.537989 0.419956 0.537989 0.422149 0.539524 0.423246 0.539524 0.424342 0.540292 0.429825 0.540292 0.432018 0.538757 0.432018 0.534152 0.428728 0.53185 0.427632 0.53185 0.424342 0.529547 0.424342 0.52878 0.421053 0.526477 0.421053 0.52571 0.41886 0.524175 0.41886 0.523408 0.416667 0.521873 0.416667 0.521105 0.413377 0.518803
0 0.153509 0.518803 0.151316 0.520338 0.151316 0.521105 0.150219 0.521873 0.149123 0.521873 0.149123 0.52264 0.150219 0.523408 0.152412 0.521873 0.153509 0.521873 0.154605 0.521105 0.154605 0.518803
0 0.686404 0.5165 0.686404 0.51957 0.689693 0.521873 0.691886 0.521873 0.692982 0.521105 0.692982 0.51957 0.690789 0.518035 0.690789 0.517268 0.689693 0.5165
0 0.120614 0.511896 0.119518 0.512663 0.120614 0.512663
0 0.444079 0.509593 0.444079 0.510361 0.446272 0.510361 0.445175 0.509593
0 0.671053 0.504221 0.671053 0.505756 0.673246 0.507291 0.678728 0.507291 0.678728 0.506523 0.677632 0.505756 0.677632 0.504988 0.676535 0.504988 0.675439 0.504221
0 0.621711 0.501919 0.620614 0.502686 0.620614 0.503454 0.619518 0.504221 0.619518 0.505756 0.620614 0.506523 0.620614 0.508058 0.621711 0.508826 0.621711 0.509593 0.625 0.511896 0.626096 0.511896 0.629386 0.509593 0.630482 0.509593 0.631579 0.508826 0.632675 0.508826 0.634868 0.507291 0.635965 0.507291 0.637061 0.506523 0.638158 0.506523 0.637061 0.505756 0.635965 0.505756 0.632675 0.503454 0.631579 0.503454 0.630482 0.502686 0.629386 0.502686 0.628289 0.501919
0 0.449561 0.500384 0.449561 0.501151 0.450658 0.501919 0.450658 0.500384
0 0.444079 0.500384 0.444079 0.501151 0.445175 0.501919 0.445175 0.500384
0 0.657895 0.497314 0.656798 0.498081 0.656798 0.498849 0.655702 0.499616 0.657895 0.501151 0.663377 0.501151 0.664474 0.500384 0.663377 0.499616 0.663377 0.498849 0.661184 0.497314
0 0.472588 0.485802 0.471491 0.486569 0.471491 0.488872 0.469298 0.490407 0.469298 0.493477 0.468202 0.494244 0.468202 0.498849 0.467105 0.499616 0.467105 0.501151 0.466009 0.501919 0.466009 0.504221 0.464912 0.504988 0.464912 0.507291 0.463816 0.508058 0.463816 0.508826 0.462719 0.509593 0.462719 0.510361 0.45943 0.512663 0.45943 0.513431 0.460526 0.514198 0.460526 0.5165 0.460526 0.515733 0.461623 0.514965 0.461623 0.514198 0.462719 0.513431 0.462719 0.512663 0.463816 0.511896 0.463816 0.511128 0.464912 0.510361 0.464912 0.509593 0.466009 0.508826 0.466009 0.507291 0.467105 0.506523 0.467105 0.505756 0.469298 0.504221 0.469298 0.503454 0.470395 0.502686 0.470395 0.501919 0.473684 0.499616 0.474781 0.499616 0.480263 0.495779 0.480263 0.495012 0.484649 0.491942 0.48136 0.489639 0.480263 0.489639 0.476974 0.487337 0.475877 0.487337 0.473684 0.485802
0 0.791667 0.485035 0.79057 0.485802 0.791667 0.486569 0.79386 0.486569 0.794956 0.485802 0.79386 0.485802 0.792763 0.485035
0 0.72807 0.4835 0.726974 0.484267 0.72807 0.485035 0.73136 0.485035 0.73136 0.484267 0.730263 0.4835
0 0.128289 0.479662 0.128289 0.481197 0.127193 0.481965 0.132675 0.481965 0.135965 0.484267 0.135965 0.485035 0.139254 0.487337 0.140351 0.487337 0.137061 0.485035 0.137061 0.484267 0.135965 0.4835 0.134868 0.4835 0.132675 0.481965 0.131579 0.481965
0 0.565789 0.461243 0.565789 0.463546 0.566886 0.463546 0.566886 0.461243
0 0.789474 0.458941 0.788377 0.459708 0.788377 0.460476 0.789474 0.461243 0.79057 0.461243 0.791667 0.460476 0.791667 0.458941
0 0.64364 0.456639 0.64364 0.457406 0.644737 0.458173 0.644737 0.456639
0 0.349781 0.455871 0.349781 0.458173 0.350877 0.458173 0.350877 0.457406 0.349781 0.456639
0 0.389254 0.451266 0.389254 0.452801 0.391447 0.452801 0.391447 0.452034 0.390351 0.451266
0 0.714912 0.450499 0.713816 0.451266 0.716009 0.451266
0 0.346491 0.448196 0.346491 0.448964 0.347588 0.449731 0.347588 0.450499 0.348684 0.451266 0.348684 0.450499 0.347588 0.449731 0.347588 0.448964
0 0.484649 0.447429 0.483553 0.448196 0.483553 0.449731 0.482456 0.450499 0.482456 0.453569 0.48136 0.454336 0.48136 0.455104 0.480263 0.455871 0.480263 0.460476 0.48136 0.461243 0.48136 0.462011 0.480263 0.462778 0.480263 0.468918 0.48136 0.469685 0.48136 0.472755 0.483553 0.47429 0.483553 0.475058 0.486842 0.47736 0.486842 0.478127 0.487939 0.478127 0.493421 0.481965 0.494518 0.481965 0.496711 0.4835 0.497807 0.482732 0.498904 0.4835 0.5 0.4835 0.5 0.482732 0.501096 0.481965 0.501096 0.479662 0.502193 0.478895 0.502193 0.475825 0.503289 0.475058 0.503289 0.473523 0.505482 0.471988 0.504386 0.47122 0.504386 0.468918 0.503289 0.46815 0.503289 0.466616 0.502193 0.465848 0.502193 0.465081 0.501096 0.464313 0.501096 0.463546 0.5 0.462778 0.5 0.462011 0.498904 0.461243 0.498904 0.460476 0.497807 0.459708 0.497807 0.457406 0.496711 0.456639 0.496711 0.455871 0.495614 0.455104 0.495614 0.454336 0.494518 0.453569 0.494518 0.452801 0.492325 0.451266 0.492325 0.450499 0.487939 0.447429
0 0.179825 0.446662 0.179825 0.448196 0.180921 0.448964 0.183114 0.448964 0.183114 0.448196 0.180921 0.446662
0 0.276316 0.432847 0.275219 0.433615 0.275219 0.436685 0.276316 0.437452 0.276316 0.439754 0.277412 0.440522 0.277412 0.443592 0.278509 0.444359 0.278509 0.445127 0.280702 0.446662 0.281798 0.446662 0.286184 0.449731 0.286184 0.450499 0.29386 0.455871 0.294956 0.455104 0.294956 0.453569 0.296053 0.452801 0.296053 0.448964 0.29386 0.447429 0.29386 0.446662 0.292763 0.445894 0.292763 0.445127 0.29057 0.443592 0.29057 0.442824 0.289474 0.442057 0.289474 0.441289 0.287281 0.439754 0.287281 0.438987 0.286184 0.438219 0.286184 0.437452 0.280702 0.433615 0.279605 0.433615 0.278509 0.432847
0 0.241228 0.429777 0.241228 0.430545 0.243421 0.43208 0.244518 0.43208 0.246711 0.433615 0.25 0.433615 0.25 0.432847 0.246711 0.430545 0.243421 0.430545 0.242325 0.429777
0 0.595395 0.426708 0.595395 0.427475 0.594298 0.428243 0.594298 0.429777 0.595395 0.430545 0.596491 0.429777 0.596491 0.42901 0.597588 0.428243 0.597588 0.427475 0.596491 0.426708
0 0.161184 0.420568 0.16557 0.423638 0.166667 0.423638 0.16886 0.425173 0.16886 0.42594 0.171053 0.427475 0.171053 0.42594 0.164474 0.421335 0.163377 0.421335 0.162281 0.420568
0 0.265351 0.419033 0.263158 0.420568 0.263158 0.425173 0.262061 0.42594 0.262061 0.427475 0.260965 0.428243 0.260965 0.42901 0.259868 0.429777 0.259868 0.432847 0.262061 0.434382 0.266447 0.434382 0.267544 0.433615 0.267544 0.43208 0.26864 0.431312 0.26864 0.430545 0.267544 0.429777 0.26864 0.42901 0.26864 0.424405 0.269737 0.423638 0.269737 0.42287 0.26864 0.422103 0.26864 0.420568 0.266447 0.419033
0 0.629386 0.409823 0.628289 0.410591 0.626096 0.410591 0.623904 0.412126 0.622807 0.412126 0.622807 0.412893 0.621711 0.413661 0.621711 0.414428 0.620614 0.415196 0.620614 0.415963 0.619518 0.416731 0.619518 0.418266 0.621711 0.418266 0.625 0.415963 0.626096 0.415963 0.629386 0.413661 0.630482 0.413661 0.631579 0.412893 0.632675 0.412893 0.632675 0.412126 0.633772 0.411358 0.633772 0.410591 0.632675 0.409823
0 0.671053 0.406754 0.671053 0.408289 0.672149 0.408289 0.673246 0.409056 0.676535 0.409056 0.676535 0.408289 0.677632 0.407521 0.674342 0.407521 0.673246 0.406754
0 0.679825 0.403684 0.678728 0.404451 0.678728 0.405219 0.677632 0.405986 0.676535 0.405986 0.677632 0.405986 0.678728 0.405219 0.679825 0.405986 0.680921 0.405219 0.680921 0.404451 0.682018 0.403684
0 0.660088 0.401381 0.658991 0.402149 0.661184 0.402149 0.661184 0.401381
0 0.743421 0.399847 0.742325 0.400614 0.741228 0.400614 0.745614 0.400614 0.744518 0.399847
0 0.448465 0.392939 0.448465 0.393707 0.449561 0.394474 0.449561 0.395242 0.451754 0.396777 0.45614 0.396777 0.457237 0.396009 0.457237 0.395242 0.455044 0.393707 0.453947 0.393707 0.452851 0.392939
0 0.778509 0.372985 0.778509 0.373753 0.779605 0.373753 0.780702 0.37452 0.780702 0.372985
0 0.171053 0.366846 0.171053 0.367613 0.172149 0.367613
0 0.41557 0.359939 0.41557 0.360706 0.416667 0.360706
0 0.483553 0.343822 0.482456 0.344589 0.48136 0.344589 0.48136 0.346124 0.484649 0.348427 0.487939 0.348427 0.489035 0.347659 0.491228 0.347659 0.491228 0.346124 0.489035 0.344589 0.487939 0.344589 0.486842 0.343822
0 0.719298 0.34152 0.719298 0.344589 0.720395 0.344589 0.722588 0.346124 0.724781 0.346124 0.725877 0.346892 0.726974 0.346892 0.72807 0.347659 0.733553 0.347659 0.735746 0.349194 0.736842 0.349194 0.737939 0.348427 0.739035 0.348427 0.740132 0.349194 0.741228 0.349194 0.743421 0.350729 0.744518 0.350729 0.744518 0.349194 0.743421 0.348427 0.743421 0.346892 0.744518 0.346124 0.742325 0.346124 0.741228 0.346892 0.734649 0.346892 0.732456 0.345357 0.730263 0.345357 0.72807 0.343822 0.726974 0.343822 0.725877 0.343054 0.724781 0.343054 0.723684 0.342287 0.722588 0.342287 0.721491 0.34152
0 0.427632 0.336147 0.426535 0.336915 0.427632 0.337682 0.427632 0.340752 0.428728 0.34152 0.428728 0.343054 0.429825 0.343822 0.429825 0.344589 0.429825 0.34152 0.428728 0.340752 0.428728 0.336147
0 0.700658 0.33231 0.699561 0.333078 0.699561 0.334612 0.700658 0.33538 0.700658 0.336147 0.701754 0.336915 0.702851 0.336915 0.703947 0.337682 0.707237 0.337682 0.707237 0.334612 0.703947 0.33231
0 0.399123 0.32924 0.398026 0.330008 0.399123 0.330775 0.399123 0.331543 0.400219 0.331543 0.400219 0.330008
0 0.198465 0.32924 0.199561 0.32924 0.200658 0.330008 0.200658 0.330775 0.201754 0.331543 0.202851 0.331543 0.201754 0.330775 0.201754 0.330008 0.200658 0.330008 0.199561 0.32924
0 0.669956 0.32617 0.667763 0.327705 0.666667 0.326938 0.666667 0.327705 0.672149 0.327705 0.672149 0.326938 0.671053 0.32617
0 0.246711 0.324635 0.246711 0.327705 0.247807 0.328473 0.247807 0.32617 0.246711 0.325403
0 0.685307 0.322333 0.6875 0.323868 0.690789 0.323868 0.691886 0.323101 0.691886 0.322333
0 0.467105 0.320798 0.467105 0.323101 0.468202 0.323868 0.468202 0.325403 0.469298 0.32617 0.469298 0.326938 0.470395 0.327705 0.470395 0.328473 0.471491 0.32924 0.471491 0.330008 0.473684 0.331543 0.474781 0.331543 0.474781 0.330775 0.475877 0.330008 0.475877 0.328473 0.474781 0.327705 0.474781 0.326938 0.473684 0.32617 0.473684 0.325403 0.472588 0.324635 0.472588 0.323868 0.471491 0.323101 0.471491 0.322333 0.469298 0.320798
0 0.714912 0.313124 0.714912 0.314658 0.716009 0.314658 0.717105 0.315426 0.721491 0.315426 0.722588 0.314658 0.721491 0.313891 0.719298 0.313891 0.718202 0.313124
0 0.444079 0.310054 0.444079 0.319263 0.445175 0.320031 0.445175 0.323101 0.446272 0.323868 0.446272 0.326938 0.447368 0.327705 0.447368 0.32924 0.448465 0.330008 0.448465 0.330775 0.449561 0.331543 0.449561 0.333078 0.450658 0.333845 0.450658 0.33538 0.451754 0.336147 0.451754 0.336915 0.452851 0.337682 0.452851 0.33845 0.455044 0.339985 0.455044 0.340752 0.45614 0.34152 0.45614 0.342287 0.458333 0.343822 0.458333 0.344589 0.460526 0.346124 0.460526 0.346892 0.462719 0.348427 0.462719 0.349962 0.466009 0.352264 0.466009 0.353031 0.467105 0.353799 0.467105 0.354566 0.469298 0.356101 0.469298 0.356869 0.471491 0.358404 0.471491 0.359171 0.474781 0.361474 0.474781 0.362241 0.475877 0.363008 0.475877 0.363776 0.47807 0.365311 0.47807 0.366078 0.479167 0.366846 0.479167 0.367613 0.480263 0.367613 0.480263 0.363776 0.479167 0.363008 0.479167 0.360706 0.47807 0.359939 0.47807 0.357636 0.476974 0.356869 0.476974 0.355334 0.475877 0.354566 0.475877 0.353031 0.474781 0.352264 0.474781 0.351497 0.473684 0.350729 0.473684 0.349962 0.470395 0.347659 0.470395 0.346892 0.467105 0.344589 0.467105 0.343822 0.463816 0.34152 0.463816 0.340752 0.460526 0.33845 0.460526 0.337682 0.458333 0.336147 0.458333 0.33538 0.457237 0.334612 0.457237 0.333845 0.45614 0.333078 0.45614 0.33231 0.455044 0.331543 0.455044 0.330008 0.453947 0.32924 0.453947 0.327705 0.452851 0.326938 0.452851 0.324635 0.451754 0.323868 0.451754 0.321566 0.450658 0.320798 0.450658 0.316961 0.449561 0.316193 0.449561 0.315426 0.447368 0.313891 0.447368 0.311589 0.446272 0.310821 0.445175 0.311589 0.444079 0.310821
0 0.402412 0.303914 0.402412 0.304682 0.404605 0.306216 0.404605 0.306984 0.405702 0.307751 0.405702 0.308519 0.406798 0.309286 0.406798 0.310054 0.407895 0.310821 0.407895 0.311589 0.408991 0.312356 0.408991 0.313124 0.412281 0.315426 0.412281 0.316193 0.413377 0.316193 0.414474 0.316961 0.412281 0.315426 0.412281 0.314658 0.410088 0.313124 0.410088 0.312356 0.408991 0.311589 0.408991 0.310821 0.406798 0.309286 0.406798 0.308519 0.405702 0.307751 0.405702 0.306984 0.404605 0.306216 0.404605 0.305449
0 0.58114 0.301612 0.58114 0.306216 0.582237 0.306216 0.583333 0.305449 0.583333 0.304682 0.58443 0.303914 0.58443 0.303147 0.582237 0.301612
0 0.557018 0.297774 0.555921 0.298542 0.554825 0.298542 0.553728 0.299309 0.552632 0.299309 0.552632 0.300077 0.553728 0.300844 0.553728 0.301612 0.555921 0.301612 0.559211 0.303914 0.559211 0.306216 0.558114 0.306984 0.557018 0.306984 0.554825 0.308519 0.553728 0.307751 0.552632 0.307751 0.551535 0.308519 0.546053 0.308519 0.544956 0.309286 0.54386 0.309286 0.542763 0.310054 0.542763 0.319263 0.537281 0.323101 0.537281 0.323868 0.536184 0.324635 0.536184 0.325403 0.535088 0.32617 0.535088 0.333078 0.536184 0.333845 0.536184 0.33845 0.537281 0.339217 0.537281 0.343054 0.538377 0.343822 0.538377 0.345357 0.537281 0.346124 0.537281 0.348427 0.536184 0.349194 0.536184 0.350729 0.535088 0.351497 0.535088 0.355334 0.533991 0.356101 0.533991 0.357636 0.532895 0.358404 0.532895 0.359939 0.531798 0.360706 0.531798 0.362241 0.530702 0.363008 0.530702 0.363776 0.529605 0.364543 0.529605 0.366078 0.528509 0.366846 0.528509 0.368381 0.527412 0.369148 0.527412 0.372218 0.526316 0.372985 0.526316 0.378358 0.525219 0.379125 0.525219 0.38066 0.524123 0.381427 0.524123 0.382195 0.523026 0.382962 0.523026 0.3868 0.525219 0.385265 0.526316 0.385265 0.527412 0.386032 0.527412 0.384497 0.528509 0.38373 0.528509 0.382195 0.529605 0.381427 0.529605 0.379125 0.530702 0.378358 0.530702 0.375288 0.531798 0.37452 0.531798 0.372985 0.532895 0.372218 0.532895 0.369148 0.533991 0.368381 0.533991 0.367613 0.535088 0.366846 0.535088 0.366078 0.536184 0.365311 0.536184 0.364543 0.539474 0.362241 0.541667 0.362241 0.54386 0.360706 0.544956 0.360706 0.546053 0.359939 0.547149 0.359939 0.548246 0.359171 0.560307 0.359171 0.560307 0.358404 0.561404 0.357636 0.561404 0.356101 0.5625 0.355334 0.5625 0.354566 0.563596 0.353799 0.563596 0.353031 0.565789 0.351497 0.565789 0.350729 0.566886 0.349962 0.566886 0.343822 0.564693 0.342287 0.563596 0.342287 0.563596 0.343054 0.5625 0.343822 0.5625 0.345357 0.559211 0.347659 0.558114 0.347659 0.557018 0.348427 0.553728 0.348427 0.552632 0.347659 0.550439 0.347659 0.549342 0.346892 0.549342 0.339985 0.550439 0.339217 0.550439 0.326938 0.551535 0.32617 0.551535 0.323101 0.552632 0.322333 0.552632 0.321566 0.553728 0.320798 0.553728 0.320031 0.554825 0.319263 0.554825 0.317728 0.557018 0.316193 0.557018 0.314658 0.558114 0.313891 0.558114 0.312356 0.559211 0.311589 0.559211 0.310054 0.560307 0.309286 0.560307 0.307751 0.559211 0.306984 0.559211 0.297774
0 0.589912 0.294705 0.587719 0.296239 0.587719 0.297774 0.591009 0.297774 0.592105 0.297007 0.594298 0.297007 0.594298 0.295472 0.593202 0.294705
0 0.536184 0.292402 0.536184 0.293937 0.537281 0.294705 0.537281 0.295472 0.538377 0.296239 0.538377 0.293937 0.537281 0.29317 0.537281 0.292402
0 0.265351 0.28396 0.266447 0.284728 0.266447 0.285495 0.26864 0.28703 0.26864 0.287797 0.269737 0.288565 0.269737 0.289332 0.270833 0.2901 0.270833 0.290867 0.27193 0.291635 0.27193 0.290867 0.270833 0.2901 0.270833 0.288565 0.267544 0.286262 0.267544 0.285495
0 0.530702 0.278588 0.529605 0.279355 0.530702 0.280123 0.531798 0.280123 0.531798 0.279355
0 0.563596 0.275518 0.561404 0.277053 0.561404 0.27782 0.560307 0.278588 0.560307 0.281658 0.559211 0.282425 0.559211 0.283193 0.560307 0.28396 0.560307 0.284728 0.561404 0.285495 0.563596 0.285495 0.564693 0.286262 0.565789 0.286262 0.565789 0.27782 0.566886 0.277053 0.566886 0.275518
0 0.740132 0.266309 0.740132 0.267076 0.743421 0.267076 0.742325 0.266309
0 0.688596 0.265541 0.688596 0.267843 0.690789 0.267843 0.690789 0.266309 0.689693 0.265541
0 0.448465 0.265541 0.448465 0.269378 0.449561 0.270146 0.449561 0.271681 0.450658 0.272448 0.450658 0.273216 0.452851 0.274751 0.452851 0.275518 0.453947 0.276285 0.453947 0.27782 0.455044 0.278588 0.45614 0.278588 0.45614 0.27782 0.455044 0.277053 0.455044 0.275518 0.453947 0.274751 0.453947 0.272448 0.452851 0.271681 0.452851 0.269378 0.451754 0.268611 0.451754 0.267843
0 0.426535 0.257099 0.426535 0.262471 0.427632 0.263239 0.427632 0.264006 0.428728 0.264774 0.428728 0.265541 0.429825 0.266309 0.429825 0.267076 0.430921 0.267843 0.432018 0.267843 0.433114 0.267076 0.433114 0.265541 0.430921 0.264006 0.430921 0.263239 0.428728 0.261704 0.428728 0.260936 0.427632 0.260169 0.427632 0.257866
0 0.507675 0.252494 0.508772 0.253262 0.508772 0.252494
0 0.755482 0.231005 0.754386 0.231773 0.755482 0.231773
0 0.369518 0.198005 0.369518 0.198772 0.370614 0.198772 0.370614 0.198005
0 0.550439 0.18112 0.550439 0.182655 0.551535 0.181888 0.551535 0.18112
0 0.639254 0.172678 0.638158 0.173446 0.638158 0.174213 0.637061 0.174981 0.638158 0.175748 0.638158 0.176516 0.639254 0.177283 0.639254 0.178051 0.640351 0.178051 0.642544 0.179586 0.644737 0.178051 0.644737 0.177283 0.645833 0.176516 0.645833 0.174213 0.64364 0.172678
0 0.527412 0.171144 0.527412 0.171911 0.526316 0.172678 0.524123 0.172678 0.525219 0.173446 0.525219 0.175748 0.527412 0.175748 0.527412 0.174213 0.528509 0.173446 0.528509 0.171144
0 0.6875 0.170376 0.686404 0.171144 0.686404 0.171911 0.685307 0.172678 0.685307 0.173446 0.684211 0.174213 0.684211 0.174981 0.683114 0.175748 0.683114 0.177283 0.680921 0.178818 0.680921 0.179586 0.679825 0.180353 0.680921 0.180353 0.683114 0.178818 0.685307 0.178818 0.685307 0.177283 0.686404 0.176516 0.686404 0.175748 0.6875 0.174981 0.6875 0.174213 0.688596 0.173446 0.688596 0.171911 0.6875 0.171144
0 0.701754 0.162701 0.700658 0.163469 0.699561 0.163469 0.698465 0.164236 0.697368 0.164236 0.696272 0.165004 0.696272 0.165771 0.698465 0.165771 0.699561 0.165004 0.700658 0.165004 0.703947 0.162701 0.705044 0.162701
0 0.555921 0.159632 0.551535 0.162701 0.551535 0.165004 0.550439 0.165771 0.550439 0.167306 0.549342 0.168074 0.549342 0.171144 0.548246 0.171911 0.548246 0.174213 0.549342 0.174981 0.549342 0.177283 0.550439 0.178051 0.550439 0.178818 0.551535 0.178051 0.551535 0.176516 0.552632 0.175748 0.552632 0.173446 0.553728 0.172678 0.553728 0.168841 0.554825 0.168074 0.554825 0.167306 0.555921 0.166539 0.555921 0.165771 0.558114 0.164236 0.558114 0.163469 0.561404 0.161167 0.561404 0.160399 0.560307 0.160399 0.559211 0.159632
0 0.714912 0.155794 0.713816 0.156562 0.712719 0.156562 0.710526 0.158097 0.710526 0.158864 0.711623 0.158097 0.712719 0.158097 0.713816 0.157329 0.714912 0.157329 0.717105 0.155794
0 0.658991 0.155794 0.656798 0.157329 0.656798 0.158864 0.657895 0.159632 0.655702 0.161167 0.654605 0.161167 0.653509 0.161934 0.652412 0.161934 0.651316 0.162701 0.645833 0.162701 0.645833 0.163469 0.64364 0.165004 0.64364 0.165771 0.644737 0.165771 0.64693 0.167306 0.650219 0.167306 0.651316 0.166539 0.657895 0.166539 0.660088 0.168074 0.661184 0.168074 0.663377 0.169609 0.663377 0.171911 0.666667 0.174213 0.666667 0.180353 0.667763 0.18112 0.667763 0.182655 0.66886 0.183423 0.66886 0.178051 0.669956 0.177283 0.669956 0.175748 0.671053 0.174981 0.671053 0.174213 0.672149 0.173446 0.672149 0.172678 0.669956 0.172678 0.667763 0.171144 0.666667 0.171144 0.662281 0.168074 0.662281 0.166539 0.660088 0.165004 0.660088 0.164236 0.657895 0.162701 0.657895 0.158864 0.658991 0.158097 0.661184 0.158097 0.661184 0.157329 0.662281 0.156562 0.661184 0.155794
0 0.529605 0.155794 0.529605 0.167306 0.530702 0.166539 0.530702 0.165004 0.531798 0.164236 0.531798 0.161934 0.530702 0.161167 0.531798 0.160399 0.531798 0.156562 0.530702 0.155794
0 0.675439 0.148887 0.675439 0.149655 0.674342 0.150422 0.675439 0.150422
0 0.535088 0.148887 0.533991 0.149655 0.532895 0.149655 0.531798 0.150422 0.531798 0.151957 0.533991 0.153492 0.537281 0.153492 0.539474 0.151957 0.539474 0.15119 0.538377 0.150422 0.538377 0.149655 0.537281 0.148887
0 0.732456 0.147352 0.73136 0.14812 0.732456 0.14812 0.733553 0.147352
0 0.700658 0.147352 0.699561 0.14812 0.698465 0.14812 0.697368 0.148887 0.697368 0.149655 0.692982 0.152724 0.692982 0.153492 0.691886 0.154259 0.691886 0.155027 0.690789 0.155794 0.688596 0.155794 0.6875 0.156562 0.686404 0.156562 0.685307 0.157329 0.688596 0.157329 0.689693 0.156562 0.690789 0.156562 0.695175 0.153492 0.695175 0.152724 0.700658 0.148887 0.701754 0.148887 0.701754 0.147352
0 0.531798 0.138143 0.531798 0.139678 0.532895 0.13891 0.532895 0.138143
0 0.664474 0.132003 0.664474 0.132771 0.662281 0.134305 0.662281 0.13584 0.664474 0.134305 0.664474 0.133538 0.66557 0.132771 0.66557 0.132003
0 0.721491 0.130468 0.720395 0.131236 0.720395 0.132003 0.721491 0.132003 0.723684 0.130468
0 0.600877 0.130468 0.596491 0.133538 0.596491 0.136608 0.598684 0.136608 0.599781 0.13584 0.599781 0.135073 0.600877 0.134305 0.600877 0.132771 0.601974 0.132003 0.601974 0.130468
0 0.656798 0.112049 0.654605 0.113584 0.654605 0.114351 0.653509 0.115119 0.652412 0.115119 0.652412 0.115886 0.653509 0.116654 0.653509 0.118189 0.653509 0.117421 0.654605 0.116654 0.654605 0.115886 0.656798 0.114351 0.656798 0.113584 0.657895 0.112817
