0 0.35307 0.916347 0.35307 0.917114 0.350877 0.918649 0.349781 0.918649 0.348684 0.919417 0.345395 0.919417 0.343202 0.920952 0.343202 0.921719 0.342105 0.922487 0.341009 0.922487 0.341009 0.923254 0.336623 0.926324 0.336623 0.928626 0.335526 0.929394 0.335526 0.932464 0.33443 0.933231 0.33443 0.933998 0.333333 0.934766 0.332237 0.934766 0.326754 0.938603 0.326754 0.939371 0.324561 0.940906 0.324561 0.941673 0.323465 0.942441 0.323465 0.943208 0.321272 0.944743 0.321272 0.94858 0.320175 0.949348 0.320175 0.952417 0.319079 0.953185 0.319079 0.953952 0.320175 0.953952 0.320175 0.953185 0.321272 0.952417 0.321272 0.95165 0.322368 0.950883 0.323465 0.95165 0.324561 0.950883 0.327851 0.950883 0.328947 0.950115 0.330044 0.950115 0.33114 0.949348 0.332237 0.949348 0.335526 0.947045 0.336623 0.947045 0.338816 0.94551 0.345395 0.94551 0.346491 0.946278 0.350877 0.946278 0.351974 0.947045 0.35307 0.947045 0.354167 0.947813 0.35636 0.947813 0.357456 0.94858 0.359649 0.94858 0.360746 0.949348 0.366228 0.949348 0.367325 0.950115 0.372807 0.950115 0.373904 0.950883 0.377193 0.950883 0.378289 0.950115 0.384868 0.950115 0.385965 0.949348 0.389254 0.949348 0.390351 0.94858 0.391447 0.94858 0.395833 0.94551 0.395833 0.941673 0.39693 0.940906 0.394737 0.939371 0.395833 0.938603 0.39364 0.937068 0.39364 0.933231 0.392544 0.932464 0.392544 0.930929 0.391447 0.930161 0.391447 0.929394 0.390351 0.929394 0.388158 0.927859 0.388158 0.927091 0.385965 0.925556 0.384868 0.925556 0.383772 0.924789 0.382675 0.924789 0.381579 0.924021 0.380482 0.924021 0.378289 0.922487 0.378289 0.921719 0.375 0.919417 0.371711 0.919417 0.370614 0.918649 0.370614 0.917882 0.369518 0.917114 0.368421 0.917114 0.367325 0.917882 0.366228 0.917114 0.364035 0.917114 0.362939 0.916347 0.362939 0.917114 0.361842 0.917882 0.35636 0.917882 0.354167 0.916347
0 0.200658 0.817345 0.200658 0.81888 0.201754 0.819647 0.201754 0.820414 0.202851 0.820414 0.201754 0.819647 0.201754 0.818112
0 0.243421 0.80353 0.243421 0.805065 0.245614 0.805065 0.245614 0.804298 0.244518 0.80353
0 0.39693 0.794321 0.395833 0.795088 0.39364 0.795088 0.390351 0.797391 0.388158 0.797391 0.388158 0.798158 0.385965 0.799693 0.385965 0.80046 0.382675 0.802763 0.381579 0.802763 0.379386 0.804298 0.379386 0.8066 0.378289 0.807368 0.378289 0.808903 0.377193 0.80967 0.377193 0.814275 0.376096 0.815042 0.376096 0.816577 0.375 0.817345 0.375 0.820414 0.373904 0.821182 0.373904 0.821949 0.372807 0.822717 0.372807 0.823484 0.370614 0.825019 0.370614 0.826554 0.369518 0.827322 0.369518 0.828089 0.368421 0.828856 0.368421 0.829624 0.365132 0.831926 0.365132 0.832694 0.364035 0.833461 0.362939 0.833461 0.362939 0.834996 0.360746 0.836531 0.360746 0.838066 0.359649 0.838833 0.359649 0.839601 0.358553 0.840368 0.358553 0.841136 0.359649 0.841903 0.358553 0.842671 0.358553 0.845741 0.357456 0.846508 0.358553 0.847276 0.357456 0.848043 0.357456 0.854183 0.355263 0.855718 0.35636 0.856485 0.35636 0.860322 0.357456 0.86109 0.357456 0.861857 0.35636 0.862625 0.359649 0.864927 0.360746 0.864927 0.361842 0.865695 0.365132 0.865695 0.365132 0.864927 0.366228 0.86416 0.367325 0.86416 0.368421 0.863392 0.371711 0.863392 0.373904 0.861857 0.375 0.861857 0.376096 0.86109 0.378289 0.86109 0.379386 0.860322 0.380482 0.860322 0.381579 0.859555 0.387061 0.859555 0.388158 0.858787 0.389254 0.858787 0.390351 0.85802 0.391447 0.85802 0.392544 0.858787 0.39693 0.858787 0.398026 0.85802 0.400219 0.85802 0.400219 0.855718 0.401316 0.85495 0.401316 0.854183 0.403509 0.852648 0.403509 0.85188 0.406798 0.849578 0.406798 0.84881 0.407895 0.848043 0.407895 0.847276 0.408991 0.846508 0.408991 0.845741 0.410088 0.844973 0.410088 0.844206 0.413377 0.841903 0.413377 0.838066 0.414474 0.837299 0.414474 0.832694 0.413377 0.831926 0.413377 0.825787 0.414474 0.825019 0.414474 0.822717 0.41557 0.821949 0.41557 0.81888 0.416667 0.818112 0.416667 0.817345 0.417763 0.816577 0.417763 0.814275 0.416667 0.813507 0.416667 0.81274 0.41557 0.811972 0.416667 0.811205 0.41557 0.810437 0.41557 0.808903 0.414474 0.808135 0.414474 0.8066 0.41557 0.805833 0.41557 0.804298 0.414474 0.80353 0.414474 0.801228 0.410088 0.798158 0.410088 0.796623 0.408991 0.796623 0.407895 0.795856 0.406798 0.795856 0.404605 0.794321
0 0.201754 0.793553 0.201754 0.798158 0.202851 0.798926 0.201754 0.799693 0.202851 0.80046 0.202851 0.811205 0.203947 0.810437 0.203947 0.8066 0.202851 0.805833 0.203947 0.805065 0.202851 0.804298 0.202851 0.80353 0.203947 0.802763 0.203947 0.801228 0.202851 0.80046 0.202851 0.795088 0.201754 0.794321
0 0.243421 0.784344 0.243421 0.785111 0.242325 0.785879 0.242325 0.789716 0.244518 0.791251 0.246711 0.789716 0.246711 0.785111 0.245614 0.784344
0 0.180921 0.784344 0.180921 0.786646 0.182018 0.787414 0.182018 0.784344
0 0.232456 0.780507 0.233553 0.781274 0.233553 0.782041 0.233553 0.780507
0 0.210526 0.779739 0.20943 0.780507 0.20943 0.781274 0.210526 0.782041 0.213816 0.782041 0.213816 0.781274 0.212719 0.780507 0.211623 0.780507
0 0.190789 0.775134 0.190789 0.775902 0.1875 0.778204 0.188596 0.778972 0.1875 0.779739 0.1875 0.780507 0.186404 0.781274 0.184211 0.781274 0.183114 0.780507 0.184211 0.779739 0.185307 0.779739 0.185307 0.778972 0.182018 0.781274 0.182018 0.782809 0.183114 0.782809 0.185307 0.781274 0.186404 0.781274 0.188596 0.779739 0.189693 0.779739 0.191886 0.778204 0.191886 0.777437 0.192982 0.776669 0.192982 0.775902 0.191886 0.775134
0 0.195175 0.76746 0.194079 0.768227 0.196272 0.768227 0.197368 0.76746 0.198465 0.768227 0.199561 0.768227 0.198465 0.76746
0 0.155702 0.759018 0.155702 0.760553 0.156798 0.759785
0 0.208333 0.756715 0.207237 0.757483 0.203947 0.757483 0.201754 0.759018 0.200658 0.759018 0.200658 0.759785 0.202851 0.76132 0.202851 0.762087 0.203947 0.762855 0.205044 0.762855 0.20614 0.763622 0.207237 0.763622 0.208333 0.76439 0.20943 0.76439 0.210526 0.765157 0.212719 0.765157 0.213816 0.76439 0.214912 0.76439 0.216009 0.763622 0.217105 0.763622 0.217105 0.759785 0.214912 0.75825 0.213816 0.75825 0.211623 0.756715
0 0.137061 0.743668 0.135965 0.744436 0.137061 0.744436
0 0.135965 0.731389 0.135965 0.733691 0.137061 0.733691 0.138158 0.732924 0.138158 0.732157 0.137061 0.731389
0 0.523026 0.724482 0.520833 0.726017 0.517544 0.726017 0.512061 0.729854 0.512061 0.730622 0.510965 0.731389 0.510965 0.732157 0.508772 0.733691 0.508772 0.734459 0.504386 0.737529 0.504386 0.738296 0.503289 0.739064 0.503289 0.739831 0.502193 0.740599 0.502193 0.742134 0.501096 0.742901 0.501096 0.744436 0.5 0.745203 0.5 0.748273 0.498904 0.749041 0.498904 0.754413 0.497807 0.75518 0.497807 0.755948 0.496711 0.756715 0.496711 0.75825 0.497807 0.759018 0.497807 0.759785 0.498904 0.760553 0.498904 0.769762 0.497807 0.77053 0.497807 0.774367 0.496711 0.775134 0.496711 0.776669 0.497807 0.777437 0.497807 0.778204 0.498904 0.778972 0.498904 0.790483 0.5 0.791251 0.5 0.792786 0.502193 0.794321 0.502193 0.795088 0.503289 0.795856 0.503289 0.797391 0.504386 0.797391 0.505482 0.798158 0.505482 0.798926 0.507675 0.80046 0.508772 0.80046 0.513158 0.80353 0.514254 0.802763 0.515351 0.802763 0.516447 0.80353 0.526316 0.80353 0.527412 0.802763 0.529605 0.802763 0.530702 0.801995 0.532895 0.801995 0.535088 0.80046 0.536184 0.80046 0.538377 0.798926 0.539474 0.798926 0.54057 0.798158 0.541667 0.798158 0.542763 0.797391 0.542763 0.796623 0.54386 0.795856 0.54386 0.795088 0.544956 0.794321 0.544956 0.792786 0.546053 0.792018 0.546053 0.791251 0.547149 0.790483 0.547149 0.789716 0.548246 0.788949 0.548246 0.787414 0.550439 0.785879 0.550439 0.785111 0.551535 0.784344 0.551535 0.780507 0.552632 0.779739 0.552632 0.776669 0.553728 0.775902 0.553728 0.77053 0.552632 0.769762 0.552632 0.768227 0.551535 0.76746 0.551535 0.766692 0.550439 0.765925 0.550439 0.763622 0.549342 0.762855 0.549342 0.759018 0.548246 0.75825 0.548246 0.756715 0.547149 0.755948 0.547149 0.752111 0.546053 0.751343 0.546053 0.748273 0.544956 0.747506 0.546053 0.746738 0.544956 0.745971 0.544956 0.744436 0.54386 0.743668 0.54386 0.741366 0.541667 0.739831 0.541667 0.739064 0.539474 0.737529 0.539474 0.735994 0.536184 0.733691 0.536184 0.732924 0.535088 0.732157 0.533991 0.732157
0 0.120614 0.720645 0.120614 0.721412 0.122807 0.721412 0.122807 0.720645
0 0.75 0.693016 0.75 0.696086 0.751096 0.696086 0.751096 0.693784
0 0.652412 0.679202 0.652412 0.680737 0.654605 0.680737 0.654605 0.679202
0 0.107456 0.672295 0.107456 0.673062 0.108553 0.673062 0.108553 0.672295
0 0.629386 0.67076 0.628289 0.671527 0.629386 0.672295 0.630482 0.672295 0.630482 0.671527
0 0.718202 0.669992 0.719298 0.669992 0.721491 0.671527 0.722588 0.671527 0.729167 0.676132 0.729167 0.676899 0.733553 0.679969 0.733553 0.680737 0.737939 0.683807 0.737939 0.684574 0.739035 0.684574 0.747807 0.690714 0.748904 0.690714 0.735746 0.681504 0.735746 0.680737 0.733553 0.679202 0.732456 0.679202 0.729167 0.676899 0.729167 0.676132 0.726974 0.674597 0.726974 0.67383 0.721491 0.669992
0 0.695175 0.666922 0.695175 0.66769 0.696272 0.66769 0.696272 0.666922
0 0.338816 0.665388 0.337719 0.666155 0.337719 0.668457 0.339912 0.668457 0.339912 0.66769 0.341009 0.666922
0 0.639254 0.66155 0.639254 0.663085 0.642544 0.665388 0.642544 0.663853 0.641447 0.663085 0.641447 0.662318 0.640351 0.66155
0 0.703947 0.657713 0.702851 0.65848 0.703947 0.659248 0.705044 0.659248 0.705044 0.65848
0 0.719298 0.653876 0.720395 0.654643 0.720395 0.653876
0 0.132675 0.653108 0.132675 0.653876 0.131579 0.654643 0.131579 0.655411 0.132675 0.656178 0.132675 0.657713 0.135965 0.660015 0.141447 0.660015 0.141447 0.65848 0.142544 0.657713 0.141447 0.656946 0.141447 0.654643 0.140351 0.653876 0.139254 0.653876 0.138158 0.653108
0 0.639254 0.650038 0.638158 0.650806 0.637061 0.650806 0.637061 0.651573 0.635965 0.652341 0.635965 0.653108 0.634868 0.653876 0.634868 0.655411 0.637061 0.656946 0.637061 0.657713 0.639254 0.659248 0.640351 0.65848 0.639254 0.657713 0.642544 0.655411 0.642544 0.651573 0.640351 0.650038
0 0.594298 0.650038 0.594298 0.651573 0.595395 0.650806
0 0.110746 0.648503 0.110746 0.649271 0.112939 0.649271 0.112939 0.648503
0 0.741228 0.646201 0.742325 0.646969 0.742325 0.647736 0.744518 0.649271 0.745614 0.649271 0.747807 0.650806 0.748904 0.650806 0.743421 0.646969 0.742325 0.646969
0 0.765351 0.643131 0.766447 0.643899 0.766447 0.643131
0 0.128289 0.643131 0.122807 0.646969 0.122807 0.647736 0.125 0.649271 0.126096 0.648503 0.126096 0.646201 0.127193 0.645434 0.130482 0.645434 0.130482 0.643899 0.129386 0.643131
0 0.539474 0.638526 0.539474 0.640061 0.54057 0.640829 0.54057 0.643131 0.541667 0.643899 0.541667 0.645434 0.542763 0.646201 0.542763 0.644666 0.541667 0.643899 0.541667 0.643131 0.54057 0.642364 0.54057 0.639294
0 0.131579 0.638526 0.132675 0.639294 0.132675 0.640061 0.132675 0.638526
0 0.734649 0.637759 0.734649 0.638526 0.735746 0.638526 0.735746 0.637759
0 0.510965 0.630852 0.510965 0.631619 0.509868 0.632387 0.509868 0.636992 0.510965 0.637759 0.510965 0.642364 0.512061 0.643131 0.512061 0.645434 0.513158 0.645434 0.514254 0.644666 0.514254 0.643899 0.515351 0.643131 0.516447 0.643131 0.517544 0.642364 0.519737 0.642364 0.520833 0.641596 0.519737 0.640829 0.519737 0.640061 0.51864 0.639294 0.51864 0.637759 0.517544 0.636992 0.517544 0.636224 0.515351 0.634689 0.515351 0.633922 0.512061 0.631619 0.512061 0.630852
0 0.705044 0.629317 0.703947 0.630084 0.703947 0.631619 0.70614 0.631619 0.70614 0.630084
0 0.559211 0.617038 0.559211 0.618573 0.560307 0.61934 0.561404 0.61934 0.561404 0.617038
0 0.776316 0.61627 0.776316 0.617038 0.779605 0.617038 0.778509 0.617038 0.777412 0.61627
0 0.0657895 0.607828 0.0657895 0.608596 0.066886 0.609363 0.0679825 0.609363 0.0701754 0.610898 0.0712719 0.610898 0.0734649 0.612433 0.0745614 0.612433 0.0756579 0.6132 0.0778509 0.6132 0.0767544 0.612433 0.0745614 0.612433 0.0723684 0.610898 0.0712719 0.610898 0.066886 0.607828
0 0.413377 0.602456 0.413377 0.603223 0.412281 0.603991 0.412281 0.605526 0.413377 0.606293 0.413377 0.608596 0.414474 0.609363 0.414474 0.610898 0.41557 0.611665 0.41557 0.612433 0.417763 0.613968 0.417763 0.61627 0.41886 0.617038 0.41886 0.617805 0.419956 0.618573 0.419956 0.61934 0.422149 0.620875 0.422149 0.621642 0.423246 0.62241 0.423246 0.623177 0.424342 0.623945 0.424342 0.624712 0.425439 0.624712 0.430921 0.62855 0.434211 0.62855 0.435307 0.629317 0.440789 0.629317 0.441886 0.62855 0.441886 0.627015 0.434211 0.621642 0.434211 0.620875 0.433114 0.620107 0.433114 0.61934 0.432018 0.618573 0.432018 0.61627 0.430921 0.615503 0.430921 0.614735 0.429825 0.613968 0.429825 0.6132 0.428728 0.612433 0.428728 0.611665 0.427632 0.610898 0.427632 0.609363 0.425439 0.607828 0.425439 0.607061 0.41886 0.602456
0 0.786184 0.600921 0.786184 0.601688 0.787281 0.602456 0.787281 0.601688
0 0.176535 0.586339 0.176535 0.587107 0.175439 0.587874 0.175439 0.588642 0.174342 0.589409 0.174342 0.590177 0.175439 0.590944 0.176535 0.590944 0.177632 0.591711 0.179825 0.591711 0.182018 0.590177 0.182018 0.587107 0.180921 0.586339
0 0.733553 0.583269 0.732456 0.584037 0.73136 0.584037 0.730263 0.584804 0.730263 0.586339 0.73136 0.587107 0.733553 0.587107 0.733553 0.586339 0.735746 0.584804 0.735746 0.583269
0 0.141447 0.580967 0.141447 0.582502 0.142544 0.582502 0.142544 0.581734
0 0.158991 0.575595 0.158991 0.57713 0.160088 0.577897 0.160088 0.578665 0.161184 0.579432 0.162281 0.579432 0.163377 0.5802 0.166667 0.5802 0.167763 0.579432 0.167763 0.578665 0.164474 0.576362 0.163377 0.576362 0.162281 0.575595
0 0.760965 0.574827 0.760965 0.575595 0.762061 0.575595
0 0.14693 0.547199 0.14693 0.547966 0.148026 0.548734 0.152412 0.548734 0.154605 0.547199 0.153509 0.547199 0.152412 0.547966 0.148026 0.547966
0 0.507675 0.540292 0.505482 0.541827 0.504386 0.541827 0.504386 0.542594 0.501096 0.544896 0.501096 0.545664 0.5 0.546431 0.5 0.547199 0.496711 0.549501 0.496711 0.551804 0.495614 0.552571 0.495614 0.553338 0.494518 0.554106 0.494518 0.558711 0.493421 0.559478 0.493421 0.564083 0.492325 0.56485 0.492325 0.574827 0.494518 0.576362 0.494518 0.578665 0.495614 0.579432 0.496711 0.579432 0.497807 0.5802 0.501096 0.5802 0.502193 0.579432 0.503289 0.5802 0.505482 0.578665 0.506579 0.578665 0.506579 0.577897 0.508772 0.576362 0.509868 0.576362 0.509868 0.575595 0.515351 0.571757 0.515351 0.57099 0.516447 0.570223 0.516447 0.569455 0.517544 0.568688 0.517544 0.554873 0.516447 0.554106 0.516447 0.551804 0.515351 0.551036 0.515351 0.547966 0.514254 0.547199 0.514254 0.546431 0.512061 0.544896 0.512061 0.544129 0.510965 0.543361 0.510965 0.541827 0.509868 0.541827
0 0.741228 0.531082 0.741228 0.532617 0.742325 0.53185
0 0.427632 0.52878 0.427632 0.529547 0.425439 0.531082 0.425439 0.533384 0.424342 0.534152 0.424342 0.540292 0.425439 0.541059 0.425439 0.541827 0.426535 0.542594 0.426535 0.543361 0.427632 0.544129 0.427632 0.544896 0.428728 0.545664 0.428728 0.546431 0.432018 0.548734 0.432018 0.549501 0.433114 0.549501 0.435307 0.551036 0.435307 0.551804 0.436404 0.551804 0.4375 0.552571 0.440789 0.552571 0.442982 0.551036 0.442982 0.548734 0.444079 0.547966 0.444079 0.544129 0.442982 0.543361 0.442982 0.539524 0.441886 0.538757 0.441886 0.537222 0.440789 0.536454 0.440789 0.535687 0.4375 0.533384 0.4375 0.532617 0.433114 0.529547 0.432018 0.529547 0.430921 0.52878
0 0.615132 0.523408 0.614035 0.524175 0.614035 0.524942 0.612939 0.52571 0.612939 0.526477 0.611842 0.527245 0.611842 0.52878 0.610746 0.529547 0.610746 0.534919 0.611842 0.535687 0.611842 0.536454 0.614035 0.537989 0.618421 0.537989 0.619518 0.537222 0.619518 0.53185 0.618421 0.531082 0.618421 0.527245 0.617325 0.526477 0.617325 0.524942
0 0.703947 0.52264 0.705044 0.523408 0.705044 0.524175 0.703947 0.524942 0.707237 0.524942 0.707237 0.524175 0.705044 0.52264
0 0.153509 0.515733 0.153509 0.517268 0.154605 0.517268 0.155702 0.518035 0.157895 0.518035 0.157895 0.517268 0.155702 0.515733
0 0.717105 0.512663 0.717105 0.514198 0.718202 0.514965 0.720395 0.514965 0.721491 0.514198 0.719298 0.512663
0 0.416667 0.511896 0.41557 0.512663 0.414474 0.512663 0.412281 0.514198 0.412281 0.517268 0.41557 0.517268 0.416667 0.5165 0.419956 0.5165 0.421053 0.515733 0.421053 0.514965
0 0.450658 0.508826 0.450658 0.510361 0.451754 0.510361 0.451754 0.508826
0 0.622807 0.500384 0.623904 0.501151 0.627193 0.501151 0.627193 0.500384
0 0.648026 0.498081 0.64693 0.498849 0.645833 0.498849 0.64364 0.500384 0.642544 0.499616 0.642544 0.498849 0.639254 0.498849 0.639254 0.500384 0.652412 0.500384 0.652412 0.498849 0.651316 0.498849 0.650219 0.498081
0 0.674342 0.488104 0.673246 0.488872 0.672149 0.488872 0.672149 0.489639 0.669956 0.491174 0.669956 0.492709 0.66886 0.493477 0.66886 0.495012 0.666667 0.496546 0.66557 0.496546 0.664474 0.497314 0.663377 0.497314 0.661184 0.498849 0.661184 0.499616 0.660088 0.500384 0.661184 0.501151 0.662281 0.501151 0.663377 0.501919 0.66557 0.501919 0.667763 0.500384 0.667763 0.499616 0.675439 0.494244 0.675439 0.491174 0.676535 0.490407 0.676535 0.488872 0.675439 0.488104
0 0.156798 0.488104 0.157895 0.488872 0.158991 0.488104
0 0.803728 0.485802 0.803728 0.486569 0.804825 0.486569
0 0.678728 0.482732 0.675439 0.485035 0.675439 0.486569 0.677632 0.486569 0.679825 0.485035 0.680921 0.485035 0.680921 0.484267
0 0.630482 0.481965 0.630482 0.482732 0.631579 0.4835 0.634868 0.4835 0.635965 0.484267 0.639254 0.484267 0.639254 0.4835 0.638158 0.4835 0.637061 0.482732 0.631579 0.482732
0 0.133772 0.481197 0.133772 0.482732 0.134868 0.4835 0.137061 0.4835 0.138158 0.484267 0.138158 0.482732 0.137061 0.481965 0.135965 0.481965 0.134868 0.481197
0 0.446272 0.47736 0.446272 0.479662 0.447368 0.48043 0.447368 0.481965 0.448465 0.481965 0.448465 0.48043 0.447368 0.479662 0.447368 0.478895 0.446272 0.478127
0 0.115132 0.475058 0.115132 0.475825 0.114035 0.476592 0.111842 0.476592 0.110746 0.47736 0.109649 0.47736 0.118421 0.47736 0.119518 0.478127 0.123904 0.478127 0.122807 0.47736 0.121711 0.47736 0.120614 0.476592 0.119518 0.476592 0.118421 0.475825 0.116228 0.475825
0 0.664474 0.471988 0.66557 0.472755 0.666667 0.472755 0.66557 0.471988
0 0.185307 0.462778 0.184211 0.463546 0.184211 0.465081 0.185307 0.465848 0.185307 0.466616 0.186404 0.467383 0.186404 0.46815 0.1875 0.468918 0.188596 0.468918 0.189693 0.469685 0.190789 0.469685 0.191886 0.470453 0.192982 0.470453 0.194079 0.469685 0.195175 0.470453 0.196272 0.470453 0.196272 0.467383 0.195175 0.466616 0.195175 0.465848 0.191886 0.463546 0.190789 0.463546 0.189693 0.462778
0 0.163377 0.460476 0.163377 0.461243 0.164474 0.461243 0.16557 0.462011 0.169956 0.462011 0.16886 0.462011 0.167763 0.461243 0.16557 0.461243 0.164474 0.460476
0 0.179825 0.453569 0.178728 0.454336 0.177632 0.454336 0.177632 0.455104 0.176535 0.455871 0.176535 0.457406 0.178728 0.458941 0.179825 0.458941 0.183114 0.456639 0.183114 0.455104 0.180921 0.453569
0 0.387061 0.452801 0.387061 0.454336 0.389254 0.454336 0.389254 0.452801
0 0.561404 0.448196 0.561404 0.448964 0.5625 0.448964 0.5625 0.448196
0 0.176535 0.441289 0.176535 0.442824 0.175439 0.443592 0.175439 0.444359 0.172149 0.446662 0.169956 0.446662 0.16886 0.445894 0.167763 0.445894 0.166667 0.446662 0.167763 0.447429 0.172149 0.447429 0.173246 0.448196 0.176535 0.448196 0.177632 0.447429 0.177632 0.445127 0.176535 0.444359 0.176535 0.443592 0.177632 0.442824 0.177632 0.441289
0 0.489035 0.440522 0.489035 0.441289 0.487939 0.442057 0.487939 0.445127 0.489035 0.445894 0.489035 0.449731 0.490132 0.450499 0.490132 0.452034 0.491228 0.452801 0.491228 0.455104 0.492325 0.455871 0.492325 0.456639 0.493421 0.457406 0.493421 0.458941 0.496711 0.461243 0.496711 0.462011 0.498904 0.463546 0.498904 0.464313 0.5 0.465081 0.5 0.465848 0.501096 0.466616 0.501096 0.467383 0.502193 0.46815 0.502193 0.468918 0.503289 0.469685 0.503289 0.470453 0.504386 0.47122 0.504386 0.472755 0.505482 0.473523 0.505482 0.475058 0.508772 0.475058 0.509868 0.475825 0.510965 0.475825 0.513158 0.47429 0.513158 0.473523 0.514254 0.472755 0.514254 0.471988 0.515351 0.47122 0.515351 0.467383 0.514254 0.466616 0.514254 0.463546 0.513158 0.462778 0.513158 0.460476 0.512061 0.459708 0.512061 0.458173 0.509868 0.456639 0.509868 0.455104 0.507675 0.453569 0.507675 0.452801 0.505482 0.451266 0.505482 0.450499 0.504386 0.449731 0.504386 0.448964 0.5 0.445894 0.5 0.445127 0.498904 0.444359 0.498904 0.443592 0.494518 0.440522
0 0.351974 0.418266 0.351974 0.419033 0.35307 0.419033 0.35307 0.418266
0 0.610746 0.416731 0.610746 0.418266 0.611842 0.418266 0.611842 0.416731
0 0.16557 0.412893 0.16557 0.413661 0.166667 0.413661 0.167763 0.414428 0.167763 0.415196 0.16886 0.415196 0.169956 0.415963 0.171053 0.415963 0.167763 0.413661 0.166667 0.413661
0 0.245614 0.403684 0.246711 0.404451 0.245614 0.405219 0.244518 0.405219 0.243421 0.405986 0.244518 0.406754 0.244518 0.407521 0.245614 0.407521 0.246711 0.408289 0.248904 0.408289 0.25 0.407521 0.25 0.405219 0.247807 0.403684
0 0.258772 0.397544 0.258772 0.398312 0.257675 0.399079 0.258772 0.399847 0.258772 0.401381 0.262061 0.403684 0.262061 0.408289 0.260965 0.409056 0.259868 0.409056 0.257675 0.410591 0.257675 0.412893 0.258772 0.412893 0.262061 0.415196 0.263158 0.415196 0.265351 0.416731 0.265351 0.417498 0.266447 0.418266 0.266447 0.4198 0.267544 0.420568 0.267544 0.424405 0.26864 0.425173 0.26864 0.42594 0.270833 0.427475 0.27193 0.427475 0.274123 0.42901 0.275219 0.42901 0.276316 0.429777 0.278509 0.428243 0.278509 0.427475 0.279605 0.426708 0.279605 0.423638 0.280702 0.42287 0.280702 0.419033 0.279605 0.418266 0.279605 0.417498 0.276316 0.415196 0.276316 0.414428 0.274123 0.412893 0.274123 0.412126 0.273026 0.411358 0.273026 0.410591 0.27193 0.409823 0.27193 0.409056 0.270833 0.408289 0.270833 0.407521 0.269737 0.406754 0.269737 0.405219 0.26864 0.404451 0.26864 0.403684 0.267544 0.402916 0.267544 0.401381 0.265351 0.399847 0.265351 0.399079 0.263158 0.397544
0 0.213816 0.386032 0.211623 0.387567 0.212719 0.388335 0.213816 0.387567
0 0.4375 0.379125 0.4375 0.381427 0.446272 0.387567 0.447368 0.387567 0.448465 0.3868 0.448465 0.385265 0.447368 0.385265 0.439693 0.379893 0.438596 0.379893
0 0.76864 0.37452 0.769737 0.375288 0.770833 0.375288 0.769737 0.37452
0 0.201754 0.37145 0.201754 0.372218 0.202851 0.372985 0.202851 0.373753 0.203947 0.37452 0.203947 0.375288 0.208333 0.378358 0.207237 0.37759 0.207237 0.376823 0.205044 0.375288 0.205044 0.37452 0.203947 0.37452 0.202851 0.373753 0.202851 0.372218
0 0.164474 0.369916 0.16557 0.370683 0.16557 0.369916
0 0.25 0.367613 0.25 0.368381 0.248904 0.369148 0.247807 0.369148 0.247807 0.369916 0.248904 0.370683 0.248904 0.37145 0.25 0.372218 0.251096 0.372218 0.252193 0.372985 0.254386 0.372985 0.255482 0.373753 0.258772 0.373753 0.257675 0.372985 0.257675 0.37145 0.256579 0.370683 0.256579 0.369916 0.254386 0.368381 0.253289 0.368381 0.252193 0.367613
0 0.416667 0.365311 0.416667 0.366078 0.417763 0.366846 0.417763 0.367613 0.41886 0.366846 0.41886 0.366078 0.417763 0.365311
0 0.542763 0.340752 0.542763 0.34152 0.54057 0.343054 0.54057 0.347659 0.539474 0.348427 0.54057 0.349194 0.539474 0.349962 0.539474 0.352264 0.538377 0.353031 0.538377 0.353799 0.535088 0.356101 0.533991 0.356101 0.532895 0.356869 0.531798 0.356101 0.530702 0.356101 0.528509 0.354566 0.527412 0.354566 0.526316 0.355334 0.526316 0.356101 0.525219 0.356869 0.525219 0.358404 0.520833 0.361474 0.520833 0.363776 0.51864 0.365311 0.51864 0.37145 0.519737 0.37145 0.520833 0.372218 0.520833 0.372985 0.523026 0.37452 0.523026 0.375288 0.524123 0.376055 0.524123 0.381427 0.523026 0.382195 0.523026 0.38373 0.52193 0.384497 0.52193 0.385265 0.520833 0.386032 0.520833 0.3868 0.519737 0.387567 0.519737 0.388335 0.517544 0.38987 0.517544 0.396009 0.516447 0.396777 0.516447 0.398312 0.510965 0.402149 0.510965 0.402916 0.507675 0.405219 0.507675 0.407521 0.506579 0.408289 0.506579 0.409056 0.505482 0.409823 0.505482 0.411358 0.506579 0.412126 0.506579 0.414428 0.507675 0.415196 0.507675 0.415963 0.509868 0.417498 0.509868 0.418266 0.512061 0.4198 0.514254 0.4198 0.516447 0.421335 0.517544 0.421335 0.51864 0.422103 0.519737 0.422103 0.519737 0.421335 0.523026 0.419033 0.523026 0.418266 0.524123 0.417498 0.524123 0.416731 0.525219 0.415963 0.525219 0.414428 0.526316 0.413661 0.526316 0.412893 0.528509 0.411358 0.528509 0.410591 0.529605 0.409823 0.530702 0.409823 0.530702 0.409056 0.533991 0.406754 0.535088 0.406754 0.536184 0.405986 0.537281 0.405986 0.538377 0.405219 0.539474 0.405219 0.54057 0.404451 0.54057 0.397544 0.541667 0.396777 0.541667 0.393707 0.542763 0.392939 0.542763 0.390637 0.54386 0.38987 0.54386 0.389102 0.544956 0.388335 0.544956 0.379125 0.546053 0.378358 0.546053 0.37452 0.544956 0.373753 0.544956 0.369148 0.54386 0.368381 0.544956 0.367613 0.544956 0.365311 0.546053 0.364543 0.546053 0.363776 0.547149 0.363008 0.547149 0.362241 0.549342 0.360706 0.549342 0.359939 0.550439 0.359171 0.549342 0.358404 0.549342 0.357636 0.550439 0.356869 0.550439 0.355334 0.551535 0.354566 0.551535 0.353799 0.553728 0.352264 0.553728 0.351497 0.548246 0.347659 0.548246 0.344589 0.547149 0.343822 0.547149 0.342287 0.544956 0.340752
0 0.398026 0.33845 0.398026 0.339985 0.399123 0.340752 0.399123 0.34152 0.400219 0.342287 0.400219 0.343822 0.401316 0.344589 0.401316 0.347659 0.402412 0.348427 0.403509 0.348427 0.403509 0.344589 0.400219 0.342287 0.400219 0.34152 0.399123 0.340752 0.399123 0.339985 0.398026 0.339217
0 0.202851 0.336915 0.202851 0.33845 0.203947 0.33845 0.205044 0.337682 0.203947 0.336915
0 0.476974 0.33538 0.476974 0.337682 0.47807 0.33845 0.47807 0.340752 0.479167 0.34152 0.479167 0.342287 0.48136 0.343822 0.483553 0.343822 0.483553 0.340752 0.482456 0.339985 0.482456 0.33845 0.47807 0.33538
0 0.696272 0.321566 0.695175 0.322333 0.694079 0.322333 0.692982 0.323101 0.692982 0.325403 0.696272 0.327705 0.696272 0.328473 0.697368 0.328473 0.698465 0.32924 0.701754 0.32924 0.702851 0.328473 0.702851 0.324635 0.698465 0.321566
0 0.570175 0.320031 0.570175 0.321566 0.569079 0.322333 0.569079 0.325403 0.567982 0.32617 0.567982 0.328473 0.566886 0.32924 0.566886 0.33231 0.565789 0.333078 0.565789 0.336915 0.564693 0.337682 0.564693 0.33845 0.565789 0.339217 0.565789 0.34152 0.566886 0.342287 0.566886 0.346124 0.567982 0.346892 0.567982 0.349962 0.569079 0.350729 0.569079 0.351497 0.571272 0.353031 0.571272 0.351497 0.570175 0.350729 0.570175 0.349962 0.569079 0.349194 0.569079 0.347659 0.570175 0.346892 0.570175 0.346124 0.571272 0.345357 0.571272 0.343054 0.572368 0.342287 0.572368 0.339217 0.573465 0.33845 0.573465 0.330775 0.574561 0.330008 0.573465 0.32924 0.573465 0.326938 0.575658 0.325403 0.576754 0.325403 0.577851 0.324635 0.577851 0.321566 0.576754 0.320798 0.574561 0.320798 0.573465 0.321566 0.572368 0.321566
0 0.546053 0.317728 0.546053 0.322333 0.544956 0.323101 0.544956 0.323868 0.54386 0.324635 0.54386 0.325403 0.542763 0.32617 0.542763 0.326938 0.541667 0.327705 0.541667 0.330008 0.539474 0.331543 0.539474 0.33231 0.54057 0.33231 0.54386 0.330008 0.54386 0.327705 0.544956 0.326938 0.544956 0.32617 0.546053 0.325403 0.546053 0.323868 0.547149 0.323101 0.547149 0.318496
0 0.281798 0.316193 0.283991 0.317728 0.283991 0.316961 0.282895 0.316193
0 0.211623 0.312356 0.211623 0.313124 0.212719 0.313891 0.212719 0.314658 0.217105 0.317728 0.217105 0.316961 0.212719 0.313891 0.212719 0.313124
0 0.758772 0.309286 0.758772 0.310054 0.759868 0.310054
0 0.754386 0.303147 0.754386 0.304682 0.755482 0.305449 0.756579 0.305449 0.756579 0.304682 0.755482 0.303914 0.755482 0.303147
0 0.351974 0.302379 0.351974 0.303147 0.35307 0.303914 0.35307 0.304682 0.354167 0.305449 0.355263 0.305449 0.355263 0.304682 0.35307 0.303147 0.35307 0.302379
0 0.589912 0.300844 0.587719 0.302379 0.587719 0.303914 0.589912 0.305449 0.589912 0.306216 0.592105 0.307751 0.594298 0.307751 0.594298 0.306984 0.595395 0.306216 0.595395 0.302379 0.593202 0.300844
0 0.326754 0.295472 0.327851 0.296239 0.327851 0.297007 0.328947 0.297774 0.328947 0.298542 0.332237 0.300844 0.33443 0.300844 0.332237 0.299309 0.332237 0.298542 0.327851 0.295472
0 0.564693 0.293937 0.564693 0.297774 0.565789 0.297774 0.566886 0.297007 0.565789 0.296239 0.565789 0.294705
0 0.5 0.290867 0.498904 0.291635 0.5 0.291635
0 0.645833 0.289332 0.642544 0.291635 0.641447 0.291635 0.639254 0.29317 0.638158 0.29317 0.635965 0.294705 0.635965 0.295472 0.633772 0.297007 0.631579 0.297007 0.629386 0.298542 0.627193 0.298542 0.623904 0.300844 0.622807 0.300844 0.621711 0.301612 0.620614 0.301612 0.619518 0.302379 0.617325 0.302379 0.617325 0.303914 0.618421 0.304682 0.618421 0.305449 0.619518 0.306216 0.622807 0.306216 0.623904 0.305449 0.626096 0.305449 0.627193 0.304682 0.628289 0.304682 0.630482 0.303147 0.631579 0.303147 0.633772 0.301612 0.635965 0.301612 0.638158 0.300077 0.639254 0.300077 0.64364 0.297007 0.644737 0.297007 0.644737 0.295472 0.64693 0.293937 0.64693 0.29317 0.648026 0.292402 0.648026 0.290867
0 0.756579 0.267076 0.756579 0.267843 0.757675 0.267076
0 0.372807 0.263239 0.370614 0.264774 0.369518 0.264774 0.368421 0.264006 0.368421 0.264774 0.369518 0.265541 0.370614 0.265541 0.371711 0.266309 0.372807 0.265541 0.373904 0.265541 0.375 0.264774 0.375 0.264006 0.373904 0.263239
0 0.498904 0.259401 0.497807 0.260169 0.497807 0.260936 0.498904 0.260936
0 0.460526 0.250959 0.45943 0.251727 0.460526 0.251727
0 0.758772 0.250192 0.756579 0.251727 0.757675 0.252494 0.759868 0.250959 0.759868 0.250192
0 0.361842 0.250192 0.360746 0.250959 0.361842 0.251727 0.361842 0.254797 0.362939 0.255564 0.362939 0.257866 0.364035 0.258634 0.364035 0.259401 0.365132 0.260169 0.365132 0.259401 0.364035 0.258634 0.364035 0.257099 0.362939 0.256332 0.362939 0.253262 0.361842 0.252494
0 0.422149 0.244052 0.419956 0.245587 0.419956 0.247889 0.421053 0.248657 0.421053 0.249424 0.422149 0.250192 0.422149 0.252494 0.424342 0.254029 0.424342 0.259401 0.425439 0.259401 0.426535 0.260169 0.426535 0.260936 0.425439 0.261704 0.425439 0.262471 0.424342 0.263239 0.424342 0.264774 0.425439 0.265541 0.425439 0.267076 0.426535 0.267843 0.424342 0.269378 0.423246 0.269378 0.419956 0.267076 0.419956 0.269378 0.424342 0.272448 0.425439 0.271681 0.426535 0.272448 0.426535 0.273216 0.427632 0.273983 0.427632 0.276285 0.429825 0.276285 0.432018 0.27782 0.435307 0.27782 0.436404 0.277053 0.433114 0.274751 0.433114 0.273983 0.432018 0.273216 0.432018 0.260936 0.429825 0.259401 0.429825 0.255564 0.428728 0.255564 0.427632 0.254797 0.426535 0.254797 0.424342 0.253262 0.424342 0.247889 0.425439 0.247122 0.424342 0.246355 0.424342 0.24482 0.423246 0.24482
0 0.533991 0.23868 0.533991 0.239447 0.532895 0.240215 0.532895 0.24175 0.533991 0.240982
0 0.417763 0.233308 0.417763 0.234843 0.416667 0.23561 0.416667 0.236378 0.414474 0.237913 0.414474 0.240982 0.41557 0.24175 0.41557 0.242517 0.417763 0.242517 0.417763 0.24175 0.41886 0.240982 0.41886 0.240215 0.419956 0.239447 0.41886 0.23868 0.41886 0.237913 0.417763 0.237145
0 0.311404 0.230238 0.3125 0.230238 0.313596 0.231005 0.314693 0.231005 0.314693 0.230238
0 0.41886 0.22947 0.41886 0.230238 0.417763 0.231005 0.41886 0.231005
0 0.391447 0.227936 0.391447 0.22947 0.39364 0.22947 0.39364 0.228703 0.392544 0.227936
0 0.742325 0.218726 0.740132 0.220261 0.740132 0.221028 0.743421 0.218726
0 0.705044 0.217191 0.705044 0.217959 0.70614 0.218726 0.70614 0.217959
0 0.317982 0.213354 0.319079 0.213354 0.321272 0.214889 0.322368 0.214889 0.323465 0.215656 0.324561 0.215656 0.321272 0.213354
0 0.542763 0.210284 0.542763 0.211051 0.54386 0.211051 0.54386 0.210284
0 0.383772 0.207982 0.383772 0.208749 0.384868 0.209517 0.384868 0.210284 0.385965 0.211051 0.385965 0.211819 0.387061 0.212586 0.387061 0.214889 0.388158 0.215656 0.388158 0.217191 0.389254 0.217959 0.389254 0.216424 0.388158 0.215656 0.388158 0.213354 0.387061 0.212586 0.387061 0.211051 0.385965 0.210284 0.385965 0.209517
0 0.509868 0.188028 0.512061 0.189563 0.513158 0.189563 0.512061 0.188795 0.512061 0.188028
0 0.712719 0.183423 0.712719 0.18419 0.713816 0.183423
0 0.417763 0.181888 0.417763 0.182655 0.41886 0.183423 0.41886 0.185725 0.419956 0.186493 0.419956 0.188795 0.421053 0.189563 0.421053 0.19033 0.422149 0.191097 0.422149 0.191865 0.423246 0.192632 0.424342 0.192632 0.423246 0.191865 0.423246 0.191097 0.422149 0.19033 0.422149 0.188028 0.421053 0.18726 0.421053 0.186493 0.419956 0.185725 0.419956 0.184958 0.41886 0.18419 0.41886 0.183423 0.417763 0.182655
0 0.622807 0.166539 0.623904 0.167306 0.623904 0.168841 0.625 0.168841 0.625 0.168074 0.623904 0.167306 0.623904 0.166539
0 0.555921 0.160399 0.554825 0.161167 0.554825 0.161934 0.553728 0.162701 0.553728 0.167306 0.554825 0.167306 0.554825 0.166539 0.553728 0.165771 0.555921 0.164236
0 0.523026 0.158097 0.524123 0.158864 0.524123 0.158097
0 0.407895 0.151957 0.407895 0.154259 0.407895 0.153492 0.408991 0.152724
0 0.440789 0.14812 0.440789 0.148887 0.439693 0.149655 0.439693 0.153492 0.438596 0.154259 0.438596 0.156562 0.439693 0.157329 0.439693 0.159632 0.440789 0.160399 0.440789 0.161934 0.438596 0.163469 0.438596 0.164236 0.4375 0.165004 0.4375 0.165771 0.434211 0.168074 0.434211 0.168841 0.433114 0.169609 0.433114 0.170376 0.432018 0.171144 0.430921 0.171144 0.429825 0.171911 0.428728 0.171911 0.427632 0.172678 0.426535 0.172678 0.426535 0.180353 0.427632 0.18112 0.427632 0.181888 0.428728 0.182655 0.428728 0.183423 0.429825 0.18419 0.429825 0.185725 0.430921 0.186493 0.430921 0.189563 0.432018 0.189563 0.432018 0.188795 0.433114 0.188028 0.433114 0.186493 0.432018 0.185725 0.432018 0.18419 0.429825 0.182655 0.429825 0.181888 0.427632 0.180353 0.427632 0.175748 0.428728 0.174981 0.428728 0.174213 0.429825 0.173446 0.432018 0.173446 0.432018 0.172678 0.436404 0.169609 0.436404 0.168841 0.438596 0.167306 0.438596 0.166539 0.439693 0.165771 0.439693 0.165004 0.440789 0.164236 0.440789 0.163469 0.441886 0.162701 0.441886 0.155794 0.440789 0.155027 0.441886 0.154259 0.441886 0.150422 0.444079 0.148887 0.444079 0.14812
0 0.672149 0.140445 0.672149 0.14198 0.673246 0.14198 0.673246 0.140445
0 0.663377 0.134305 0.663377 0.135073 0.66557 0.136608 0.66557 0.137375 0.666667 0.138143 0.667763 0.137375 0.666667 0.136608 0.666667 0.13584 0.664474 0.134305
0 0.5625 0.128166 0.563596 0.128933 0.563596 0.130468 0.563596 0.128166
0 0.660088 0.111282 0.657895 0.112817 0.657895 0.113584 0.655702 0.115119 0.655702 0.115886 0.654605 0.116654 0.655702 0.117421 0.660088 0.114351 0.660088 0.113584 0.662281 0.112049 0.661184 0.111282
0 0.552632 0.108979 0.551535 0.109747 0.551535 0.110514 0.552632 0.111282 0.552632 0.112817
0 0.616228 0.0966999 0.616228 0.0990023 0.618421 0.0990023 0.618421 0.0974674 0.617325 0.0966999
0 0.639254 0.0721412 0.639254 0.0729087 0.640351 0.0721412
